   0.0000000E+00   1.9349778E+08   3.1909318E+08   5.1189781E+08   2.1425015E-04   2.0461447E-05   9.4182969E-05
   5.0000000E-02   1.1064515E+07   1.0202850E+07   2.1258389E+07   9.4064799E-04   8.7475273E-05   5.0723286E-04
   1.0000000E-01   8.5462703E+06   5.9833028E+06   1.4521615E+07   3.7564759E-04   2.1954742E-04   2.9672429E-04
   1.5000000E-01   7.0890158E+06   4.1966400E+06   1.1276955E+07   3.3439608E-04   1.7775069E-04   2.4893407E-04
   2.0000000E-01   6.0164547E+06   3.1539894E+06   9.1630753E+06   2.9895024E-04   1.9273026E-04   2.5590925E-04
   2.5000000E-01   5.1808499E+06   2.4759671E+06   7.6506927E+06   3.9035344E-04   2.0803896E-04   3.2815387E-04
   3.0000000E-01   4.4744715E+06   1.9996015E+06   6.4691922E+06   1.9554712E-04   3.8544565E-04   1.9658710E-04
   3.5000000E-01   3.8821256E+06   1.6421243E+06   5.5199663E+06   3.6656184E-04   1.7740927E-04   3.0075769E-04
   4.0000000E-01   3.3736789E+06   1.3648810E+06   4.7347004E+06   4.2060485E-04   1.2053501E-04   3.2139112E-04
   4.5000000E-01   2.9476203E+06   1.1531660E+06   4.0976810E+06   6.3010751E-04   5.7246261E-04   6.0912720E-04
   5.0000000E-01   2.5754962E+06   9.7038042E+05   3.5439604E+06   4.2036815E-04   6.9888223E-04   4.9102885E-04
   5.5000000E-01   2.2388876E+06   8.2566112E+05   3.0624247E+06   5.0677956E-04   4.7477647E-04   4.0183139E-04
   6.0000000E-01   1.9497860E+06   7.0839865E+05   2.6563013E+06   7.9009492E-04   1.0333825E-03   8.4679601E-04
   6.5000000E-01   1.6916554E+06   6.0068503E+05   2.2911505E+06   1.0530486E-03   5.2423687E-04   9.0857687E-04
   7.0000000E-01   1.4598783E+06   5.0910028E+05   1.9677599E+06   2.0000882E-03   1.1025315E-03   1.7655970E-03
   7.5000000E-01   1.2531690E+06   4.3137356E+05   1.6836216E+06   2.1830470E-03   1.4830590E-03   1.9941095E-03
   8.0000000E-01   1.0571230E+06   3.6056552E+05   1.4170400E+06   3.1043307E-03   2.2715608E-03   2.8756443E-03
   8.5000000E-01   8.7616856E+05   2.9577355E+05   1.1714440E+06   3.2922847E-03   2.6511537E-03   3.1311548E-03
   9.0000000E-01   7.0309702E+05   2.3618240E+05   9.3902831E+05   5.3028181E-03   3.8400505E-03   4.9367553E-03
   9.5000000E-01   5.2001448E+05   1.7282216E+05   6.9263561E+05   7.2872307E-03   5.4908200E-03   6.8347011E-03
   1.0000000E+00   3.2178693E+05   1.0702129E+05   4.2875792E+05   1.3845449E-02   9.9960864E-03   1.2888576E-02
