   0.0000000E+00   1.1080749E+07   7.3305341E+08   7.4263479E+08   4.5848416E-03   1.2627448E-06   6.9105198E-05
   5.0000000E-02   6.6517854E+06   3.7132376E+07   4.3718017E+07   3.4890758E-03   1.2807729E-05   5.3730100E-04
   1.0000000E-01   5.0123303E+06   1.3110134E+07   1.8096013E+07   3.5939696E-03   2.1923400E-05   1.0107358E-03
   1.5000000E-01   4.0586208E+06   5.7499922E+06   9.7959443E+06   3.7352059E-03   2.3849367E-05   1.5599837E-03
   2.0000000E-01   3.5245499E+06   2.8776487E+06   6.3947024E+06   2.8391926E-03   3.9556261E-05   1.5808980E-03
   2.5000000E-01   3.1859255E+06   1.5955092E+06   4.7763672E+06   2.8386808E-03   4.7411158E-05   1.9045888E-03
   3.0000000E-01   2.9772054E+06   9.5074919E+05   3.9238484E+06   2.2813919E-03   4.8272561E-05   1.7360078E-03
   3.5000000E-01   2.8461269E+06   5.9282033E+05   3.4352549E+06   1.6634901E-03   9.7872391E-05   1.3842549E-03
   4.0000000E-01   2.7501178E+06   3.7759510E+05   3.1240842E+06   1.6511527E-03   8.5055052E-05   1.4629394E-03
   4.5000000E-01   2.7032432E+06   2.4359195E+05   2.9435884E+06   1.1889127E-03   1.5017827E-04   1.1031084E-03
   5.0000000E-01   2.6597465E+06   1.5917404E+05   2.8163358E+06   8.4158894E-04   2.6448453E-04   8.1243087E-04
   5.5000000E-01   2.6443738E+06   1.0298193E+05   2.7437676E+06   6.6745400E-04   1.1685140E-04   6.4625750E-04
   6.0000000E-01   2.6283325E+06   6.5163339E+04   2.6900262E+06   4.8285857E-04   1.7935630E-04   4.7540142E-04
   6.5000000E-01   2.6180254E+06   4.2046287E+04   2.6568200E+06   3.6926190E-04   4.5573549E-04   3.7200873E-04
   7.0000000E-01   2.5654731E+06   2.6433362E+04   2.5881049E+06   2.4311669E-04   3.4021700E-04   2.4384862E-04
   7.5000000E-01   2.4037150E+06   1.7006236E+04   2.4173896E+06   1.5954872E-04   3.5881114E-04   1.6219502E-04
   8.0000000E-01   2.0661415E+06   9.9432051E+03   2.0730090E+06   1.1684594E-04   7.4368597E-04   1.2019928E-04
   8.5000000E-01   1.5380472E+06   5.7033642E+03   1.5419568E+06   1.0391758E-04   7.2810614E-04   1.0686840E-04
   9.0000000E-01   9.4636359E+05   2.7551489E+03   9.4864127E+05   1.3817123E-04   2.8701494E-03   1.4612953E-04
   9.5000000E-01   4.4594880E+05   1.0655005E+03   4.4685347E+05   1.1733011E-04   5.0497195E-03   1.2749445E-04
   1.0000000E+00   1.5036173E+05   3.2695534E+02   1.5068240E+05   1.3478941E-04   7.5073436E-06   1.3451815E-04
