   0.0000000E+00   3.8343354E+07   2.2042323E+07   6.0380584E+07   1.6776960E-02   1.3408036E-03   1.1010435E-02
   5.0000000E-02   1.9109607E+07   9.8225975E+06   2.8925010E+07   3.6868088E-03   1.5195022E-03   2.9105207E-03
   1.0000000E-01   1.1294240E+07   5.6650247E+06   1.6953376E+07   1.0010122E-03   4.6356522E-04   8.0784586E-04
   1.5000000E-01   8.0305128E+06   4.0181318E+06   1.2044570E+07   3.2429044E-04   1.0359319E-03   5.5034020E-04
   2.0000000E-01   6.2531977E+06   3.1336017E+06   9.3834890E+06   7.0772277E-04   9.0868372E-04   7.6392112E-04
   2.5000000E-01   5.1002411E+06   2.5566777E+06   7.6542832E+06   6.2196316E-04   3.2815399E-04   5.1163678E-04
   3.0000000E-01   4.3002392E+06   2.1426181E+06   6.4404913E+06   2.9689251E-04   5.3528968E-04   3.6649888E-04
   3.5000000E-01   3.6933769E+06   1.8373665E+06   5.5288790E+06   4.2307650E-04   5.0469696E-04   4.4592240E-04
   4.0000000E-01   3.2133383E+06   1.6045046E+06   4.8162673E+06   5.3358817E-04   3.4766277E-04   4.7205598E-04
   4.5000000E-01   2.8151256E+06   1.4085212E+06   4.2224160E+06   4.6136386E-04   5.5090038E-04   4.4313578E-04
   5.0000000E-01   2.4906921E+06   1.2466543E+06   3.7361878E+06   6.3552121E-04   7.0949637E-04   6.1076423E-04
   5.5000000E-01   2.2054129E+06   1.1045411E+06   3.3089354E+06   8.9687282E-04   5.9072399E-04   7.6202550E-04
   6.0000000E-01   1.9583061E+06   9.7845276E+05   2.9357456E+06   6.2142715E-04   4.3523993E-04   5.5683307E-04
   6.5000000E-01   1.7383540E+06   8.6775193E+05   2.6052783E+06   8.5541081E-04   4.5803616E-04   7.2221888E-04
   7.0000000E-01   1.5355451E+06   7.6563077E+05   2.3002891E+06   1.0437304E-03   1.0560035E-03   1.0415853E-03
   7.5000000E-01   1.3415658E+06   6.6848471E+05   2.0094564E+06   1.1202792E-03   3.9325314E-04   8.7913774E-04
   8.0000000E-01   1.1493732E+06   5.7894600E+05   1.7278179E+06   2.0635500E-03   2.0348244E-03   2.0521268E-03
   8.5000000E-01   9.6738119E+05   4.8504435E+05   1.4521110E+06   2.3459516E-03   2.8445600E-03   2.5065764E-03
   9.0000000E-01   7.8018814E+05   3.8853966E+05   1.1685191E+06   3.0224279E-03   2.3272645E-03   2.7527988E-03
   9.5000000E-01   5.6520444E+05   2.8303780E+05   8.4811491E+05   5.2561411E-03   4.2119915E-03   4.8663097E-03
   1.0000000E+00   3.3675142E+05   1.6857063E+05   5.0529061E+05   1.0871558E-02   7.7782247E-03   9.8357703E-03
