   0.0000000E+00   9.1201334E+08   6.9416409E+08   1.5871486E+09   6.5969796E-03   1.6124884E-03   4.4464092E-03
   5.0000000E-02   1.8890228E+07   7.5158057E+06   2.6366563E+07   1.2676460E-01   5.8918591E-02   1.0743224E-01
   1.0000000E-01   9.8593304E+06   3.9116465E+06   1.3750573E+07   1.1859478E-01   5.7343108E-02   1.0121848E-01
   1.5000000E-01   6.7138346E+06   2.6755856E+06   9.3750113E+06   1.1391898E-01   5.6150474E-02   9.7494110E-02
   2.0000000E-01   5.0466441E+06   2.0175754E+06   7.0537630E+06   1.1118998E-01   5.5232080E-02   9.5231803E-02
   2.5000000E-01   4.0239845E+06   1.6099605E+06   5.6248795E+06   1.1022968E-01   5.6104277E-02   9.4786263E-02
   3.0000000E-01   3.3189111E+06   1.3317555E+06   4.6436001E+06   1.0997304E-01   5.6427957E-02   9.4656411E-02
   3.5000000E-01   2.7911321E+06   1.1226972E+06   3.9076540E+06   1.1078174E-01   5.8194846E-02   9.5715066E-02
   4.0000000E-01   2.3788889E+06   9.5885283E+05   3.3326806E+06   1.1192882E-01   5.8996086E-02   9.6719901E-02
   4.5000000E-01   2.0542093E+06   8.3430436E+05   2.8844110E+06   1.1400942E-01   6.0855890E-02   9.8680327E-02
   5.0000000E-01   1.7832993E+06   7.2321916E+05   2.5036091E+06   1.1667730E-01   6.4032800E-02   1.0150160E-01
   5.5000000E-01   1.5564254E+06   6.3128953E+05   2.1851221E+06   1.1967810E-01   6.6772163E-02   1.0442343E-01
   6.0000000E-01   1.3524934E+06   5.5412977E+05   1.9042465E+06   1.2364352E-01   7.0215070E-02   1.0811388E-01
   6.5000000E-01   1.1782069E+06   4.8137759E+05   1.6575767E+06   1.2943611E-01   7.3517777E-02   1.1323921E-01
   7.0000000E-01   1.0211563E+06   4.1785448E+05   1.4374283E+06   1.3410389E-01   7.8663279E-02   1.1801619E-01
   7.5000000E-01   8.7644293E+05   3.6207113E+05   1.2372238E+06   1.4167100E-01   8.2198242E-02   1.2432595E-01
   8.0000000E-01   7.4435971E+05   3.0873672E+05   1.0522052E+06   1.4898962E-01   8.6968359E-02   1.3081187E-01
   8.5000000E-01   6.1303114E+05   2.5544556E+05   8.6772024E+05   1.5763781E-01   9.4206906E-02   1.3896018E-01
   9.0000000E-01   4.8724048E+05   2.0184030E+05   6.8866698E+05   1.6909091E-01   1.0239155E-01   1.4957925E-01
   9.5000000E-01   3.3678191E+05   1.4098112E+05   4.7745143E+05   1.8408391E-01   1.1211043E-01   1.6286652E-01
   1.0000000E+00   1.6086831E+05   6.6912668E+04   2.2774326E+05   1.9944701E-01   1.1983297E-01   1.7603555E-01
