   0.0000000E+00   1.7892275E+09   1.0384124E+09   2.7734860E+09   1.3120358E-03   4.3707948E-04   9.9176280E-04
   5.0000000E-02   2.3595421E+07   1.0226660E+07   3.3751098E+07   2.4820018E-02   1.0284246E-02   2.0423506E-02
   1.0000000E-01   1.1793158E+07   5.1503495E+06   1.6909512E+07   1.4263414E-02   6.0029545E-03   1.1735102E-02
   1.5000000E-01   7.0292797E+06   3.0861204E+06   1.0098381E+07   1.1039327E-02   4.3453948E-03   8.9831822E-03
   2.0000000E-01   4.5866067E+06   1.9940523E+06   6.5718737E+06   8.8389801E-03   3.1692663E-03   7.0862439E-03
   2.5000000E-01   3.1568065E+06   1.3737873E+06   4.5253098E+06   7.6492879E-03   2.8477994E-03   6.1932133E-03
   3.0000000E-01   2.2682656E+06   9.6928543E+05   3.2339754E+06   7.6700359E-03   2.4898134E-03   6.1249018E-03
   3.5000000E-01   1.6866786E+06   7.0783934E+05   2.3921988E+06   6.9473671E-03   2.0274428E-03   5.4894903E-03
   4.0000000E-01   1.2909535E+06   5.3059075E+05   1.8199925E+06   6.4148325E-03   1.3503876E-03   4.9205061E-03
   4.5000000E-01   1.0163352E+06   4.0758520E+05   1.4229867E+06   5.5303582E-03   1.7436722E-03   4.4026078E-03
   5.0000000E-01   8.1068435E+05   3.2101552E+05   1.1311142E+06   7.6209437E-03   1.8203903E-03   5.9558248E-03
   5.5000000E-01   6.5909824E+05   2.5461897E+05   9.1315583E+05   7.0305968E-03   2.0627172E-03   5.6567144E-03
   6.0000000E-01   5.4486164E+05   2.0550086E+05   7.4995931E+05   6.9320840E-03   2.1632930E-03   5.6278464E-03
   6.5000000E-01   4.5282764E+05   1.6678459E+05   6.1926454E+05   7.3654053E-03   2.6323343E-03   6.0731433E-03
   7.0000000E-01   3.7425967E+05   1.3547723E+05   5.0953682E+05   7.8423601E-03   2.0504576E-03   6.2941225E-03
   7.5000000E-01   3.0812821E+05   1.0953680E+05   4.1749525E+05   8.3219241E-03   1.5672263E-03   6.5246823E-03
   8.0000000E-01   2.4932020E+05   8.5991416E+04   3.3520418E+05   8.9277968E-03   2.7564093E-03   7.3137908E-03
   8.5000000E-01   1.9342007E+05   6.7066021E+04   2.6042991E+05   1.0326343E-02   2.6177688E-03   8.3161979E-03
   9.0000000E-01   1.4167973E+05   5.0239910E+04   1.9188781E+05   1.2302637E-02   2.2362463E-03   9.6344767E-03
   9.5000000E-01   9.1790519E+04   3.1023487E+04   1.2279390E+05   1.7997814E-02   4.0331746E-03   1.4493180E-02
   1.0000000E+00   4.5949800E+04   1.6813050E+04   6.2762850E+04   3.1087006E-02   6.8796136E-03   2.4587689E-02
