   0.0000000E+00   1.6939688E+07   3.5776401E+08   3.7434923E+08   9.6851542E-03   4.3538293E-06   4.3518292E-04
   5.0000000E-02   9.9721394E+06   1.9337962E+07   2.9278398E+07   5.1571541E-03   2.2263554E-05   1.7712339E-03
   1.0000000E-01   8.4579711E+06   1.0012246E+07   1.8443575E+07   2.6562317E-03   5.4119201E-05   1.2375470E-03
   1.5000000E-01   7.4857148E+06   6.3034695E+06   1.3767497E+07   1.5687704E-03   6.0595084E-05   8.7799168E-04
   2.0000000E-01   6.6381299E+06   4.3135287E+06   1.0933388E+07   1.5009955E-03   1.2271594E-04   9.5282832E-04
   2.5000000E-01   5.8831816E+06   3.0496634E+06   8.9177698E+06   1.4668293E-03   6.6122199E-05   9.8653718E-04
   3.0000000E-01   5.1940640E+06   2.2063756E+06   7.3886515E+06   1.1581814E-03   1.5652887E-04   8.4739784E-04
   3.5000000E-01   4.5567970E+06   1.6327478E+06   6.1806685E+06   1.2220728E-03   1.0675077E-04   9.2545803E-04
   4.0000000E-01   3.9789372E+06   1.2216574E+06   5.1921038E+06   1.1572865E-03   1.8058119E-04   9.1793919E-04
   4.5000000E-01   3.4592292E+06   9.1755300E+05   4.3701542E+06   1.3327851E-03   1.4017164E-04   1.0735451E-03
   5.0000000E-01   2.9709581E+06   6.9235583E+05   3.6590167E+06   1.5121306E-03   1.4660783E-04   1.2478039E-03
   5.5000000E-01   2.5273053E+06   5.2982391E+05   3.0531358E+06   1.1574621E-03   3.3448039E-04   1.0180570E-03
   6.0000000E-01   2.1317744E+06   4.0315008E+05   2.5322453E+06   1.4626028E-03   5.0697989E-04   1.3129640E-03
   6.5000000E-01   1.7771094E+06   3.1178698E+05   2.0870649E+06   1.6733663E-03   5.4110758E-04   1.5028098E-03
   7.0000000E-01   1.4551946E+06   2.3879153E+05   1.6924719E+06   1.9442210E-03   5.7384873E-04   1.7511434E-03
   7.5000000E-01   1.1865022E+06   1.8230244E+05   1.3677564E+06   2.1868703E-03   5.0098037E-04   1.9591952E-03
   8.0000000E-01   9.4483128E+05   1.3647138E+05   1.0805785E+06   2.8656712E-03   1.2863857E-03   2.6661359E-03
   8.5000000E-01   7.3278681E+05   1.0139481E+05   8.3375096E+05   3.1473999E-03   1.1181963E-03   2.9053287E-03
   9.0000000E-01   5.3908255E+05   7.2029990E+04   6.1092509E+05   4.0538641E-03   1.0280412E-03   3.6979632E-03
   9.5000000E-01   3.6267893E+05   4.6215245E+04   4.0877356E+05   5.7868219E-03   1.7797092E-03   5.3353136E-03
   1.0000000E+00   1.9787714E+05   2.5395627E+04   2.2325391E+05   9.1402959E-03   4.7400771E-03   8.6419806E-03
