   0.0000000E+00   1.1100153E+08   8.8065905E+07   1.9897373E+08   1.6610022E-05   1.9488357E-05   1.0844925E-05
   5.0000000E-02   5.6604283E+07   2.9760128E+07   8.6237533E+07   1.8979033E-05   8.8161730E-06   1.1448453E-05
   1.0000000E-01   2.8758184E+07   1.4118508E+07   4.2814653E+07   1.8304677E-05   1.8324589E-05   9.8228381E-06
   1.5000000E-01   1.7184575E+07   8.3578415E+06   2.5505513E+07   2.7189905E-05   6.3639937E-05   3.6746074E-05
   2.0000000E-01   1.1123339E+07   5.3698241E+06   1.6472998E+07   3.1004209E-05   4.9104087E-05   2.1154313E-05
   2.5000000E-01   7.5267810E+06   3.6542102E+06   1.1169685E+07   7.6845568E-06   2.4014089E-05   1.2775533E-05
   3.0000000E-01   5.2546914E+06   2.5393277E+06   7.7878121E+06   2.0513107E-05   3.7277620E-05   2.3107220E-05
   3.5000000E-01   3.7450522E+06   1.8125747E+06   5.5537072E+06   9.4351721E-05   6.0237107E-05   7.5454978E-05
   4.0000000E-01   2.7025464E+06   1.3046567E+06   4.0049193E+06   3.3643133E-05   1.7446368E-04   4.3134515E-05
   4.5000000E-01   1.9747026E+06   9.5442036E+05   2.9277012E+06   1.1169158E-04   4.5924166E-05   7.9544337E-05
   5.0000000E-01   1.4458908E+06   7.0166321E+05   2.1468156E+06   2.3480374E-04   3.3017360E-04   2.1250267E-04
   5.5000000E-01   1.0707308E+06   5.1792491E+05   1.5880885E+06   3.6561639E-04   3.4198667E-04   3.2236596E-04
   6.0000000E-01   7.9493650E+05   3.8613111E+05   1.1807493E+06   2.6989193E-04   9.6810521E-05   1.8840057E-04
   6.5000000E-01   5.9318272E+05   2.8577862E+05   8.7877035E+05   2.0799757E-04   3.2077724E-04   2.1140220E-04
   7.0000000E-01   4.4082736E+05   2.1433169E+05   6.5504537E+05   3.0764373E-04   1.5077607E-03   6.4989387E-04
   7.5000000E-01   3.2799075E+05   1.5707532E+05   4.8500665E+05   6.0891277E-04   9.8789871E-04   7.2141904E-04
   8.0000000E-01   2.3868069E+05   1.1598416E+05   3.5459721E+05   6.3270194E-04   8.5427240E-04   6.7514015E-04
   8.5000000E-01   1.7077887E+05   8.3153777E+04   2.5391392E+05   2.0495146E-03   1.7670251E-03   1.9555188E-03
   9.0000000E-01   1.1757660E+05   5.6188768E+04   1.7376183E+05   1.1511197E-03   2.1377090E-03   1.4465118E-03
   9.5000000E-01   7.2588057E+04   3.4521545E+04   1.0710625E+05   2.8418227E-03   5.4876964E-03   3.2229964E-03
   1.0000000E+00   3.8769358E+04   1.9152038E+04   5.7921396E+04   5.5021097E-03   1.2910232E-02   7.8521072E-03
