   0.0000000E+00   4.9878293E+08   7.1759271E+08   1.2051299E+09   2.2090778E-02   3.4057561E-05   9.0595432E-03
   5.0000000E-02   5.8184310E+07   2.7950918E+07   8.5715059E+07   4.4387308E-02   2.1012313E-04   3.0057300E-02
   1.0000000E-01   2.1680818E+07   1.1621462E+07   3.3182278E+07   2.9531868E-02   1.4788094E-04   1.9270794E-02
   1.5000000E-01   1.0296922E+07   5.8082217E+06   1.6061683E+07   2.3551212E-02   7.4660612E-05   1.5079912E-02
   2.0000000E-01   5.7329202E+06   3.2134338E+06   8.9285127E+06   2.0595481E-02   8.5520969E-05   1.3243033E-02
   2.5000000E-01   3.6648036E+06   1.9060651E+06   5.5621088E+06   1.7637400E-02   5.6128391E-05   1.1611610E-02
   3.0000000E-01   2.6236480E+06   1.2033599E+06   3.8217876E+06   1.5202119E-02   6.4606326E-05   1.0432938E-02
   3.5000000E-01   2.0465234E+06   7.9813021E+05   2.8416342E+06   1.2664973E-02   3.0118836E-05   9.1352694E-03
   4.0000000E-01   1.7055601E+06   5.4251941E+05   2.2459309E+06   1.0487332E-02   7.0624920E-05   7.9821153E-03
   4.5000000E-01   1.4846539E+06   3.7667377E+05   1.8597856E+06   8.6436503E-03   1.0400227E-04   6.9179401E-03
   5.0000000E-01   1.3343041E+06   2.6712566E+05   1.6001820E+06   7.1761568E-03   7.7101829E-05   6.0060344E-03
   5.5000000E-01   1.2197114E+06   1.9064447E+05   1.4091463E+06   5.4352851E-03   1.5108225E-04   4.7221966E-03
   6.0000000E-01   1.1329763E+06   1.3653903E+05   1.2686187E+06   4.6347777E-03   1.7693121E-04   4.1587663E-03
   6.5000000E-01   1.0640463E+06   9.5664363E+04   1.1589516E+06   3.3519257E-03   5.0495807E-05   3.0684609E-03
   7.0000000E-01   9.9744222E+05   6.8968658E+04   1.0655469E+06   2.7936683E-03   1.1813692E-04   2.6139521E-03
   7.5000000E-01   9.2547538E+05   4.7971422E+04   9.7272106E+05   1.9584221E-03   2.5419718E-04   1.8749559E-03
   8.0000000E-01   8.5276014E+05   3.2368137E+04   8.8441606E+05   1.7458195E-03   1.9387041E-04   1.6904024E-03
   8.5000000E-01   7.5841637E+05   2.2453954E+04   7.8037975E+05   1.2611852E-03   3.6758464E-04   1.2408722E-03
   9.0000000E-01   6.2350894E+05   1.3903068E+04   6.3708663E+05   1.0537240E-03   1.8349232E-04   1.0371095E-03
   9.5000000E-01   4.2848196E+05   7.3177768E+03   4.3558530E+05   9.2591838E-04   5.9688766E-04   9.2031600E-04
   1.0000000E+00   2.1053409E+05   2.8734344E+03   2.1339495E+05   1.2612162E-03   1.2932226E-04   1.2454038E-03
