   0.0000000E+00   2.1354264E+07   1.0866437E+08   1.2997280E+08   3.7990939E-02   1.3212131E-04   6.3480299E-03
   5.0000000E-02   1.1038796E+07   1.2319484E+07   2.3341664E+07   2.5789402E-02   4.9996963E-04   1.2450154E-02
   1.0000000E-01   8.3272094E+06   6.5620856E+06   1.4875799E+07   1.5170423E-02   7.2488680E-04   8.8002468E-03
   1.5000000E-01   6.9026560E+06   4.5045305E+06   1.1393775E+07   1.1033890E-02   7.5912143E-04   6.9827011E-03
   2.0000000E-01   5.8938099E+06   3.3720635E+06   9.2543666E+06   8.7092945E-03   8.4730857E-04   5.8448504E-03
   2.5000000E-01   5.1209694E+06   2.6784376E+06   7.7892721E+06   7.5327163E-03   1.0995102E-03   5.3049036E-03
   3.0000000E-01   4.4743760E+06   2.1909057E+06   6.6559977E+06   7.4233856E-03   1.4045591E-03   5.4508021E-03
   3.5000000E-01   3.9502621E+06   1.8184862E+06   5.7603903E+06   6.9018538E-03   1.7168579E-03   5.2678111E-03
   4.0000000E-01   3.4818725E+06   1.5418613E+06   5.0169060E+06   7.4802963E-03   2.0971606E-03   5.8288719E-03
   4.5000000E-01   3.0772785E+06   1.3153343E+06   4.3866922E+06   7.6339663E-03   2.5071325E-03   6.0944738E-03
   5.0000000E-01   2.7237777E+06   1.1284467E+06   3.8477490E+06   8.8586695E-03   3.1357836E-03   7.1877555E-03
   5.5000000E-01   2.4068684E+06   9.7401089E+05   3.3766602E+06   9.4228581E-03   3.7214364E-03   7.7776609E-03
   6.0000000E-01   2.1186759E+06   8.4206758E+05   2.9573217E+06   1.0153115E-02   3.9629386E-03   8.3939824E-03
   6.5000000E-01   1.8626907E+06   7.3106476E+05   2.5907682E+06   1.1462435E-02   5.4996052E-03   9.7805758E-03
   7.0000000E-01   1.6332389E+06   6.2618376E+05   2.2570763E+06   1.3269204E-02   6.9734012E-03   1.1514722E-02
   7.5000000E-01   1.4072183E+06   5.3600838E+05   1.9411555E+06   1.5127317E-02   7.4681302E-03   1.3015566E-02
   8.0000000E-01   1.2087898E+06   4.5221092E+05   1.6596439E+06   1.7502278E-02   9.5518319E-03   1.5336911E-02
   8.5000000E-01   1.0129669E+06   3.7970250E+05   1.3916845E+06   2.0885514E-02   1.1619318E-02   1.8370085E-02
   9.0000000E-01   8.1629863E+05   3.0240854E+05   1.1180493E+06   2.5501837E-02   1.4420505E-02   2.2506724E-02
   9.5000000E-01   6.0578057E+05   2.2099418E+05   8.2633917E+05   3.2080172E-02   1.8890199E-02   2.8561712E-02
   1.0000000E+00   3.4313334E+05   1.2445052E+05   4.6748955E+05   4.4289038E-02   2.9843342E-02   4.0434277E-02
