   0.0000000E+00   1.2385000E+09   1.0086466E+09   2.2098351E+09   4.8305637E-03   1.0454522E-03   3.1285310E-03
   5.0000000E-02   2.6175068E+07   1.0691010E+07   3.6788729E+07   8.0608790E-02   3.3544903E-02   6.6960986E-02
   1.0000000E-01   1.2315378E+07   4.8750114E+06   1.7159799E+07   6.8123046E-02   2.6652522E-02   5.6356356E-02
   1.5000000E-01   7.2545370E+06   2.8207561E+06   1.0058571E+07   5.8973738E-02   2.2336941E-02   4.8731313E-02
   2.0000000E-01   4.8292066E+06   1.8155759E+06   6.6352810E+06   5.3009264E-02   1.8424124E-02   4.3567755E-02
   2.5000000E-01   3.4881034E+06   1.2599342E+06   4.7415695E+06   4.8356709E-02   1.6064647E-02   3.9799323E-02
   3.0000000E-01   2.6879148E+06   9.3289200E+05   3.6161170E+06   4.6232694E-02   1.4143694E-02   3.7976001E-02
   3.5000000E-01   2.1594688E+06   7.1683386E+05   2.8731833E+06   4.3907364E-02   1.3152340E-02   3.6250797E-02
   4.0000000E-01   1.7926735E+06   5.6435547E+05   2.3542756E+06   4.2363215E-02   1.1604893E-02   3.5021233E-02
   4.5000000E-01   1.5217759E+06   4.5758815E+05   1.9774259E+06   4.1491016E-02   1.1969622E-02   3.4668782E-02
   5.0000000E-01   1.3151164E+06   3.7756645E+05   1.6913905E+06   4.1121879E-02   1.0892124E-02   3.4373512E-02
   5.5000000E-01   1.1431087E+06   3.1066466E+05   1.4525695E+06   4.0328356E-02   9.6817593E-03   3.3786104E-02
   6.0000000E-01   9.9970525E+05   2.5697688E+05   1.2555787E+06   3.9590351E-02   9.2665597E-03   3.3392103E-02
   6.5000000E-01   8.8087119E+05   2.1551538E+05   1.0956422E+06   3.9414454E-02   9.6263549E-03   3.3562872E-02
   7.0000000E-01   7.6978244E+05   1.7949040E+05   9.4853163E+05   3.9780531E-02   9.3546585E-03   3.4022232E-02
   7.5000000E-01   6.6894308E+05   1.4720347E+05   8.1566272E+05   3.9786189E-02   9.3006298E-03   3.4296208E-02
   8.0000000E-01   5.6925346E+05   1.1939008E+05   6.8828147E+05   3.9994178E-02   8.7803286E-03   3.4575420E-02
   8.5000000E-01   4.6348541E+05   9.4650381E+04   5.5782497E+05   4.0667858E-02   9.1247852E-03   3.5306350E-02
   9.0000000E-01   3.5338056E+05   6.9840726E+04   4.2307982E+05   4.2394393E-02   8.7660401E-03   3.6833784E-02
   9.5000000E-01   2.3254045E+05   4.4087595E+04   2.7651077E+05   4.7057965E-02   9.6464519E-03   4.1108568E-02
   1.0000000E+00   1.1013365E+05   2.0302669E+04   1.3042374E+05   5.4155829E-02   1.2900783E-02   4.7745463E-02
