   0.0000000E+00   1.9403152E+07   2.4283225E+07   4.3678737E+07   2.8501080E-02   3.2819828E-04   1.2829903E-02
   5.0000000E-02   1.2717499E+07   1.0015175E+07   2.2720068E+07   1.2651600E-02   5.4392962E-04   7.3066805E-03
   1.0000000E-01   9.2824892E+06   5.6966329E+06   1.4970209E+07   5.7014233E-03   7.1186137E-04   3.8007788E-03
   1.5000000E-01   7.3745822E+06   4.0721172E+06   1.1437214E+07   2.9988838E-03   8.5609259E-04   2.1776410E-03
   2.0000000E-01   6.0635169E+06   3.1550876E+06   9.2103602E+06   2.2720181E-03   3.5600646E-04   1.6064528E-03
   2.5000000E-01   5.1401444E+06   2.5618598E+06   7.6955362E+06   1.6585197E-03   9.5010277E-04   1.4202268E-03
   3.0000000E-01   4.4001992E+06   2.1475413E+06   6.5419897E+06   1.7159748E-03   7.1313642E-04   1.3814082E-03
   3.5000000E-01   3.8327784E+06   1.8501808E+06   5.6777844E+06   1.5849695E-03   8.2257259E-04   1.3286583E-03
   4.0000000E-01   3.3513893E+06   1.6057938E+06   4.9524642E+06   1.5211127E-03   6.9839746E-04   1.2574898E-03
   4.5000000E-01   2.9515744E+06   1.3979958E+06   4.3456373E+06   1.8194470E-03   9.8001528E-04   1.5439995E-03
   5.0000000E-01   2.6098100E+06   1.2256395E+06   3.8326420E+06   2.2453297E-03   1.2913511E-03   1.9286794E-03
   5.5000000E-01   2.3170529E+06   1.0854078E+06   3.3995496E+06   2.6413133E-03   2.4745636E-03   2.5803565E-03
   6.0000000E-01   2.0556028E+06   9.6024543E+05   3.0134291E+06   2.8241297E-03   2.3914030E-03   2.6794859E-03
   6.5000000E-01   1.8129854E+06   8.4917732E+05   2.6601255E+06   3.2359930E-03   2.8708158E-03   3.1108858E-03
   7.0000000E-01   1.5935366E+06   7.4614111E+05   2.3378679E+06   4.5235790E-03   3.6443393E-03   4.2343796E-03
   7.5000000E-01   1.4009837E+06   6.5407589E+05   2.0536802E+06   5.2473860E-03   4.4705918E-03   4.9901401E-03
   8.0000000E-01   1.2131784E+06   5.6187265E+05   1.7738694E+06   6.3522695E-03   4.9836688E-03   5.9119061E-03
   8.5000000E-01   1.0281035E+06   4.7978287E+05   1.5071074E+06   7.8687828E-03   6.7936903E-03   7.5221281E-03
   9.0000000E-01   8.4352120E+05   3.9730025E+05   1.2402697E+06   1.0488557E-02   9.1630291E-03   1.0072025E-02
   9.5000000E-01   6.4368625E+05   3.0133224E+05   9.4460972E+05   1.4305767E-02   1.3590418E-02   1.4086728E-02
   1.0000000E+00   4.0749953E+05   1.8921912E+05   5.9662433E+05   2.2780746E-02   2.2594773E-02   2.2721834E-02
