   0.0000000E+00   2.5189262E+07   1.1902905E+08   1.4418572E+08   1.8481363E-03   1.4092119E-05   3.1212818E-04
   5.0000000E-02   1.3456168E+07   1.5038360E+07   2.8482687E+07   4.4757432E-04   9.7765452E-05   2.6190087E-04
   1.0000000E-01   1.0898580E+07   8.1615928E+06   1.9048682E+07   2.5586093E-04   1.3277561E-04   1.9402965E-04
   1.5000000E-01   8.9501737E+06   5.3592562E+06   1.4298926E+07   1.3627629E-04   4.8206355E-05   1.0227487E-04
   2.0000000E-01   7.3872563E+06   3.8794017E+06   1.1258637E+07   1.7515604E-04   2.5861853E-04   1.9256816E-04
   2.5000000E-01   6.1587997E+06   2.9338877E+06   9.0864485E+06   2.0363858E-04   1.3337570E-04   1.5961444E-04
   3.0000000E-01   5.1357921E+06   2.3035874E+06   7.4342972E+06   9.9959146E-05   6.1575671E-05   5.8621359E-05
   3.5000000E-01   4.3181192E+06   1.8543643E+06   6.1682726E+06   1.7272345E-04   7.4164368E-05   1.2259132E-04
   4.0000000E-01   3.6417834E+06   1.5085899E+06   5.1469754E+06   2.4693500E-04   4.8953624E-05   1.8712469E-04
   4.5000000E-01   3.0772502E+06   1.2490975E+06   4.3236244E+06   1.2382010E-04   5.0533621E-04   2.0792841E-04
   5.0000000E-01   2.6221668E+06   1.0449095E+06   3.6651665E+06   5.4693387E-04   1.3061907E-04   4.2466386E-04
   5.5000000E-01   2.2195459E+06   8.7341339E+05   3.0911710E+06   6.3824676E-04   2.7731548E-04   5.1545238E-04
   6.0000000E-01   1.8900817E+06   7.3763011E+05   2.6262051E+06   1.7631214E-04   4.8805856E-04   2.0029544E-04
   6.5000000E-01   1.6025874E+06   6.1706085E+05   2.2188795E+06   7.4083560E-04   9.5941326E-04   7.9026862E-04
   7.0000000E-01   1.3586057E+06   5.1984097E+05   1.8776964E+06   1.0782727E-03   1.0637514E-03   1.0300348E-03
   7.5000000E-01   1.1393117E+06   4.3352958E+05   1.5722217E+06   1.5685247E-03   7.3360546E-04   1.3125156E-03
   8.0000000E-01   9.4511378E+05   3.5704024E+05   1.3017800E+06   1.7672227E-03   1.5891542E-03   1.7165438E-03
   8.5000000E-01   7.6870340E+05   2.9285258E+05   1.0612676E+06   2.5078644E-03   2.1832730E-03   2.4193193E-03
   9.0000000E-01   6.0949623E+05   2.2875163E+05   8.3808871E+05   2.5370063E-03   2.4607756E-03   2.5084499E-03
   9.5000000E-01   4.3943517E+05   1.6628173E+05   6.0557618E+05   4.2724402E-03   3.8860270E-03   4.1643161E-03
   1.0000000E+00   2.7268075E+05   9.9972883E+04   3.7263477E+05   1.0543224E-02   8.2960719E-03   9.9483657E-03
