   0.0000000E+00   4.0310917E+08   8.2055654E+08   1.2134360E+09   1.1443560E-02   2.4856023E-04   3.9266702E-03
   5.0000000E-02   1.8722224E+07   1.1519380E+07   3.0191183E+07   9.4471759E-02   6.6282909E-03   6.0994485E-02
   1.0000000E-01   1.1046467E+07   5.5899672E+06   1.6610651E+07   7.6201897E-02   5.9517379E-03   5.2614157E-02
   1.5000000E-01   8.0121357E+06   3.5067564E+06   1.1498223E+07   6.5230716E-02   5.7733408E-03   4.7154046E-02
   2.0000000E-01   6.3248015E+06   2.4447313E+06   8.7528693E+06   5.7384361E-02   5.3067023E-03   4.2883311E-02
   2.5000000E-01   5.1619805E+06   1.7991129E+06   6.9482846E+06   5.2367619E-02   5.3092015E-03   4.0211035E-02
   3.0000000E-01   4.3097143E+06   1.3578039E+06   5.6574489E+06   4.7593720E-02   5.5406297E-03   3.7527693E-02
   3.5000000E-01   3.6427292E+06   1.0553246E+06   4.6898142E+06   4.4143771E-02   5.4789561E-03   3.5462190E-02
   4.0000000E-01   3.1152034E+06   8.2700887E+05   3.9361882E+06   4.1906311E-02   5.2625596E-03   3.4235248E-02
   4.5000000E-01   2.6660292E+06   6.5444513E+05   3.3157068E+06   3.9983851E-02   5.7765803E-03   3.3260749E-02
   5.0000000E-01   2.2837779E+06   5.2100326E+05   2.8017191E+06   3.8492680E-02   6.8382873E-03   3.2617224E-02
   5.5000000E-01   1.9604590E+06   4.2004751E+05   2.3773755E+06   3.7276483E-02   7.2172048E-03   3.1970223E-02
   6.0000000E-01   1.6738272E+06   3.3478773E+05   2.0062117E+06   3.6873719E-02   7.7087356E-03   3.2023553E-02
   6.5000000E-01   1.4280704E+06   2.6632254E+05   1.6925565E+06   3.6656503E-02   8.2365248E-03   3.2196111E-02
   7.0000000E-01   1.2059898E+06   2.1535028E+05   1.4198531E+06   3.7459338E-02   9.6933780E-03   3.3261668E-02
   7.5000000E-01   1.0078752E+06   1.6961248E+05   1.1764691E+06   3.8236518E-02   1.0404349E-02   3.4218826E-02
   8.0000000E-01   8.3228088E+05   1.3310924E+05   9.6470575E+05   3.8907203E-02   1.1768432E-02   3.5177054E-02
   8.5000000E-01   6.6418915E+05   1.0214751E+05   7.6581239E+05   4.2033312E-02   1.3001989E-02   3.8157600E-02
   9.0000000E-01   5.0951156E+05   7.3989365E+04   5.8322859E+05   4.6335081E-02   1.6816539E-02   4.2603226E-02
   9.5000000E-01   3.4499096E+05   4.8232324E+04   3.9308590E+05   5.2344680E-02   1.9952157E-02   4.8363424E-02
   1.0000000E+00   1.6636997E+05   2.2207813E+04   1.8855263E+05   6.1519330E-02   2.6533204E-02   5.7380158E-02
