   0.0000000E+00   5.0650997E+07   8.9028474E+07   1.3964484E+08   1.9932736E-05   7.1800063E-06   1.1088249E-05
   5.0000000E-02   3.7763266E+07   3.0350657E+07   6.8044213E+07   1.9878406E-05   9.6177150E-06   1.4170854E-05
   1.0000000E-01   2.4979464E+07   1.3662306E+07   3.8601535E+07   2.9370066E-05   2.1271577E-05   2.4257646E-05
   1.5000000E-01   1.6814359E+07   8.0002097E+06   2.4787852E+07   2.4292730E-05   3.3313894E-05   7.2165038E-06
   2.0000000E-01   1.1570962E+07   5.1874803E+06   1.6742734E+07   2.1126916E-05   1.5123161E-05   1.9486795E-05
   2.5000000E-01   8.1459956E+06   3.5497155E+06   1.1686022E+07   2.2049319E-05   2.1618555E-05   1.5918328E-05
   3.0000000E-01   5.8436496E+06   2.5008653E+06   8.3384352E+06   6.2963287E-05   4.9694483E-05   5.0205401E-05
   3.5000000E-01   4.2407880E+06   1.8032073E+06   6.0400938E+06   4.9403464E-05   9.1328157E-05   6.2319941E-05
   4.0000000E-01   3.1316361E+06   1.3184157E+06   4.4478714E+06   5.5767430E-05   6.9153788E-05   4.9120806E-05
   4.5000000E-01   2.3157610E+06   9.7694256E+05   3.2911757E+06   1.3463131E-04   8.9199677E-05   1.1377337E-04
   5.0000000E-01   1.7392070E+06   7.2871319E+05   2.4670608E+06   2.0983417E-04   2.3516122E-04   2.1574923E-04
   5.5000000E-01   1.2978767E+06   5.4462243E+05   1.8418915E+06   4.1076005E-05   2.8896195E-04   1.1380186E-04
   6.0000000E-01   9.8467572E+05   4.1140492E+05   1.3958419E+06   3.2170068E-04   3.3917947E-04   2.5798095E-04
   6.5000000E-01   7.4532015E+05   3.1076839E+05   1.0558633E+06   4.1591622E-04   2.8924855E-04   3.8314258E-04
   7.0000000E-01   5.6355401E+05   2.3309833E+05   7.9643407E+05   3.9772423E-04   1.5599206E-04   3.0674556E-04
   7.5000000E-01   4.2386569E+05   1.7698878E+05   6.0079930E+05   5.8050290E-04   2.1667409E-04   3.7939140E-04
   8.0000000E-01   3.1774887E+05   1.3134262E+05   4.4906761E+05   7.1168533E-04   1.4373595E-03   8.7840205E-04
   8.5000000E-01   2.2906328E+05   9.5863703E+04   3.2489328E+05   1.5857759E-03   2.4058227E-03   1.7128168E-03
   9.0000000E-01   1.6269172E+05   6.6922885E+04   2.2959692E+05   1.4870998E-03   9.7909022E-04   1.1840949E-03
   9.5000000E-01   1.0311900E+05   4.2197839E+04   1.4530344E+05   3.3106193E-03   3.1036918E-03   3.2237088E-03
   1.0000000E+00   5.5752173E+04   2.2987475E+04   7.8739648E+04   6.2802904E-03   1.1339814E-03   4.7702695E-03
