   0.0000000E+00   1.3263734E+09   7.6701885E+08   2.0632439E+09   4.2291742E-03   1.9729846E-05   2.6900748E-03
   5.0000000E-02   3.4461247E+07   1.3296632E+07   4.7634374E+07   4.9065981E-02   2.7053585E-04   3.5480866E-02
   1.0000000E-01   1.7080954E+07   6.9753792E+06   2.3998624E+07   3.0806462E-02   1.7665774E-04   2.1920617E-02
   1.5000000E-01   1.0151369E+07   4.3164943E+06   1.4433974E+07   2.3675295E-02   1.2674822E-04   1.6659297E-02
   2.0000000E-01   6.5404406E+06   2.9129333E+06   9.4334795E+06   1.9692008E-02   9.2648225E-05   1.3649356E-02
   2.5000000E-01   4.4090248E+06   2.0353116E+06   6.4335139E+06   1.8300793E-02   1.6186430E-04   1.2560080E-02
   3.0000000E-01   3.0765075E+06   1.4651486E+06   4.5353429E+06   1.6874600E-02   5.3877844E-05   1.1461707E-02
   3.5000000E-01   2.2091161E+06   1.0779974E+06   3.2831027E+06   1.6346117E-02   9.0615092E-05   1.1021085E-02
   4.0000000E-01   1.6268818E+06   8.0702697E+05   2.4311077E+06   1.5623630E-02   2.2891350E-05   1.0452627E-02
   4.5000000E-01   1.2223948E+06   6.1428149E+05   1.8350565E+06   1.6015199E-02   2.8498596E-05   1.0669641E-02
   5.0000000E-01   9.4056115E+05   4.7784680E+05   1.4175294E+06   1.4316428E-02   3.0888816E-05   9.5157532E-03
   5.5000000E-01   7.3619289E+05   3.7506743E+05   1.1104211E+06   1.5125123E-02   6.5764565E-05   1.0042334E-02
   6.0000000E-01   5.7835845E+05   2.9286632E+05   8.7080036E+05   1.4529385E-02   5.6789646E-05   9.6481520E-03
   6.5000000E-01   4.5767085E+05   2.3399205E+05   6.9122706E+05   1.6396895E-02   7.4052633E-05   1.0856501E-02
   7.0000000E-01   3.6888933E+05   1.8519724E+05   5.5384556E+05   1.6174178E-02   8.5836800E-05   1.0799355E-02
   7.5000000E-01   2.9205144E+05   1.4425380E+05   4.3618216E+05   1.7111867E-02   4.2038837E-05   1.1461478E-02
   8.0000000E-01   2.2839132E+05   1.1371621E+05   3.4196031E+05   1.7646402E-02   8.6570036E-05   1.1784448E-02
   8.5000000E-01   1.7553480E+05   8.5561697E+04   2.6101785E+05   2.1139367E-02   4.1918181E-05   1.4233313E-02
   9.0000000E-01   1.2546007E+05   6.1812243E+04   1.8723695E+05   2.7025781E-02   4.7561540E-05   1.8108876E-02
   9.5000000E-01   8.1483980E+04   3.9128662E+04   1.2060259E+05   3.3210972E-02   1.5599487E-05   2.2431626E-02
   1.0000000E+00   4.1825133E+04   2.1340124E+04   6.3165257E+04   5.2322208E-02   3.0485513E-04   3.4738123E-02
