   0.0000000E+00   4.4536901E+07   5.9638031E+07   1.0413979E+08   1.7356040E-02   2.4724332E-03   8.8269108E-03
   5.0000000E-02   2.2139089E+07   1.2666760E+07   3.4767079E+07   1.1298427E-02   4.2730073E-03   8.7375382E-03
   1.0000000E-01   1.3612395E+07   7.0130352E+06   2.0601557E+07   6.6665895E-03   3.1925212E-03   5.4852011E-03
   1.5000000E-01   9.7002604E+06   4.8125484E+06   1.4493731E+07   4.7151635E-03   2.7053347E-03   4.0467640E-03
   2.0000000E-01   7.4519687E+06   3.6434545E+06   1.1081163E+07   3.4945953E-03   2.3675986E-03   3.1293599E-03
   2.5000000E-01   5.9164004E+06   2.8622934E+06   8.7673365E+06   3.0317872E-03   2.3810283E-03   2.8141018E-03
   3.0000000E-01   4.8097473E+06   2.3171262E+06   7.1171438E+06   2.8240595E-03   2.4253100E-03   2.6903339E-03
   3.5000000E-01   3.9879500E+06   1.9148159E+06   5.8947535E+06   2.6007988E-03   2.3497494E-03   2.5160227E-03
   4.0000000E-01   3.3449197E+06   1.6186456E+06   4.9576049E+06   2.7939460E-03   2.6797785E-03   2.7552585E-03
   4.5000000E-01   2.8336088E+06   1.3676290E+06   4.1959326E+06   3.1405605E-03   2.4600057E-03   2.9197895E-03
   5.0000000E-01   2.4137375E+06   1.1641993E+06   3.5746391E+06   3.3579475E-03   3.1139471E-03   3.2840713E-03
   5.5000000E-01   2.0670813E+06   9.8915665E+05   3.0531590E+06   3.8225004E-03   3.4468189E-03   3.7014791E-03
   6.0000000E-01   1.7643864E+06   8.4948420E+05   2.6114567E+06   4.1376308E-03   4.4259067E-03   4.2167753E-03
   6.5000000E-01   1.5111395E+06   7.2522255E+05   2.2343738E+06   5.3680331E-03   4.8460863E-03   5.1833699E-03
   7.0000000E-01   1.2982360E+06   6.2099076E+05   1.9178216E+06   6.3937655E-03   6.0968524E-03   6.2864541E-03
   7.5000000E-01   1.0914294E+06   5.2701931E+05   1.6173071E+06   7.8605041E-03   7.2704785E-03   7.6590999E-03
   8.0000000E-01   9.1744867E+05   4.3892944E+05   1.3552959E+06   9.8375797E-03   9.0898970E-03   9.6025000E-03
   8.5000000E-01   7.5627059E+05   3.6196328E+05   1.1175523E+06   1.1811528E-02   1.2483153E-02   1.2025958E-02
   9.0000000E-01   5.9762681E+05   2.8749042E+05   8.8474940E+05   1.4699271E-02   1.4437517E-02   1.4612117E-02
   9.5000000E-01   4.3759568E+05   2.0935744E+05   6.4673197E+05   2.1465600E-02   2.0126226E-02   2.1030154E-02
   1.0000000E+00   2.6177805E+05   1.2629279E+05   3.8803311E+05   3.5143986E-02   3.2178242E-02   3.4170764E-02
