   0.0000000E+00   8.1440476E+07   3.8205080E+08   4.6290253E+08   1.5583544E-05   2.1192089E-06   4.4908290E-06
   5.0000000E-02   2.8884521E+07   2.3226499E+07   5.2028260E+07   4.4252681E-05   1.3032290E-05   3.0118155E-05
   1.0000000E-01   2.0268541E+07   1.1761869E+07   3.1972637E+07   2.6438017E-05   2.4939535E-05   2.5568410E-05
   1.5000000E-01   1.4928267E+07   7.0724849E+06   2.1960623E+07   3.7221101E-05   6.9820381E-06   2.3342683E-05
   2.0000000E-01   1.1089264E+07   4.5810363E+06   1.5643244E+07   1.5073048E-05   1.3130952E-05   1.2574899E-05
   2.5000000E-01   8.3305899E+06   3.0911964E+06   1.1403579E+07   4.6350384E-05   2.2921166E-05   2.8138585E-05
   3.0000000E-01   6.2153082E+06   2.1371432E+06   8.3402071E+06   4.1362348E-05   2.4192998E-05   3.6111526E-05
   3.5000000E-01   4.6536723E+06   1.5002854E+06   6.1464002E+06   5.8471803E-05   2.5526181E-05   5.0629022E-05
   4.0000000E-01   3.4922255E+06   1.0734921E+06   4.5611340E+06   6.4213115E-05   4.9274614E-05   5.9148414E-05
   4.5000000E-01   2.6091437E+06   7.6644776E+05   3.3727479E+06   1.0612904E-04   1.0082984E-04   1.0435521E-04
   5.0000000E-01   1.9584907E+06   5.5513881E+05   2.5122035E+06   1.6622323E-04   1.5889875E-04   1.5384099E-04
   5.5000000E-01   1.4753200E+06   4.0493647E+05   1.8792668E+06   5.7572670E-05   8.9725397E-05   5.6448034E-05
   6.0000000E-01   1.1154586E+06   2.9431993E+05   1.4090783E+06   2.0955822E-04   1.3075527E-04   1.9034716E-04
   6.5000000E-01   8.4286009E+05   2.1536847E+05   1.0578809E+06   3.4505949E-04   4.1030974E-04   3.4255369E-04
   7.0000000E-01   6.3220436E+05   1.5805905E+05   7.9004968E+05   5.2546512E-04   3.6081513E-04   4.8241412E-04
   7.5000000E-01   4.7715076E+05   1.1566108E+05   5.9267603E+05   1.1625688E-03   9.2443292E-04   1.0865130E-03
   8.0000000E-01   3.5421524E+05   8.4467507E+04   4.3859521E+05   6.7656273E-04   1.0206183E-03   7.2228665E-04
   8.5000000E-01   2.5678246E+05   5.9441563E+04   3.1618283E+05   1.9610251E-03   1.1953859E-03   1.7617944E-03
   9.0000000E-01   1.8032962E+05   4.0605731E+04   2.2092121E+05   2.6619077E-03   1.8110960E-03   2.5029615E-03
   9.5000000E-01   1.1459491E+05   2.5401129E+04   1.3998599E+05   4.7261384E-03   3.5354244E-03   4.4962931E-03
   1.0000000E+00   6.3856893E+04   1.4015066E+04   7.7865672E+04   7.2331700E-03   4.6848056E-03   6.6906691E-03
