   0.0000000E+00   5.5917218E+08   8.0347985E+08   1.3505288E+09   7.3157431E-03   8.8126669E-04   3.5172156E-03
   5.0000000E-02   1.9226299E+07   9.0470672E+06   2.8233514E+07   8.3044859E-02   2.9541864E-02   6.5921443E-02
   1.0000000E-01   1.0866527E+07   4.5506536E+06   1.5397063E+07   7.0007456E-02   2.6696523E-02   5.7218351E-02
   1.5000000E-01   7.7532224E+06   2.9736085E+06   1.0708136E+07   6.3658094E-02   2.5045682E-02   5.2963469E-02
   2.0000000E-01   6.0003801E+06   2.1489419E+06   8.1345365E+06   5.8961648E-02   2.3599666E-02   4.9653409E-02
   2.5000000E-01   4.8495020E+06   1.6429246E+06   6.4818079E+06   5.6518057E-02   2.2454504E-02   4.7920454E-02
   3.0000000E-01   4.0296758E+06   1.3070228E+06   5.3274889E+06   5.3843701E-02   2.2509161E-02   4.6180303E-02
   3.5000000E-01   3.3832066E+06   1.0586259E+06   4.4342659E+06   5.3128974E-02   2.2370720E-02   4.5819682E-02
   4.0000000E-01   2.8830281E+06   8.6923268E+05   3.7462288E+06   5.1695274E-02   2.3342648E-02   4.5140879E-02
   4.5000000E-01   2.4638741E+06   7.1490986E+05   3.1732100E+06   5.1122618E-02   2.2529743E-02   4.4697145E-02
   5.0000000E-01   2.1127246E+06   5.9635357E+05   2.7056659E+06   5.1807024E-02   2.3464718E-02   4.5577916E-02
   5.5000000E-01   1.8108476E+06   5.0327108E+05   2.3112539E+06   5.2680656E-02   2.4820582E-02   4.6635255E-02
   6.0000000E-01   1.5619572E+06   4.2012661E+05   1.9795374E+06   5.3547922E-02   2.6253785E-02   4.7768377E-02
   6.5000000E-01   1.3353687E+06   3.5271674E+05   1.6861266E+06   5.5389048E-02   2.6570706E-02   4.9375997E-02
   7.0000000E-01   1.1311460E+06   2.9424566E+05   1.4237456E+06   5.6871193E-02   2.8692436E-02   5.1074854E-02
   7.5000000E-01   9.5544320E+05   2.4312509E+05   1.1974648E+06   6.0342848E-02   3.0240387E-02   5.4246566E-02
   8.0000000E-01   7.9054648E+05   1.9761076E+05   9.8750470E+05   6.3591837E-02   3.4487144E-02   5.7784751E-02
   8.5000000E-01   6.4261149E+05   1.5813635E+05   8.0012245E+05   6.8911288E-02   3.7484990E-02   6.2704910E-02
   9.0000000E-01   4.9903209E+05   1.2020796E+05   6.1897126E+05   7.5339569E-02   4.2869221E-02   6.9047896E-02
   9.5000000E-01   3.4300738E+05   8.1651512E+04   4.2446791E+05   8.5508669E-02   4.6981070E-02   7.8107876E-02
   1.0000000E+00   1.6756461E+05   3.8888823E+04   2.0642828E+05   9.8091827E-02   6.0707837E-02   9.1001339E-02
