   0.0000000E+00   2.3232547E+07   2.5379738E+07   4.8608211E+07   1.9624022E-02   3.8042875E-04   9.5619722E-03
   5.0000000E-02   1.5239277E+07   1.0687382E+07   2.5913926E+07   7.2346961E-03   6.7526400E-04   4.5282306E-03
   1.0000000E-01   1.0640049E+07   6.0229642E+06   1.6653050E+07   2.6689349E-03   6.6259149E-04   1.9473147E-03
   1.5000000E-01   8.1397355E+06   4.2546148E+06   1.2384822E+07   1.4545376E-03   7.6723811E-04   1.2177920E-03
   2.0000000E-01   6.5049172E+06   3.2683582E+06   9.7660179E+06   1.0015307E-03   6.5613355E-04   8.8513451E-04
   2.5000000E-01   5.3591416E+06   2.6373502E+06   7.9901638E+06   8.6472188E-04   7.1198271E-04   8.1818669E-04
   3.0000000E-01   4.5132522E+06   2.2012826E+06   6.7091342E+06   8.3077465E-04   4.3891405E-04   6.8564127E-04
   3.5000000E-01   3.8525591E+06   1.8668056E+06   5.7149812E+06   7.0825180E-04   3.5819455E-04   5.4493294E-04
   4.0000000E-01   3.3316223E+06   1.6118496E+06   4.9394294E+06   1.0849605E-03   6.5635068E-04   9.1930551E-04
   4.5000000E-01   2.9005104E+06   1.3940063E+06   4.2915812E+06   6.1093721E-04   1.4600672E-03   8.7127676E-04
   5.0000000E-01   2.5488409E+06   1.2211386E+06   3.7679232E+06   1.4366145E-03   1.1553404E-03   1.3445124E-03
   5.5000000E-01   2.2350621E+06   1.0718999E+06   3.3045486E+06   1.5634132E-03   1.8114150E-03   1.6448729E-03
   6.0000000E-01   1.9727520E+06   9.4165083E+05   2.9121376E+06   1.7283804E-03   1.3177423E-03   1.5829498E-03
   6.5000000E-01   1.7267087E+06   8.2583296E+05   2.5510774E+06   1.8762914E-03   2.4189179E-03   2.0214566E-03
   7.0000000E-01   1.5115673E+06   7.2300908E+05   2.2330484E+06   2.7605345E-03   2.0838924E-03   2.5442552E-03
   7.5000000E-01   1.3169499E+06   6.2536433E+05   1.9411173E+06   2.9991212E-03   2.8681981E-03   2.9537766E-03
   8.0000000E-01   1.1317826E+06   5.4142522E+05   1.6724161E+06   3.8597676E-03   4.1098703E-03   3.9382699E-03
   8.5000000E-01   9.5652121E+05   4.5726526E+05   1.4131236E+06   5.4066919E-03   5.8983790E-03   5.5588380E-03
   9.0000000E-01   7.7704395E+05   3.7127665E+05   1.1479351E+06   6.5118136E-03   7.2760154E-03   6.7600347E-03
   9.5000000E-01   5.8514404E+05   2.7924489E+05   8.6411417E+05   1.0880808E-02   9.6714816E-03   1.0489340E-02
   1.0000000E+00   3.7508065E+05   1.7753675E+05   5.5257339E+05   1.9413212E-02   1.9040958E-02   1.9300598E-02
