   0.0000000E+00   7.4949348E+08   6.2091869E+08   1.3632550E+09   4.2312896E-03   1.5322872E-05   2.3302174E-03
   5.0000000E-02   9.0704949E+07   4.1470494E+07   1.3166774E+08   3.3587780E-03   4.6404110E-05   2.3140649E-03
   1.0000000E-01   2.8739149E+07   1.4103452E+07   4.2742238E+07   2.3117838E-03   1.0533758E-04   1.5926249E-03
   1.5000000E-01   1.1795822E+07   6.1017034E+06   1.7871105E+07   1.6242240E-03   5.3774735E-05   1.0882233E-03
   2.0000000E-01   5.7261880E+06   2.9748128E+06   8.6921836E+06   1.0108148E-03   1.7625405E-04   7.2978313E-04
   2.5000000E-01   3.2132364E+06   1.6150916E+06   4.8248012E+06   1.5635816E-03   2.2153822E-04   1.1206819E-03
   3.0000000E-01   2.0725157E+06   9.6856393E+05   3.0393395E+06   5.6492049E-04   4.1281061E-04   5.1311320E-04
   3.5000000E-01   1.4988212E+06   6.1744842E+05   2.1152329E+06   5.9599176E-04   5.3817338E-04   5.6863925E-04
   4.0000000E-01   1.1676243E+06   4.2303384E+05   1.5900613E+06   1.9715758E-03   6.8590807E-04   1.6178142E-03
   4.5000000E-01   9.6808647E+05   3.0501161E+05   1.2727020E+06   1.4218576E-03   8.1620353E-04   1.2712993E-03
   5.0000000E-01   8.2846514E+05   2.2297608E+05   1.0510911E+06   8.0516800E-04   8.2349737E-04   7.2989443E-04
   5.5000000E-01   7.2079827E+05   1.6865215E+05   8.8919577E+05   1.0618055E-03   9.9360780E-04   1.0149758E-03
   6.0000000E-01   6.4460405E+05   1.2602419E+05   7.7039481E+05   4.1669744E-04   1.1476847E-03   5.1566313E-04
   6.5000000E-01   5.7570995E+05   9.5414613E+04   6.7097275E+05   4.5356870E-04   1.4594167E-03   5.8540243E-04
   7.0000000E-01   5.1651236E+05   7.2697431E+04   5.8903244E+05   3.6454660E-04   1.6355895E-03   5.2428695E-04
   7.5000000E-01   4.5740706E+05   5.2894615E+04   5.1020406E+05   3.5860301E-04   1.8636077E-03   4.2292813E-04
   8.0000000E-01   4.0062482E+05   3.9160074E+04   4.3968542E+05   1.3130526E-04   2.4817237E-03   2.3295956E-04
   8.5000000E-01   3.3680556E+05   2.7970077E+04   3.6471947E+05   3.8731190E-04   2.3171375E-03   5.3815944E-04
   9.0000000E-01   2.5787345E+05   1.8815651E+04   2.7666081E+05   2.4706713E-04   2.5032727E-03   4.0033260E-04
   9.5000000E-01   1.6025060E+05   9.5157903E+03   1.6975299E+05   4.6964354E-04   2.9387276E-03   6.0292633E-04
   1.0000000E+00   6.5711736E+04   3.6342344E+03   6.9339682E+04   1.6091827E-03   4.9227792E-03   1.7824640E-03
