   0.0000000E+00   5.8134743E+08   5.6049685E+08   1.1329983E+09   7.9829440E-03   1.9065215E-03   4.9977380E-03
   5.0000000E-02   1.8055810E+07   7.9480069E+06   2.5970203E+07   1.0064125E-01   5.3125055E-02   8.6115097E-02
   1.0000000E-01   9.9978907E+06   4.2484502E+06   1.4227911E+07   8.9141441E-02   4.8402380E-02   7.6996358E-02
   1.5000000E-01   7.0206641E+06   2.9331195E+06   9.9379105E+06   8.2432566E-02   4.6193560E-02   7.1765274E-02
   2.0000000E-01   5.4411574E+06   2.2465834E+06   7.6753426E+06   7.8362881E-02   4.4276147E-02   6.8409119E-02
   2.5000000E-01   4.4367560E+06   1.8079365E+06   6.2351304E+06   7.5092080E-02   4.3274164E-02   6.5890568E-02
   3.0000000E-01   3.7015514E+06   1.5017330E+06   5.1947643E+06   7.4197443E-02   4.3910488E-02   6.5466352E-02
   3.5000000E-01   3.1612628E+06   1.2711114E+06   4.4253259E+06   7.3366221E-02   4.3558041E-02   6.4826958E-02
   4.0000000E-01   2.7334941E+06   1.0981054E+06   3.8252970E+06   7.4077957E-02   4.5076744E-02   6.5776877E-02
   4.5000000E-01   2.3776970E+06   9.5642925E+05   3.3290404E+06   7.5230979E-02   4.6005043E-02   6.6882071E-02
   5.0000000E-01   2.0814920E+06   8.2829962E+05   2.9064812E+06   7.6265050E-02   4.8341297E-02   6.8327848E-02
   5.5000000E-01   1.8335055E+06   7.3104785E+05   2.5607972E+06   7.8296192E-02   5.0414799E-02   7.0361928E-02
   6.0000000E-01   1.6061121E+06   6.3679484E+05   2.2397079E+06   8.1820814E-02   5.1744153E-02   7.3295585E-02
   6.5000000E-01   1.4070619E+06   5.5636650E+05   1.9609162E+06   8.5355973E-02   5.4975947E-02   7.6750478E-02
   7.0000000E-01   1.2255476E+06   4.8784173E+05   1.7113476E+06   8.9566947E-02   5.8338884E-02   8.0692459E-02
   7.5000000E-01   1.0645216E+06   4.2303384E+05   1.4858196E+06   9.3857200E-02   6.2389429E-02   8.4932352E-02
   8.0000000E-01   9.0753730E+05   3.5882278E+05   1.2650431E+06   1.0016912E-01   6.7154946E-02   9.0837626E-02
   8.5000000E-01   7.5705325E+05   2.9990783E+05   1.0559874E+06   1.0763654E-01   7.2183738E-02   9.7591456E-02
   9.0000000E-01   6.0375605E+05   2.3836459E+05   8.4159012E+05   1.1814315E-01   8.0794715E-02   1.0757842E-01
   9.5000000E-01   4.2697753E+05   1.6982670E+05   5.9635190E+05   1.3086470E-01   9.0930566E-02   1.1953008E-01
   1.0000000E+00   2.1594771E+05   8.4159562E+04   3.0005069E+05   1.4389137E-01   9.9704814E-02   1.3148468E-01
