   0.0000000E+00   1.6607118E+07   2.2874818E+08   2.4521168E+08   2.3970230E-03   5.8435028E-06   1.6628365E-04
   5.0000000E-02   1.0197439E+07   1.7323379E+07   2.7496563E+07   1.4754424E-03   5.8127225E-05   5.8530422E-04
   1.0000000E-01   8.7721748E+06   9.3632445E+06   1.8115461E+07   5.9013229E-04   5.4768124E-05   3.1276075E-04
   1.5000000E-01   7.7139006E+06   6.0584982E+06   1.3756186E+07   1.9750015E-04   3.7025979E-05   1.2252598E-04
   2.0000000E-01   6.7544403E+06   4.2487049E+06   1.0989092E+07   2.9562522E-04   4.3665701E-05   1.8101443E-04
   2.5000000E-01   5.8981676E+06   3.1092128E+06   8.9955392E+06   3.1463989E-04   1.4751091E-04   2.5400077E-04
   3.0000000E-01   5.1528853E+06   2.3422409E+06   7.4857466E+06   4.3533264E-04   6.9998706E-05   3.0939277E-04
   3.5000000E-01   4.4662424E+06   1.7989511E+06   6.2572903E+06   3.9921274E-04   1.4831437E-04   2.7163478E-04
   4.0000000E-01   3.8686429E+06   1.3981443E+06   5.2605563E+06   4.4071914E-04   1.6333809E-04   3.6516014E-04
   4.5000000E-01   3.3344375E+06   1.0994141E+06   4.4292255E+06   6.3989414E-04   2.0165689E-04   5.1839904E-04
   5.0000000E-01   2.8647253E+06   8.6930430E+05   3.7305855E+06   8.5563065E-04   1.0306627E-04   6.7743036E-04
   5.5000000E-01   2.4434624E+06   6.9243975E+05   3.1330142E+06   7.6756890E-04   5.5816553E-04   7.1625568E-04
   6.0000000E-01   2.0705899E+06   5.5508470E+05   2.6234305E+06   8.2160050E-04   7.5941871E-04   8.0317177E-04
   6.5000000E-01   1.7402344E+06   4.4499232E+05   2.1835862E+06   9.4509714E-04   5.4363257E-04   8.5396037E-04
   7.0000000E-01   1.4500743E+06   3.5652071E+05   1.8052763E+06   1.4754361E-03   1.1148278E-03   1.3903421E-03
   7.5000000E-01   1.2032283E+06   2.8781580E+05   1.4901911E+06   1.7933257E-03   1.0007726E-03   1.6201029E-03
   8.0000000E-01   9.7701241E+05   2.2560611E+05   1.2020097E+06   2.4845497E-03   8.8939527E-04   2.1823032E-03
   8.5000000E-01   7.7658250E+05   1.7584936E+05   9.5203491E+05   2.8597919E-03   1.8129135E-03   2.6585869E-03
   9.0000000E-01   5.9575232E+05   1.3229313E+05   7.2781909E+05   3.8789043E-03   3.2122623E-03   3.7579110E-03
   9.5000000E-01   4.1884555E+05   8.9682973E+04   5.0840455E+05   5.9901051E-03   3.1496908E-03   5.4873210E-03
   1.0000000E+00   2.4558119E+05   5.2627235E+04   2.9820213E+05   1.1286476E-02   7.7040393E-03   1.0653225E-02
