   0.0000000E+00   1.3901800E+09   7.5246420E+08   2.1292599E+09   1.0329149E-03   4.8697641E-06   6.7246184E-04
   5.0000000E-02   2.2008137E+07   9.1048087E+06   3.1089963E+07   1.0204741E-02   1.4500882E-05   7.2109778E-03
   1.0000000E-01   1.1576803E+07   5.0287869E+06   1.6592667E+07   5.0315712E-03   1.3322544E-04   3.5467319E-03
   1.5000000E-01   7.4850782E+06   3.3439515E+06   1.0820308E+07   3.9260274E-03   1.0527708E-04   2.7336513E-03
   2.0000000E-01   5.2976792E+06   2.4092398E+06   7.7009029E+06   2.6693336E-03   1.0531112E-04   1.8554421E-03
   2.5000000E-01   3.9487742E+06   1.8257618E+06   5.7699142E+06   2.2926722E-03   4.9950061E-05   1.5726396E-03
   3.0000000E-01   3.0378116E+06   1.4310788E+06   4.4658240E+06   2.4813523E-03   4.0384403E-05   1.6854738E-03
   3.5000000E-01   2.3942724E+06   1.1387218E+06   3.5308115E+06   2.3899126E-03   7.9178106E-05   1.6358596E-03
   4.0000000E-01   1.9159788E+06   9.1908797E+05   2.8334752E+06   1.6382111E-03   6.2907369E-05   1.1294549E-03
   4.5000000E-01   1.5453521E+06   7.5394172E+05   2.2980983E+06   1.8717586E-03   5.5108242E-05   1.2344138E-03
   5.0000000E-01   1.2565728E+06   6.2295155E+05   1.8787859E+06   2.2754980E-03   1.2329351E-04   1.5594084E-03
   5.5000000E-01   1.0367700E+06   5.1801751E+05   1.5542435E+06   2.2913616E-03   1.1757932E-04   1.5472738E-03
   6.0000000E-01   8.4565387E+05   4.3273699E+05   1.2778816E+06   1.7057703E-03   1.0135650E-04   1.1512366E-03
   6.5000000E-01   6.9800951E+05   3.5562070E+05   1.0533021E+06   2.6228303E-03   2.0827006E-04   1.7992439E-03
   7.0000000E-01   5.7000661E+05   2.9582811E+05   8.6557098E+05   3.2094277E-03   7.7732908E-05   2.1326304E-03
   7.5000000E-01   4.6515260E+05   2.4424554E+05   7.0923262E+05   1.9902751E-03   1.5953604E-04   1.3520250E-03
   8.0000000E-01   3.7461095E+05   1.9804445E+05   5.7250420E+05   3.0745515E-03   2.0590805E-04   2.0469329E-03
   8.5000000E-01   2.9399476E+05   1.5709529E+05   4.5095898E+05   4.5883019E-03   1.8272725E-04   3.0560923E-03
   9.0000000E-01   2.1793263E+05   1.1816724E+05   3.3605036E+05   6.1239770E-03   1.1369437E-04   4.0187336E-03
   9.5000000E-01   1.4418768E+05   8.0472090E+04   2.2461286E+05   9.2301746E-03   3.0570698E-05   5.9219881E-03
   1.0000000E+00   7.7180323E+04   4.4931209E+04   1.2211153E+05   1.9179179E-02   1.6811732E-04   1.2124762E-02
