   0.0000000E+00   1.2718339E+08   2.2150854E+08   3.4806600E+08   2.7293515E-02   1.8020036E-03   1.1090384E-02
   5.0000000E-02   1.5835535E+07   7.7226435E+06   2.3536151E+07   8.4603378E-02   2.1455268E-02   6.3910886E-02
   1.0000000E-01   9.5101763E+06   4.4596170E+06   1.3955438E+07   6.6124461E-02   1.8945166E-02   5.1083830E-02
   1.5000000E-01   7.1125495E+06   3.2352592E+06   1.0333591E+07   5.6465791E-02   1.8174316E-02   4.4524806E-02
   2.0000000E-01   5.7343367E+06   2.5905013E+06   8.3134266E+06   4.9930052E-02   1.7475090E-02   3.9851625E-02
   2.5000000E-01   4.8192499E+06   2.1580392E+06   6.9667466E+06   4.5775400E-02   1.7955076E-02   3.7193932E-02
   3.0000000E-01   4.1225162E+06   1.8509614E+06   5.9651167E+06   4.3666154E-02   1.8121491E-02   3.5753275E-02
   3.5000000E-01   3.6019856E+06   1.6146860E+06   5.2096233E+06   4.1815890E-02   1.8135931E-02   3.4487157E-02
   4.0000000E-01   3.1785709E+06   1.4225985E+06   4.5944610E+06   4.0849264E-02   1.9796731E-02   3.4334848E-02
   4.5000000E-01   2.8055621E+06   1.2619714E+06   4.0615210E+06   4.1116046E-02   1.9803949E-02   3.4496083E-02
   5.0000000E-01   2.4991337E+06   1.1201516E+06   3.6147907E+06   4.1739290E-02   2.1755748E-02   3.5547426E-02
   5.5000000E-01   2.2273011E+06   1.0019874E+06   3.2247049E+06   4.3210581E-02   2.3339338E-02   3.7051397E-02
   6.0000000E-01   1.9858346E+06   8.9118280E+05   2.8730120E+06   4.4571338E-02   2.5124554E-02   3.8552646E-02
   6.5000000E-01   1.7588335E+06   7.9474143E+05   2.5499903E+06   4.7020963E-02   2.6801072E-02   4.0720341E-02
   7.0000000E-01   1.5596912E+06   7.0197334E+05   2.2587133E+06   4.9482977E-02   2.9001911E-02   4.3128306E-02
   7.5000000E-01   1.3693309E+06   6.1879866E+05   1.9859057E+06   5.2932541E-02   3.2347623E-02   4.6532377E-02
   8.0000000E-01   1.1857640E+06   5.3568769E+05   1.7193707E+06   5.7846265E-02   3.5758965E-02   5.0975331E-02
   8.5000000E-01   1.0041366E+06   4.5354291E+05   1.4562490E+06   6.3300066E-02   3.9765847E-02   5.5981651E-02
   9.0000000E-01   8.2138098E+05   3.7216438E+05   1.1926258E+06   7.1565092E-02   4.6740286E-02   6.3815186E-02
   9.5000000E-01   6.0298614E+05   2.7538496E+05   8.7775459E+05   8.2681704E-02   5.5408062E-02   7.4127585E-02
   1.0000000E+00   3.2509421E+05   1.4786555E+05   4.7285287E+05   1.0013120E-01   6.9594149E-02   9.0582069E-02
