   0.0000000E+00   9.2788605E+07   5.9072713E+07   1.5181599E+08   4.3866443E-04   9.9447189E-05   3.0629561E-04
   5.0000000E-02   4.3129589E+07   2.2408443E+07   6.5462975E+07   1.0049253E-04   3.5009587E-05   7.8223696E-05
   1.0000000E-01   2.2264949E+07   1.1106660E+07   3.3337008E+07   6.3251938E-05   1.9298324E-05   4.2905278E-05
   1.5000000E-01   1.3991799E+07   6.9297123E+06   2.0897872E+07   1.1829019E-04   7.6678934E-05   1.0547529E-04
   2.0000000E-01   9.6316434E+06   4.7375970E+06   1.4354741E+07   2.8787716E-05   5.9795998E-05   2.2542507E-05
   2.5000000E-01   6.9472151E+06   3.4344873E+06   1.0371797E+07   5.3974671E-05   1.3188471E-04   6.2082538E-05
   3.0000000E-01   5.1758461E+06   2.5584369E+06   7.7284579E+06   1.3052037E-04   9.8462424E-05   1.0230021E-04
   3.5000000E-01   3.9564918E+06   1.9496935E+06   5.9020473E+06   1.6891479E-04   4.0217645E-05   1.0146039E-04
   4.0000000E-01   3.0568969E+06   1.5119720E+06   4.5661076E+06   1.3014031E-04   2.1915615E-04   1.4863752E-04
   4.5000000E-01   2.3988257E+06   1.1863056E+06   3.5831790E+06   1.0402418E-04   6.6366235E-05   9.3253712E-05
   5.0000000E-01   1.8873548E+06   9.3060442E+05   2.8167942E+06   2.1802603E-04   2.3459815E-04   1.7796127E-04
   5.5000000E-01   1.5022780E+06   7.4545282E+05   2.2466138E+06   2.3238082E-04   2.9138770E-04   2.4361925E-04
   6.0000000E-01   1.1975932E+06   5.9184949E+05   1.7886628E+06   1.4753493E-04   2.1626659E-04   1.5072725E-04
   6.5000000E-01   9.5271618E+05   4.7167159E+05   1.4238246E+06   7.2242067E-04   3.6256257E-04   5.9032689E-04
   7.0000000E-01   7.6237491E+05   3.7365488E+05   1.1356751E+06   6.5456604E-04   2.8214594E-04   4.8166502E-04
   7.5000000E-01   6.0378717E+05   2.9903304E+05   9.0264620E+05   8.5161555E-04   7.4348398E-04   8.0842370E-04
   8.0000000E-01   4.7015564E+05   2.3443523E+05   7.0441182E+05   8.6724604E-04   1.5743998E-03   1.0907909E-03
   8.5000000E-01   3.6115814E+05   1.7841456E+05   5.3947160E+05   1.7521179E-03   2.1157454E-03   1.8882806E-03
   9.0000000E-01   2.6690991E+05   1.3097391E+05   3.9783784E+05   3.0027604E-03   3.2486788E-03   3.0410909E-03
   9.5000000E-01   1.7508719E+05   8.6141356E+04   2.6120509E+05   3.9156560E-03   6.6951183E-03   4.8238137E-03
   1.0000000E+00   9.7621319E+04   4.8075010E+04   1.4569004E+05   1.0059728E-02   1.1583351E-02   1.0484644E-02
