   0.0000000E+00   3.1587545E+07   5.1810154E+07   8.3380383E+07   4.3854032E-02   1.5073790E-03   1.7550774E-02
   5.0000000E-02   1.1202598E+07   6.4427194E+06   1.7638060E+07   4.1562293E-02   4.8045714E-03   2.8137398E-02
   1.0000000E-01   7.7461029E+06   4.1281291E+06   1.1868375E+07   2.4851349E-02   3.7415473E-03   1.7498494E-02
   1.5000000E-01   6.1915517E+06   3.1814012E+06   9.3649952E+06   1.5781031E-02   3.8191888E-03   1.1725435E-02
   2.0000000E-01   5.2346061E+06   2.6301628E+06   7.8577183E+06   1.2070114E-02   4.0948680E-03   9.3981958E-03
   2.5000000E-01   4.5493486E+06   2.2532011E+06   6.7963235E+06   9.5546373E-03   3.1288201E-03   7.4255549E-03
   3.0000000E-01   4.0030439E+06   1.9720571E+06   5.9693714E+06   7.7476435E-03   3.1154637E-03   6.2298330E-03
   3.5000000E-01   3.5804405E+06   1.7490128E+06   5.3236055E+06   7.1658764E-03   4.0348355E-03   6.1317608E-03
   4.0000000E-01   3.2129563E+06   1.5714561E+06   4.7792399E+06   6.7782590E-03   4.0111806E-03   5.8671416E-03
   4.5000000E-01   2.8972424E+06   1.4060314E+06   4.2986194E+06   6.5924058E-03   3.8527748E-03   5.6837845E-03
   5.0000000E-01   2.6250443E+06   1.2706230E+06   3.8921150E+06   7.0315260E-03   4.6873541E-03   6.2626810E-03
   5.5000000E-01   2.3747364E+06   1.1495443E+06   3.5206462E+06   7.4706117E-03   4.2659524E-03   6.4194797E-03
   6.0000000E-01   2.1488517E+06   1.0391757E+06   3.1847222E+06   7.6384118E-03   6.1597028E-03   7.1535353E-03
   6.5000000E-01   1.9418421E+06   9.3345109E+05   2.8723794E+06   9.0265928E-03   6.2602844E-03   8.1238679E-03
   7.0000000E-01   1.7393453E+06   8.3863287E+05   2.5752179E+06   9.7024466E-03   6.7967282E-03   8.7595593E-03
   7.5000000E-01   1.5517734E+06   7.4945002E+05   2.2991056E+06   1.1087530E-02   8.9144348E-03   1.0375776E-02
   8.0000000E-01   1.3680999E+06   6.5652608E+05   2.0227360E+06   1.3162451E-02   9.4672527E-03   1.1954938E-02
   8.5000000E-01   1.1801620E+06   5.6515733E+05   1.7438289E+06   1.5778180E-02   1.2521831E-02   1.4715347E-02
   9.0000000E-01   9.8618769E+05   4.7326314E+05   1.4584818E+06   1.8981509E-02   1.4660294E-02   1.7584949E-02
   9.5000000E-01   7.5956445E+05   3.6461560E+05   1.1234429E+06   2.5143937E-02   2.0218072E-02   2.3547438E-02
   1.0000000E+00   4.7103576E+05   2.2492641E+05   6.9584270E+05   3.5810927E-02   3.0040054E-02   3.3932820E-02
