   0.0000000E+00   4.3787574E+08   6.6067585E+08   1.0916853E+09   1.1496969E-03   1.5536489E-04   5.5334485E-04
   5.0000000E-02   1.3622008E+07   9.8491445E+06   2.3441804E+07   1.4445631E-02   3.5108293E-03   9.8434976E-03
   1.0000000E-01   9.0020264E+06   5.4426216E+06   1.4424881E+07   9.5856800E-03   2.8318830E-03   7.0399561E-03
   1.5000000E-01   6.9861593E+06   3.6976786E+06   1.0667753E+07   7.5551949E-03   2.3785806E-03   5.7656446E-03
   2.0000000E-01   5.7461460E+06   2.7169340E+06   8.4488516E+06   6.5796449E-03   2.2048135E-03   5.1750066E-03
   2.5000000E-01   4.8649846E+06   2.0858083E+06   6.9407980E+06   5.9290459E-03   2.1106566E-03   4.7904375E-03
   3.0000000E-01   4.1675783E+06   1.6341499E+06   5.7924442E+06   5.5703156E-03   2.0317112E-03   4.5716499E-03
   3.5000000E-01   3.6253131E+06   1.3016146E+06   4.9187153E+06   4.9954829E-03   2.3699530E-03   4.3053336E-03
   4.0000000E-01   3.1585651E+06   1.0497701E+06   4.2013642E+06   5.5533564E-03   2.1853642E-03   4.7102520E-03
   4.5000000E-01   2.7465050E+06   8.5475400E+05   3.5957912E+06   5.6100926E-03   2.1349671E-03   4.7889858E-03
   5.0000000E-01   2.3895141E+06   6.9995707E+05   3.0855751E+06   5.9782813E-03   2.0637141E-03   5.0908585E-03
   5.5000000E-01   2.0703164E+06   5.7086274E+05   2.6372379E+06   6.0541026E-03   2.3675706E-03   5.2521235E-03
   6.0000000E-01   1.7880740E+06   4.6784126E+05   2.2531406E+06   6.5606648E-03   2.4936338E-03   5.7185593E-03
   6.5000000E-01   1.5332498E+06   3.8240281E+05   1.9135370E+06   7.2636435E-03   2.8711622E-03   6.3839523E-03
   7.0000000E-01   1.3024331E+06   3.0889701E+05   1.6096522E+06   8.2823489E-03   3.0531409E-03   7.2875496E-03
   7.5000000E-01   1.0940183E+06   2.4858729E+05   1.3414385E+06   9.3015353E-03   3.4247121E-03   8.2287963E-03
   8.0000000E-01   8.9829039E+05   1.9709350E+05   1.0943693E+06   1.1176706E-02   4.0711542E-03   9.8897062E-03
   8.5000000E-01   7.2384043E+05   1.5140316E+05   8.7456577E+05   1.3054565E-02   4.6766759E-03   1.1615805E-02
   9.0000000E-01   5.5168762E+05   1.1256145E+05   6.6396613E+05   1.6692774E-02   4.8619486E-03   1.4689384E-02
   9.5000000E-01   3.8332552E+05   7.4176255E+04   4.5732419E+05   2.1450410E-02   8.1650997E-03   1.9303824E-02
   1.0000000E+00   2.0740286E+05   3.8882535E+04   2.4626025E+05   3.0549664E-02   8.3181051E-03   2.7024639E-02
