   0.0000000E+00   2.7685830E+07   3.0138089E+07   5.7811187E+07   3.2763066E-02   3.4163878E-03   1.7464407E-02
   5.0000000E-02   1.4742395E+07   8.4896430E+06   2.3218478E+07   1.9848379E-02   5.2272235E-03   1.4502684E-02
   1.0000000E-01   9.7770473E+06   5.1043855E+06   1.4871024E+07   1.0653988E-02   4.1426799E-03   8.4254077E-03
   1.5000000E-01   7.4609079E+06   3.7673460E+06   1.1219299E+07   6.7939204E-03   2.9434117E-03   5.4928302E-03
   2.0000000E-01   6.0277229E+06   2.9978743E+06   9.0175122E+06   4.8426096E-03   3.0458273E-03   4.2316142E-03
   2.5000000E-01   5.0177734E+06   2.4923409E+06   7.5030606E+06   4.1713585E-03   2.8374567E-03   3.7106112E-03
   3.0000000E-01   4.2958147E+06   2.1149252E+06   6.4047557E+06   3.5377260E-03   1.9759195E-03   3.0226963E-03
   3.5000000E-01   3.7326927E+06   1.8196685E+06   5.5469863E+06   3.3693897E-03   2.2882761E-03   3.0052032E-03
   4.0000000E-01   3.2765467E+06   1.5977803E+06   4.8696399E+06   3.0603665E-03   2.3309089E-03   2.8015283E-03
   4.5000000E-01   2.8831448E+06   1.4147884E+06   4.2939579E+06   3.2901948E-03   3.2004032E-03   3.2612162E-03
   5.0000000E-01   2.5630248E+06   1.2496655E+06   3.8098192E+06   3.4885066E-03   2.9744326E-03   3.3162961E-03
   5.5000000E-01   2.2756379E+06   1.1140730E+06   3.3866841E+06   3.8510059E-03   3.9569994E-03   3.8899921E-03
   6.0000000E-01   2.0243129E+06   9.9090398E+05   3.0127659E+06   4.6535691E-03   3.9887010E-03   4.4386062E-03
   6.5000000E-01   1.8062274E+06   8.8357927E+05   2.6873875E+06   5.5750472E-03   5.0849741E-03   5.4114998E-03
   7.0000000E-01   1.5944915E+06   7.7936357E+05   2.3719816E+06   6.3014815E-03   6.0789716E-03   6.2168295E-03
   7.5000000E-01   1.4029445E+06   6.8774458E+05   2.0890338E+06   7.5242641E-03   7.0535668E-03   7.3640876E-03
   8.0000000E-01   1.2168987E+06   5.9627399E+05   1.8119870E+06   8.6681085E-03   7.4231078E-03   8.2602153E-03
   8.5000000E-01   1.0400607E+06   5.0912730E+05   1.5482331E+06   1.0468278E-02   9.2488000E-03   1.0067153E-02
   9.0000000E-01   8.5441801E+05   4.1747403E+05   1.2712342E+06   1.3476116E-02   1.3534577E-02   1.3492388E-02
   9.5000000E-01   6.4784438E+05   3.1497936E+05   9.6239151E+05   1.8799512E-02   1.8480849E-02   1.8690820E-02
   1.0000000E+00   3.9998585E+05   1.9535582E+05   5.9527250E+05   2.9707435E-02   2.9629319E-02   2.9678179E-02
