   0.0000000E+00   3.7245414E+08   4.4217623E+08   8.1011445E+08   1.3564670E-02   1.2701713E-03   6.8867138E-03
   5.0000000E-02   1.7893854E+07   7.8523866E+06   2.5712691E+07   1.0933123E-01   2.9169913E-02   8.4882540E-02
   1.0000000E-01   1.0118976E+07   4.2813953E+06   1.4382546E+07   9.3737055E-02   2.7747924E-02   7.4116505E-02
   1.5000000E-01   7.2007426E+06   3.0218219E+06   1.0206437E+07   8.5434706E-02   2.6936948E-02   6.8149090E-02
   2.0000000E-01   5.6568601E+06   2.3388774E+06   7.9824003E+06   7.9478740E-02   2.6894405E-02   6.4125838E-02
   2.5000000E-01   4.6333187E+06   1.9189757E+06   6.5413318E+06   7.6388688E-02   2.7427517E-02   6.2046250E-02
   3.0000000E-01   3.9132381E+06   1.6200382E+06   5.5256899E+06   7.4131861E-02   2.7741349E-02   6.0554908E-02
   3.5000000E-01   3.3744577E+06   1.3878584E+06   4.7553405E+06   7.2868554E-02   2.8052671E-02   5.9815851E-02
   4.0000000E-01   2.9324139E+06   1.1998930E+06   4.1258770E+06   7.2943367E-02   2.9814694E-02   6.0439392E-02
   4.5000000E-01   2.5710385E+06   1.0630984E+06   3.6284710E+06   7.3694055E-02   3.1086132E-02   6.1238911E-02
   5.0000000E-01   2.2576829E+06   9.3637219E+05   3.1898152E+06   7.4812822E-02   3.2726989E-02   6.2479720E-02
   5.5000000E-01   2.0016541E+06   8.2554537E+05   2.8229168E+06   7.7085116E-02   3.4847152E-02   6.4789281E-02
   6.0000000E-01   1.7703812E+06   7.2758213E+05   2.4944089E+06   7.9677103E-02   3.7107404E-02   6.7289021E-02
   6.5000000E-01   1.5515844E+06   6.4259910E+05   2.1911032E+06   8.2923182E-02   4.0214436E-02   7.0425689E-02
   7.0000000E-01   1.3611704E+06   5.6587313E+05   1.9260158E+06   8.6845907E-02   4.1892518E-02   7.3618826E-02
   7.5000000E-01   1.1819016E+06   4.9567215E+05   1.6754432E+06   9.1261837E-02   4.5989304E-02   7.7893080E-02
   8.0000000E-01   1.0194869E+06   4.2595433E+05   1.4438298E+06   9.7972356E-02   5.0263066E-02   8.3933173E-02
   8.5000000E-01   8.5530615E+05   3.5787768E+05   1.2119293E+06   1.0571521E-01   5.6113529E-02   9.1077793E-02
   9.0000000E-01   6.9151762E+05   2.8979286E+05   9.8058190E+05   1.1618322E-01   6.2034785E-02   1.0021472E-01
   9.5000000E-01   4.9328986E+05   2.0582252E+05   6.9866004E+05   1.3020800E-01   7.0366432E-02   1.1260878E-01
   1.0000000E+00   2.5079361E+05   1.0478290E+05   3.5551363E+05   1.4648633E-01   8.1463501E-02   1.2730163E-01
