   0.0000000E+00   5.8611443E+08   6.9015338E+08   1.2652752E+09   7.8520390E-03   1.5088734E-03   4.4203763E-03
   5.0000000E-02   1.9234575E+07   8.5466204E+06   2.7739370E+07   9.3432496E-02   4.7885575E-02   7.9410895E-02
   1.0000000E-01   1.0592366E+07   4.3716998E+06   1.4945636E+07   8.2351769E-02   4.3706932E-02   7.1065903E-02
   1.5000000E-01   7.4129492E+06   2.9291937E+06   1.0325527E+07   7.5789681E-02   4.0899262E-02   6.5923809E-02
   2.0000000E-01   5.7009460E+06   2.1869162E+06   7.8750502E+06   7.1475519E-02   3.9804896E-02   6.2708813E-02
   2.5000000E-01   4.6199115E+06   1.7213435E+06   6.3306998E+06   6.9294533E-02   3.8373877E-02   6.0920993E-02
   3.0000000E-01   3.8310611E+06   1.3916402E+06   5.2142767E+06   6.6830897E-02   3.8187487E-02   5.9214219E-02
   3.5000000E-01   3.2335373E+06   1.1630952E+06   4.3898207E+06   6.6443632E-02   3.8553461E-02   5.9068076E-02
   4.0000000E-01   2.7768559E+06   9.7497522E+05   3.7454171E+06   6.6602255E-02   3.8241172E-02   5.9242829E-02
   4.5000000E-01   2.3859802E+06   8.2829184E+05   3.2090588E+06   6.6803109E-02   3.9720135E-02   5.9844035E-02
   5.0000000E-01   2.0726876E+06   7.1179820E+05   2.7808761E+06   6.7749706E-02   4.0711887E-02   6.0850269E-02
   5.5000000E-01   1.7998109E+06   6.0962709E+05   2.4059482E+06   6.9228222E-02   4.1937567E-02   6.2348161E-02
   6.0000000E-01   1.5605938E+06   5.3014512E+05   2.0879166E+06   7.1293509E-02   4.2213014E-02   6.3915341E-02
   6.5000000E-01   1.3537132E+06   4.4991388E+05   1.8015997E+06   7.3681020E-02   4.5283260E-02   6.6593552E-02
   7.0000000E-01   1.1660646E+06   3.8743315E+05   1.5517243E+06   7.7422423E-02   4.8242177E-02   7.0150383E-02
   7.5000000E-01   9.9404782E+05   3.2892446E+05   1.3215717E+06   8.1050310E-02   5.1433300E-02   7.3708475E-02
   8.0000000E-01   8.4543504E+05   2.7457809E+05   1.1188035E+06   8.5812036E-02   5.5574464E-02   7.8406302E-02
   8.5000000E-01   6.8999472E+05   2.2531097E+05   9.1452677E+05   9.2010401E-02   5.9351088E-02   8.3971077E-02
   9.0000000E-01   5.4343632E+05   1.7675041E+05   7.1974109E+05   1.0101291E-01   6.6066255E-02   9.2444858E-02
   9.5000000E-01   3.8225667E+05   1.2213718E+05   5.0410569E+05   1.1284201E-01   7.5823765E-02   1.0387340E-01
   1.0000000E+00   1.8647772E+05   6.0304397E+04   2.4673182E+05   1.2395678E-01   8.5489356E-02   1.1455419E-01
