   0.0000000E+00   1.8157751E+09   9.7793863E+08   2.7703722E+09   3.5354838E-04   4.7739470E-05   2.4548289E-04
   5.0000000E-02   1.7503733E+07   7.6234581E+06   2.5111594E+07   6.0919727E-03   7.1154029E-04   4.4595041E-03
   1.0000000E-01   9.1079281E+06   4.0662496E+06   1.3164979E+07   2.5379181E-03   3.3265063E-04   1.7594370E-03
   1.5000000E-01   5.9095716E+06   2.6559352E+06   8.5598197E+06   2.0215891E-03   5.4446730E-04   1.5055391E-03
   2.0000000E-01   4.1505381E+06   1.8992437E+06   6.0457711E+06   2.3317176E-03   2.0609635E-04   1.6271051E-03
   2.5000000E-01   3.0987213E+06   1.4188981E+06   4.5151111E+06   9.1667987E-04   1.8068857E-04   6.9046069E-04
   3.0000000E-01   2.3664218E+06   1.0903917E+06   3.4550947E+06   1.3901366E-03   1.7869745E-04   9.8739178E-04
   3.5000000E-01   1.8747088E+06   8.6489343E+05   2.7381653E+06   9.6181577E-04   4.8450948E-04   8.0652592E-04
   4.0000000E-01   1.4811436E+06   6.9062104E+05   2.1708416E+06   9.5113002E-04   4.8162913E-04   7.9387045E-04
   4.5000000E-01   1.2018179E+06   5.5947560E+05   1.7606144E+06   1.5994060E-04   1.8619184E-04   7.9353352E-05
   5.0000000E-01   9.8307462E+05   4.5722032E+05   1.4396902E+06   1.3834844E-03   4.0988768E-04   8.6659990E-04
   5.5000000E-01   8.0741328E+05   3.7617284E+05   1.1832099E+06   1.4225866E-03   1.3426413E-04   9.8287980E-04
   6.0000000E-01   6.6381405E+05   3.1252195E+05   9.7604952E+05   7.1492086E-04   9.4689146E-05   5.0661295E-04
   6.5000000E-01   5.4417279E+05   2.5659694E+05   8.0057875E+05   1.4276205E-03   5.9798623E-04   1.0426688E-03
   7.0000000E-01   4.4892607E+05   2.1297205E+05   6.6171623E+05   2.4003092E-03   7.0810773E-04   1.7045019E-03
   7.5000000E-01   3.6729990E+05   1.7306296E+05   5.4023554E+05   8.1468913E-04   5.9411375E-04   7.5129959E-04
   8.0000000E-01   2.9463957E+05   1.4022346E+05   4.3476356E+05   2.5567583E-03   1.5579366E-04   1.7597278E-03
   8.5000000E-01   2.2935164E+05   1.0906420E+05   3.3835592E+05   2.9231007E-03   4.5004603E-04   1.9976216E-03
   9.0000000E-01   1.7125072E+05   8.1713685E+04   2.5293965E+05   2.8780781E-03   2.8331977E-04   2.0089448E-03
   9.5000000E-01   1.1211544E+05   5.4920183E+04   1.6703228E+05   3.3382917E-03   7.9149580E-04   2.4964747E-03
   1.0000000E+00   5.9260655E+04   2.9363105E+04   8.8623760E+04   1.3022237E-02   2.6077633E-03   9.2640257E-03
