   0.0000000E+00   5.6069395E+07   4.0723294E+07   9.6771298E+07   5.1511843E-03   1.4804591E-03   3.6085813E-03
   5.0000000E-02   2.6840463E+07   1.3654285E+07   4.0467245E+07   2.0459311E-03   1.1112341E-03   1.7284315E-03
   1.0000000E-01   1.5101608E+07   7.5034553E+06   2.2589434E+07   7.9103980E-04   6.4121224E-04   7.3758455E-04
   1.5000000E-01   1.0264687E+07   5.1030168E+06   1.5352913E+07   4.7163084E-04   6.3377149E-04   5.2003899E-04
   2.0000000E-01   7.6026088E+06   3.7868531E+06   1.1380008E+07   5.1983804E-04   4.7931864E-04   5.0970106E-04
   2.5000000E-01   5.9297057E+06   2.9336330E+06   8.8556993E+06   5.1304911E-04   3.5091670E-04   4.4966056E-04
   3.0000000E-01   4.7473585E+06   2.3691699E+06   7.1103426E+06   3.2213582E-04   2.9231808E-04   2.0352827E-04
   3.5000000E-01   3.9033614E+06   1.9396531E+06   5.8379488E+06   2.7230925E-04   6.4021365E-04   3.8718536E-04
   4.0000000E-01   3.2545196E+06   1.6069079E+06   4.8579898E+06   4.9560718E-04   4.5645714E-04   3.8879816E-04
   4.5000000E-01   2.7367364E+06   1.3610365E+06   4.0947950E+06   6.9632992E-04   4.8236359E-04   6.2412518E-04
   5.0000000E-01   2.3164938E+06   1.1499836E+06   3.4640646E+06   6.4386634E-04   9.1983449E-04   7.2984781E-04
   5.5000000E-01   1.9788400E+06   9.7912121E+05   2.9563291E+06   7.2769568E-04   7.5702951E-04   7.1328293E-04
   6.0000000E-01   1.6869416E+06   8.3988186E+05   2.5254547E+06   1.1004900E-03   1.3786564E-03   1.1885122E-03
   6.5000000E-01   1.4431436E+06   7.1839113E+05   2.1603986E+06   1.3713994E-03   1.3140672E-03   1.3378515E-03
   7.0000000E-01   1.2314727E+06   6.0840842E+05   1.8390263E+06   1.5334134E-03   1.6557794E-03   1.5594462E-03
   7.5000000E-01   1.0346769E+06   5.1672729E+05   1.5506954E+06   1.9148857E-03   1.9496712E-03   1.9256303E-03
   8.0000000E-01   8.6343944E+05   4.3000085E+05   1.2929748E+06   2.8654923E-03   2.4033137E-03   2.7005188E-03
   8.5000000E-01   7.0913076E+05   3.5249262E+05   1.0613350E+06   3.7869530E-03   3.2134072E-03   3.5799901E-03
   9.0000000E-01   5.5470449E+05   2.7507633E+05   8.2957215E+05   5.6459515E-03   4.5536596E-03   5.2806368E-03
   9.5000000E-01   3.9628241E+05   1.9594486E+05   5.9208989E+05   7.4037085E-03   7.0833836E-03   7.2993026E-03
   1.0000000E+00   2.3626296E+05   1.1604400E+05   3.5228180E+05   1.5214547E-02   1.4341274E-02   1.4867334E-02
