   0.0000000E+00   4.2319427E+07   2.9918583E+07   7.2224768E+07   1.5072816E-02   3.2855729E-03   1.0183368E-02
   5.0000000E-02   2.1526279E+07   1.2221572E+07   3.3721813E+07   7.8615204E-03   3.1901057E-03   6.1726643E-03
   1.0000000E-01   1.3049209E+07   6.7718518E+06   1.9804668E+07   4.0533267E-03   2.1372956E-03   3.3940189E-03
   1.5000000E-01   9.2784998E+06   4.6721313E+06   1.3937962E+07   2.6593057E-03   1.8123518E-03   2.3699454E-03
   2.0000000E-01   7.1040878E+06   3.5290380E+06   1.0622383E+07   1.9800781E-03   1.3143718E-03   1.7578004E-03
   2.5000000E-01   5.6762801E+06   2.8143814E+06   8.4818762E+06   1.3970244E-03   1.1706361E-03   1.3244164E-03
   3.0000000E-01   4.6494040E+06   2.2985263E+06   6.9412033E+06   1.4707368E-03   1.4155200E-03   1.4505397E-03
   3.5000000E-01   3.8938848E+06   1.9121511E+06   5.8003701E+06   1.4586865E-03   1.2571761E-03   1.3867669E-03
   4.0000000E-01   3.2955498E+06   1.6203644E+06   4.9114818E+06   1.4248248E-03   1.6141203E-03   1.4783961E-03
   4.5000000E-01   2.8231894E+06   1.3850088E+06   4.2045411E+06   1.8115043E-03   1.6184450E-03   1.7065163E-03
   5.0000000E-01   2.4329125E+06   1.1912747E+06   3.6213415E+06   2.0948351E-03   1.9937285E-03   2.0568151E-03
   5.5000000E-01   2.0958738E+06   1.0266767E+06   3.1198767E+06   2.7898308E-03   1.8478563E-03   2.4743945E-03
   6.0000000E-01   1.8151038E+06   8.9707153E+05   2.7099471E+06   2.6754352E-03   2.6628093E-03   2.6684905E-03
   6.5000000E-01   1.5741991E+06   7.7173008E+05   2.3440389E+06   3.5373551E-03   2.9063988E-03   3.3152349E-03
   7.0000000E-01   1.3535082E+06   6.6585881E+05   2.0179574E+06   4.0500981E-03   4.1888723E-03   4.0752733E-03
   7.5000000E-01   1.1617207E+06   5.6985533E+05   1.7303623E+06   5.3191059E-03   5.1246405E-03   5.2650149E-03
   8.0000000E-01   9.8450860E+05   4.8136413E+05   1.4649854E+06   5.9433336E-03   6.8052127E-03   6.2200535E-03
   8.5000000E-01   8.1297468E+05   4.0081955E+05   1.2131951E+06   7.9895078E-03   7.5479028E-03   7.8422378E-03
   9.0000000E-01   6.5274040E+05   3.2061586E+05   9.7297076E+05   1.1036072E-02   1.0269528E-02   1.0769477E-02
   9.5000000E-01   4.8050720E+05   2.3669523E+05   7.1703155E+05   1.5692049E-02   1.5004260E-02   1.5464070E-02
   1.0000000E+00   2.9205914E+05   1.4387292E+05   4.3588806E+05   2.5734142E-02   2.6062578E-02   2.5845545E-02
