   0.0000000E+00   2.6225781E+08   5.2370787E+08   7.8258039E+08   1.2866122E-02   1.4755335E-03   5.2668532E-03
   5.0000000E-02   1.9902644E+07   9.6478453E+06   2.9513565E+07   6.4951683E-02   2.9782983E-02   5.3464826E-02
   1.0000000E-01   1.1561461E+07   5.0487131E+06   1.6585982E+07   5.2900566E-02   2.6162493E-02   4.4764846E-02
   1.5000000E-01   8.3049171E+06   3.4319323E+06   1.1717199E+07   4.6476778E-02   2.4391490E-02   4.0014441E-02
   2.0000000E-01   6.4667518E+06   2.5682674E+06   9.0193425E+06   4.2265142E-02   2.3201067E-02   3.6866209E-02
   2.5000000E-01   5.2622990E+06   2.0268191E+06   7.2767677E+06   3.9708838E-02   2.1821294E-02   3.4729523E-02
   3.0000000E-01   4.3754877E+06   1.6502988E+06   6.0153672E+06   3.8386093E-02   2.1703259E-02   3.3814136E-02
   3.5000000E-01   3.7043449E+06   1.3663679E+06   5.0630734E+06   3.7015333E-02   2.2130800E-02   3.3014308E-02
   4.0000000E-01   3.1737008E+06   1.1486849E+06   4.3156534E+06   3.6619897E-02   2.2637236E-02   3.2905622E-02
   4.5000000E-01   2.7160958E+06   9.7664547E+05   3.6868207E+06   3.6937867E-02   2.2395672E-02   3.3094339E-02
   5.0000000E-01   2.3407172E+06   8.3353900E+05   3.1705384E+06   3.7548270E-02   2.4239295E-02   3.4065228E-02
   5.5000000E-01   2.0273504E+06   7.1222126E+05   2.7357924E+06   3.8751986E-02   2.5165004E-02   3.5222177E-02
   6.0000000E-01   1.7428633E+06   6.0960057E+05   2.3495142E+06   3.9472543E-02   2.7087090E-02   3.6258533E-02
   6.5000000E-01   1.5043472E+06   5.2283623E+05   2.0245635E+06   4.2230614E-02   2.8154995E-02   3.8594653E-02
   7.0000000E-01   1.2896780E+06   4.4663424E+05   1.7342978E+06   4.4940049E-02   3.0938514E-02   4.1346652E-02
   7.5000000E-01   1.0965563E+06   3.7502846E+05   1.4701418E+06   4.7442660E-02   3.3549966E-02   4.3905715E-02
   8.0000000E-01   9.2258937E+05   3.1443048E+05   1.2357864E+06   5.2079479E-02   3.7619364E-02   4.8413294E-02
   8.5000000E-01   7.5415476E+05   2.5895445E+05   1.0122779E+06   5.6417725E-02   4.1797940E-02   5.2681190E-02
   9.0000000E-01   5.9415370E+05   2.0106928E+05   7.9479149E+05   6.4108200E-02   4.7983596E-02   6.0041029E-02
   9.5000000E-01   4.2049071E+05   1.4286083E+05   5.6300642E+05   7.4146166E-02   5.7824065E-02   7.0020281E-02
   1.0000000E+00   2.1404886E+05   7.2540072E+04   2.8651348E+05   8.9201743E-02   6.7254323E-02   8.3653504E-02
