   0.0000000E+00   2.1141888E+07   5.3165900E+07   7.4291490E+07   2.1065287E-02   4.5527750E-04   6.3104971E-03
   5.0000000E-02   1.2748502E+07   9.0259315E+06   2.1762974E+07   1.1315463E-02   1.2729432E-03   7.1516594E-03
   1.0000000E-01   9.2568971E+06   5.3786095E+06   1.4627326E+07   5.2484950E-03   1.1774325E-03   3.7553239E-03
   1.5000000E-01   7.3598126E+06   3.9014818E+06   1.1252403E+07   2.9403856E-03   1.1350163E-03   2.3157153E-03
   2.0000000E-01   6.0823767E+06   3.0786614E+06   9.1536215E+06   2.0178677E-03   6.6964488E-04   1.5658717E-03
   2.5000000E-01   5.1479367E+06   2.5293540E+06   7.6707972E+06   1.6641594E-03   9.9434534E-04   1.4480452E-03
   3.0000000E-01   4.4090163E+06   2.1267132E+06   6.5298302E+06   1.5928279E-03   8.0599569E-04   1.3360745E-03
   3.5000000E-01   3.8253482E+06   1.8211327E+06   5.6412424E+06   1.5024413E-03   8.5256274E-04   1.2906550E-03
   4.0000000E-01   3.3499887E+06   1.5892337E+06   4.9347661E+06   1.6519965E-03   1.7246431E-03   1.6765443E-03
   4.5000000E-01   2.9502446E+06   1.3873289E+06   4.3337537E+06   2.1177318E-03   1.3434012E-03   1.8689914E-03
   5.0000000E-01   2.5979753E+06   1.2224946E+06   3.8178342E+06   2.0582080E-03   1.3423387E-03   1.8333683E-03
   5.5000000E-01   2.3154266E+06   1.0849506E+06   3.3975587E+06   2.5284043E-03   1.7517074E-03   2.2582622E-03
   6.0000000E-01   2.0485416E+06   9.5480764E+05   3.0009460E+06   2.8571975E-03   2.2848739E-03   2.6695319E-03
   6.5000000E-01   1.8084654E+06   8.4679734E+05   2.6531080E+06   3.1559854E-03   3.2332560E-03   3.1735874E-03
   7.0000000E-01   1.5971062E+06   7.4357644E+05   2.3387410E+06   4.1177536E-03   4.2603570E-03   4.1625172E-03
   7.5000000E-01   1.3955979E+06   6.4986146E+05   2.0441055E+06   5.1666680E-03   3.8786102E-03   4.7536763E-03
   8.0000000E-01   1.2102221E+06   5.6083417E+05   1.7699064E+06   6.1703505E-03   5.3708805E-03   5.8924110E-03
   8.5000000E-01   1.0309945E+06   4.7700047E+05   1.5071861E+06   8.1411212E-03   7.3604902E-03   7.8943115E-03
   9.0000000E-01   8.4252736E+05   3.9356542E+05   1.2355517E+06   1.0116791E-02   9.2217505E-03   9.8186782E-03
   9.5000000E-01   6.4487573E+05   2.9923810E+05   9.4367154E+05   1.4994508E-02   1.3350905E-02   1.4472277E-02
   1.0000000E+00   4.0883250E+05   1.8956493E+05   5.9830941E+05   2.2779883E-02   2.3281089E-02   2.2927619E-02
