   0.0000000E+00   3.4833797E+07   4.8742666E+07   8.3554563E+07   5.1883987E-02   7.2200242E-03   2.5836307E-02
   5.0000000E-02   1.5620485E+07   8.3205568E+06   2.3924107E+07   4.1893161E-02   1.6432148E-02   3.3039587E-02
   1.0000000E-01   9.7909256E+06   4.9613689E+06   1.4739403E+07   2.8073030E-02   1.2489065E-02   2.2830326E-02
   1.5000000E-01   7.3712930E+06   3.6570835E+06   1.1016599E+07   2.0763966E-02   1.1165731E-02   1.7580290E-02
   2.0000000E-01   5.9212801E+06   2.9151774E+06   8.8265103E+06   1.6702581E-02   1.0009647E-02   1.4492160E-02
   2.5000000E-01   4.9507246E+06   2.4306270E+06   7.3717259E+06   1.4198478E-02   8.7329963E-03   1.2395134E-02
   3.0000000E-01   4.2513044E+06   2.0783726E+06   6.3221967E+06   1.2463412E-02   9.2481978E-03   1.1417346E-02
   3.5000000E-01   3.6968237E+06   1.8129658E+06   5.5032414E+06   1.2051289E-02   8.5837659E-03   1.0907147E-02
   4.0000000E-01   3.2550130E+06   1.5883982E+06   4.8375861E+06   1.1291256E-02   9.4911521E-03   1.0699272E-02
   4.5000000E-01   2.8778114E+06   1.4067741E+06   4.2794288E+06   1.2214415E-02   9.6557063E-03   1.1373485E-02
   5.0000000E-01   2.5613569E+06   1.2511043E+06   3.8085141E+06   1.2227824E-02   1.0289581E-02   1.1585886E-02
   5.5000000E-01   2.2819520E+06   1.1129387E+06   3.3910825E+06   1.2745490E-02   1.0902065E-02   1.2143412E-02
   6.0000000E-01   2.0307746E+06   9.9285098E+05   3.0203152E+06   1.3532137E-02   1.1899020E-02   1.2999765E-02
   6.5000000E-01   1.7997829E+06   8.8195344E+05   2.6787148E+06   1.5126635E-02   1.2753878E-02   1.4353230E-02
   7.0000000E-01   1.5954828E+06   7.8301049E+05   2.3759423E+06   1.6752977E-02   1.4542062E-02   1.6041950E-02
   7.5000000E-01   1.3990696E+06   6.8623367E+05   2.0834146E+06   1.8686532E-02   1.6992404E-02   1.8137193E-02
   8.0000000E-01   1.2205234E+06   5.9703396E+05   1.8160653E+06   2.1416046E-02   1.9338181E-02   2.0731637E-02
   8.5000000E-01   1.0367203E+06   5.0685419E+05   1.5423237E+06   2.4886994E-02   2.2325811E-02   2.4055036E-02
   9.0000000E-01   8.5184677E+05   4.1957841E+05   1.2706789E+06   3.0043186E-02   2.7291457E-02   2.9121686E-02
   9.5000000E-01   6.4208800E+05   3.1423887E+05   9.5581087E+05   3.8287851E-02   3.4798889E-02   3.7146106E-02
   1.0000000E+00   3.7613068E+05   1.8378663E+05   5.5984814E+05   5.1084699E-02   4.9176364E-02   5.0455194E-02
