   0.0000000E+00   5.9753132E+07   4.8113685E+07   1.0784033E+08   1.8440503E-03   1.1476030E-04   1.0656909E-03
   5.0000000E-02   3.2660059E+07   1.8755391E+07   5.1360510E+07   6.1219201E-04   2.4780687E-04   4.7347239E-04
   1.0000000E-01   1.8895161E+07   9.6861380E+06   2.8549309E+07   1.9439009E-04   1.4336651E-04   1.7498316E-04
   1.5000000E-01   1.2606260E+07   6.2434999E+06   1.8821557E+07   1.7020565E-04   1.8644124E-04   1.7426805E-04
   2.0000000E-01   9.0251675E+06   4.4357915E+06   1.3442784E+07   2.6429236E-04   3.1480575E-04   2.8064766E-04
   2.5000000E-01   6.7473165E+06   3.2929030E+06   1.0028417E+07   1.3281131E-04   2.3464812E-04   1.6721234E-04
   3.0000000E-01   5.1889711E+06   2.5264892E+06   7.7065688E+06   2.0678085E-04   5.9745546E-05   1.4707693E-04
   3.5000000E-01   4.0843160E+06   1.9844802E+06   6.0626756E+06   2.8960132E-04   2.9384246E-04   2.8601627E-04
   4.0000000E-01   3.2517185E+06   1.5756737E+06   4.8229439E+06   1.4195607E-04   2.6785418E-04   1.8486704E-04
   4.5000000E-01   2.6190679E+06   1.2722351E+06   3.8882189E+06   3.2772602E-04   3.3505180E-04   3.2353562E-04
   5.0000000E-01   2.1303589E+06   1.0302099E+06   3.1585062E+06   3.9133979E-04   6.7262613E-04   4.7576986E-04
   5.5000000E-01   1.7331452E+06   8.4213221E+05   2.5734255E+06   6.7149718E-04   6.4511810E-04   6.4685845E-04
   6.0000000E-01   1.4210414E+06   6.8682255E+05   2.1064422E+06   7.7519044E-04   1.3763009E-03   9.5898646E-04
   6.5000000E-01   1.1602346E+06   5.6376109E+05   1.7230555E+06   1.0159412E-03   6.9787525E-04   9.1121054E-04
   7.0000000E-01   9.5019594E+05   4.6223143E+05   1.4117362E+06   1.3299018E-03   1.5653301E-03   1.3859977E-03
   7.5000000E-01   7.7691804E+05   3.7230798E+05   1.1486955E+06   1.6765652E-03   2.0597608E-03   1.7832080E-03
   8.0000000E-01   6.2180643E+05   2.9964101E+05   9.2117290E+05   2.1466074E-03   2.3624309E-03   2.2123844E-03
   8.5000000E-01   4.8953439E+05   2.3673642E+05   7.2613226E+05   3.0407496E-03   3.2018358E-03   3.0967400E-03
   9.0000000E-01   3.7292833E+05   1.7834549E+05   5.5116064E+05   5.6573645E-03   4.4371641E-03   5.2551375E-03
   9.5000000E-01   2.5762662E+05   1.2533703E+05   3.8291339E+05   8.6073946E-03   8.9806095E-03   8.7100002E-03
   1.0000000E+00   1.5436065E+05   7.4256588E+04   2.2859837E+05   1.7417786E-02   1.6779881E-02   1.7210895E-02
