   0.0000000E+00   2.2664020E+09   1.2257151E+09   3.4046502E+09   5.6885688E-04   8.2058323E-05   3.9820555E-04
   5.0000000E-02   6.4628366E+06   2.7485422E+06   9.2061585E+06   7.7792138E-02   1.2078438E-02   5.8161631E-02
   1.0000000E-01   3.8854815E+06   1.6257996E+06   5.5076205E+06   5.8173234E-02   9.2018549E-03   4.3720614E-02
   1.5000000E-01   2.8450538E+06   1.1693644E+06   4.0113624E+06   4.7656486E-02   7.7988470E-03   3.6040499E-02
   2.0000000E-01   2.2343444E+06   9.3328459E+05   3.1654167E+06   4.1804317E-02   6.1478493E-03   3.1264951E-02
   2.5000000E-01   1.8006026E+06   7.6323071E+05   2.5621781E+06   3.6185357E-02   5.5929666E-03   2.7070072E-02
   3.0000000E-01   1.5011600E+06   6.3416879E+05   2.1338964E+06   3.4082571E-02   4.6240324E-03   2.5356274E-02
   3.5000000E-01   1.2635538E+06   5.3860761E+05   1.8008973E+06   3.0855048E-02   4.9855159E-03   2.3121972E-02
   4.0000000E-01   1.0843942E+06   4.6151750E+05   1.5446783E+06   3.0038620E-02   4.8791590E-03   2.2533384E-02
   4.5000000E-01   9.3358875E+05   3.9633825E+05   1.3290852E+06   2.9645976E-02   4.0736030E-03   2.2017884E-02
   5.0000000E-01   8.0536221E+05   3.4854296E+05   1.1532495E+06   2.9343182E-02   4.1209989E-03   2.1717855E-02
   5.5000000E-01   7.0075053E+05   3.0185616E+05   1.0019643E+06   3.0124683E-02   4.1960731E-03   2.2313649E-02
   6.0000000E-01   6.0504874E+05   2.6169847E+05   8.6627505E+05   3.0246554E-02   4.0765532E-03   2.2339652E-02
   6.5000000E-01   5.2352672E+05   2.2921250E+05   7.5237684E+05   3.1797460E-02   3.9086534E-03   2.3308504E-02
   7.0000000E-01   4.4836676E+05   1.9506939E+05   6.4307692E+05   3.4668972E-02   4.0506459E-03   2.5385594E-02
   7.5000000E-01   3.8476026E+05   1.6886127E+05   5.5329049E+05   3.7661666E-02   5.4165716E-03   2.7808648E-02
   8.0000000E-01   3.2413894E+05   1.4311610E+05   4.6707997E+05   4.1718651E-02   4.9774373E-03   3.0457745E-02
   8.5000000E-01   2.6758627E+05   1.1781960E+05   3.8521488E+05   4.6796749E-02   5.6530369E-03   3.4210881E-02
   9.0000000E-01   2.1230916E+05   9.4120697E+04   3.0636973E+05   5.5572044E-02   7.2347847E-03   4.0709135E-02
   9.5000000E-01   1.5483598E+05   6.8228886E+04   2.2301126E+05   6.7485692E-02   7.8318033E-03   4.9225523E-02
   1.0000000E+00   8.9076467E+04   3.8744208E+04   1.2782068E+05   8.7014469E-02   1.1287533E-02   6.4047854E-02
