   0.0000000E+00   1.9853879E+07   3.3956891E+08   3.5904387E+08   1.3329317E-04   2.1192310E-06   7.3090867E-06
   5.0000000E-02   1.6326814E+07   2.7333652E+07   4.3584899E+07   5.7378536E-05   8.3099637E-06   2.0401375E-05
   1.0000000E-01   1.3712535E+07   1.3321842E+07   2.6977590E+07   6.7555028E-05   1.8970253E-05   2.7909506E-05
   1.5000000E-01   1.1634184E+07   7.8133406E+06   1.9403131E+07   2.7651863E-05   2.7411629E-05   1.9387186E-05
   2.0000000E-01   9.7580920E+06   4.9007468E+06   1.4625257E+07   6.1537165E-05   1.3417829E-05   4.2109367E-05
   2.5000000E-01   8.0903041E+06   3.2041837E+06   1.1271379E+07   5.5088342E-05   6.4846928E-06   3.8504332E-05
   3.0000000E-01   6.6244638E+06   2.1405173E+06   8.7463493E+06   1.1665410E-04   2.4182292E-05   9.3776064E-05
   3.5000000E-01   5.3544634E+06   1.4569225E+06   6.7989809E+06   9.9203674E-05   8.3595951E-05   8.7054794E-05
   4.0000000E-01   4.2686152E+06   9.9674762E+05   5.2574846E+06   1.5882523E-04   4.6054889E-05   1.3592484E-04
   4.5000000E-01   3.3458967E+06   6.9586078E+05   4.0365301E+06   9.4794896E-05   9.8857910E-05   9.3960171E-05
   5.0000000E-01   2.6085622E+06   4.8477959E+05   3.0901524E+06   2.5923565E-04   6.2575872E-05   2.1139389E-04
   5.5000000E-01   1.9884819E+06   3.4103721E+05   2.3276902E+06   1.7552687E-04   1.3152779E-04   1.6616342E-04
   6.0000000E-01   1.5123062E+06   2.4343810E+05   1.7543490E+06   3.4264619E-04   3.5732609E-04   3.3864472E-04
   6.5000000E-01   1.1328453E+06   1.7289614E+05   1.3050118E+06   4.9087628E-04   1.4005981E-04   4.4095159E-04
   7.0000000E-01   8.4562204E+05   1.2341329E+05   9.6860334E+05   6.0945777E-04   4.1380381E-04   5.4412333E-04
   7.5000000E-01   6.1924005E+05   8.8218524E+04   7.0721242E+05   5.9181678E-04   4.7733355E-04   5.7180836E-04
   8.0000000E-01   4.5221092E+05   6.1433808E+04   5.1349751E+05   6.8515916E-04   1.1981554E-03   7.4016594E-04
   8.5000000E-01   3.2191241E+05   4.2118015E+04   3.6397050E+05   1.6042023E-03   9.4497648E-04   1.4892610E-03
   9.0000000E-01   2.1917050E+05   2.8400315E+04   2.4751777E+05   1.7073508E-03   1.1183543E-03   1.6427845E-03
   9.5000000E-01   1.3404197E+05   1.7858860E+04   1.5188408E+05   3.1780823E-03   3.2633701E-03   3.1802453E-03
   1.0000000E+00   6.9729514E+04   8.9346834E+03   7.8657910E+04   4.3223054E-03   1.2026165E-03   3.8988913E-03
