   0.0000000E+00   3.3990912E+07   2.3128142E+07   5.7110396E+07   1.9306495E-02   2.4655656E-03   1.2476113E-02
   5.0000000E-02   1.8440647E+07   1.0116652E+07   2.8542720E+07   7.4525548E-03   2.5357142E-03   5.7070679E-03
   1.0000000E-01   1.1361148E+07   5.7912346E+06   1.7143184E+07   3.1888869E-03   1.6619632E-03   2.6661148E-03
   1.5000000E-01   8.2033551E+06   4.1209034E+06   1.2316746E+07   1.4813150E-03   1.5211153E-03   1.4972898E-03
   2.0000000E-01   6.3968032E+06   3.1955925E+06   9.5860455E+06   1.1720002E-03   1.3979633E-03   1.2479724E-03
   2.5000000E-01   5.2364013E+06   2.5902276E+06   7.8212686E+06   1.2978273E-03   7.1662069E-04   1.0899023E-03
   3.0000000E-01   4.3829574E+06   2.1809851E+06   6.5596877E+06   9.3165300E-04   9.9625190E-04   9.4062340E-04
   3.5000000E-01   3.7451159E+06   1.8583568E+06   5.5997530E+06   7.4163128E-04   5.0041429E-04   6.0642283E-04
   4.0000000E-01   3.2507556E+06   1.5990297E+06   4.8466579E+06   9.0128912E-04   2.9831521E-04   6.9784357E-04
   4.5000000E-01   2.8408804E+06   1.4058333E+06   4.2436791E+06   7.5050320E-04   9.6426614E-04   8.1066185E-04
   5.0000000E-01   2.4943399E+06   1.2357808E+06   3.7279499E+06   1.3758629E-03   1.0233554E-03   1.2396919E-03
   5.5000000E-01   2.1965466E+06   1.0906975E+06   3.2851027E+06   1.3373177E-03   1.6712867E-03   1.4353221E-03
   6.0000000E-01   1.9383905E+06   9.6560365E+05   2.9022540E+06   1.2213361E-03   1.3213099E-03   1.2403990E-03
   6.5000000E-01   1.7148676E+06   8.4660146E+05   2.5600195E+06   1.9553901E-03   1.9369560E-03   1.9438816E-03
   7.0000000E-01   1.5062606E+06   7.4474509E+05   2.2494914E+06   2.1375883E-03   2.0896028E-03   2.1190562E-03
   7.5000000E-01   1.3105030E+06   6.5073575E+05   1.9602669E+06   2.4671490E-03   3.4677277E-03   2.7934061E-03
   8.0000000E-01   1.1286513E+06   5.5785001E+05   1.6856617E+06   3.7537450E-03   3.4449983E-03   3.6249879E-03
   8.5000000E-01   9.5245808E+05   4.7097131E+05   1.4228003E+06   4.3261369E-03   4.9419086E-03   4.5207391E-03
   9.0000000E-01   7.7172110E+05   3.8132110E+05   1.1527310E+06   6.4719056E-03   5.8770784E-03   6.2704414E-03
   9.5000000E-01   5.7337327E+05   2.8172770E+05   8.5482623E+05   9.4489713E-03   9.8024077E-03   9.5534803E-03
   1.0000000E+00   3.5630587E+05   1.7827869E+05   5.3452168E+05   1.7111118E-02   1.9423173E-02   1.7883270E-02
