   0.0000000E+00   2.1214361E+09   1.2019152E+09   3.2440616E+09   1.2223184E-03   4.0072706E-04   9.2468284E-04
   5.0000000E-02   1.2483222E+07   5.2442827E+06   1.7707643E+07   8.0265222E-02   3.3324279E-02   6.6355940E-02
   1.0000000E-01   6.7075532E+06   2.7681183E+06   9.4635121E+06   6.6125160E-02   2.7401345E-02   5.4807479E-02
   1.5000000E-01   4.4356907E+06   1.8012520E+06   6.2299187E+06   5.8248083E-02   2.3907639E-02   4.8328956E-02
   2.0000000E-01   3.1641594E+06   1.2869428E+06   4.4460093E+06   5.2856660E-02   2.1111520E-02   4.3682478E-02
   2.5000000E-01   2.3740061E+06   9.5102081E+05   3.3217037E+06   4.8775466E-02   1.9142516E-02   4.0302873E-02
   3.0000000E-01   1.8376242E+06   7.2981030E+05   2.5652806E+06   4.6457691E-02   1.7238403E-02   3.8168330E-02
   3.5000000E-01   1.4577410E+06   5.7671385E+05   2.0327815E+06   4.3298217E-02   1.5872696E-02   3.5521326E-02
   4.0000000E-01   1.1686668E+06   4.5627335E+05   1.6235794E+06   4.1263038E-02   1.5252924E-02   3.3954153E-02
   4.5000000E-01   9.5233366E+05   3.7039953E+05   1.3217288E+06   4.2178240E-02   1.4459674E-02   3.4421612E-02
   5.0000000E-01   7.8492035E+05   3.0224160E+05   1.0866463E+06   4.1206914E-02   1.3329247E-02   3.3451409E-02
   5.5000000E-01   6.5799283E+05   2.4909774E+05   9.0662179E+05   4.1368502E-02   1.3425831E-02   3.3689048E-02
   6.0000000E-01   5.4377939E+05   2.0602607E+05   7.4935452E+05   4.3014591E-02   1.3056794E-02   3.4792942E-02
   6.5000000E-01   4.6048177E+05   1.7234766E+05   6.3255030E+05   4.3919157E-02   1.2221960E-02   3.5284710E-02
   7.0000000E-01   3.8602804E+05   1.4276653E+05   5.2856266E+05   4.6790986E-02   1.2833474E-02   3.7621409E-02
   7.5000000E-01   3.1704513E+05   1.1614916E+05   4.3303301E+05   4.8954303E-02   1.3726196E-02   3.9504174E-02
   8.0000000E-01   2.5843182E+05   9.4661381E+04   3.5298179E+05   5.1713871E-02   1.4813890E-02   4.1816053E-02
   8.5000000E-01   2.0554955E+05   7.4668010E+04   2.8013891E+05   5.7018058E-02   1.5737815E-02   4.6022870E-02
   9.0000000E-01   1.5598245E+05   5.5976562E+04   2.1192365E+05   6.5703317E-02   1.6835340E-02   5.2793396E-02
   9.5000000E-01   1.0518634E+05   3.8089966E+04   1.4324280E+05   7.7126730E-02   1.9775497E-02   6.1874327E-02
   1.0000000E+00   5.5909363E+04   1.9038861E+04   7.4954512E+04   9.2919452E-02   2.7936166E-02   7.6439110E-02
