   0.0000000E+00   9.4718429E+08   1.0130230E+09   1.9328393E+09   5.4346998E-03   4.5475992E-04   2.8544641E-03
   5.0000000E-02   1.8032637E+07   8.1619111E+06   2.6154759E+07   1.1244760E-01   1.9738619E-02   8.3555617E-02
   1.0000000E-01   9.7734504E+06   4.0360102E+06   1.3789216E+07   1.0013876E-01   1.7252564E-02   7.5936753E-02
   1.5000000E-01   6.7522864E+06   2.5746813E+06   9.3123043E+06   9.0997727E-02   1.5879909E-02   7.0261594E-02
   2.0000000E-01   5.1448427E+06   1.8211782E+06   6.9557076E+06   8.5017771E-02   1.4362782E-02   6.6565459E-02
   2.5000000E-01   4.0765183E+06   1.3617297E+06   5.4301375E+06   7.9822812E-02   1.3135135E-02   6.3134366E-02
   3.0000000E-01   3.3538509E+06   1.0434622E+06   4.3920398E+06   7.5260215E-02   1.2665533E-02   6.0422321E-02
   3.5000000E-01   2.7991535E+06   8.2191250E+05   3.6163550E+06   7.2002301E-02   1.1884918E-02   5.8370141E-02
   4.0000000E-01   2.3829872E+06   6.5245569E+05   3.0309467E+06   6.8124937E-02   1.1196266E-02   5.5909480E-02
   4.5000000E-01   2.0523985E+06   5.2780731E+05   2.5770581E+06   6.5188543E-02   1.0685383E-02   5.4046509E-02
   5.0000000E-01   1.7717192E+06   4.2923452E+05   2.1989675E+06   6.2810387E-02   1.0128453E-02   5.2544798E-02
   5.5000000E-01   1.5332293E+06   3.4415665E+05   1.8753256E+06   6.0734936E-02   9.9435997E-03   5.1432718E-02
   6.0000000E-01   1.3312091E+06   2.8180505E+05   1.6114332E+06   5.9189939E-02   9.2036881E-03   5.0462874E-02
   6.5000000E-01   1.1535403E+06   2.2718511E+05   1.3794032E+06   5.7828549E-02   8.5596628E-03   4.9744777E-02
   7.0000000E-01   9.9143980E+05   1.8406042E+05   1.1744180E+06   5.6589048E-02   8.6038821E-03   4.9087443E-02
   7.5000000E-01   8.4397532E+05   1.4806927E+05   9.9118728E+05   5.6910242E-02   8.9350316E-03   4.9753788E-02
   8.0000000E-01   7.0793312E+05   1.1568177E+05   8.2305387E+05   5.8309186E-02   9.2576224E-03   5.1410752E-02
   8.5000000E-01   5.7332104E+05   8.9269071E+04   6.6221938E+05   5.9226456E-02   9.7056397E-03   5.2548870E-02
   9.0000000E-01   4.4544639E+05   6.5066078E+04   5.1032856E+05   6.2543216E-02   9.6772129E-03   5.5803857E-02
   9.5000000E-01   3.0318179E+05   4.1621531E+04   3.4463914E+05   6.7336552E-02   9.7211241E-03   6.0389462E-02
   1.0000000E+00   1.4717392E+05   1.8994848E+04   1.6613104E+05   7.3821893E-02   1.2585456E-02   6.6819585E-02
