   0.0000000E+00   2.8300550E+07   8.7225058E+07   1.1549199E+08   2.7976009E-02   9.7120684E-04   7.5865263E-03
   5.0000000E-02   1.4789696E+07   9.6286194E+06   2.4402336E+07   1.8534774E-02   4.0004003E-03   1.2803766E-02
   1.0000000E-01   9.9501124E+06   5.5144005E+06   1.5453468E+07   1.1398764E-02   3.1575629E-03   8.4620689E-03
   1.5000000E-01   7.7134549E+06   3.9559128E+06   1.1656211E+07   8.0992058E-03   2.9638003E-03   6.3577125E-03
   2.0000000E-01   6.2572721E+06   3.0935265E+06   9.3394508E+06   6.4067247E-03   3.1145901E-03   5.3129122E-03
   2.5000000E-01   5.2562130E+06   2.5246176E+06   7.7719688E+06   5.6731737E-03   2.7888496E-03   4.7404904E-03
   3.0000000E-01   4.4800101E+06   2.1247609E+06   6.5965161E+06   5.2107588E-03   2.9293381E-03   4.4737666E-03
   3.5000000E-01   3.8617992E+06   1.8079911E+06   5.6631421E+06   5.0126590E-03   3.0729607E-03   4.3862473E-03
   4.0000000E-01   3.3714826E+06   1.5690051E+06   4.9345433E+06   5.2597097E-03   3.4450130E-03   4.6811173E-03
   4.5000000E-01   2.9459651E+06   1.3659314E+06   4.3065276E+06   5.4616734E-03   4.3238345E-03   5.0994149E-03
   5.0000000E-01   2.5971859E+06   1.1939931E+06   3.7872447E+06   6.1596340E-03   4.7413396E-03   5.7081428E-03
   5.5000000E-01   2.2815527E+06   1.0576396E+06   3.3355461E+06   6.8780612E-03   5.3123014E-03   6.3800638E-03
   6.0000000E-01   2.0068271E+06   9.2549130E+05   2.9292467E+06   7.4823871E-03   6.0258047E-03   7.0123522E-03
   6.5000000E-01   1.7627365E+06   8.1237090E+05   2.5723014E+06   8.1805072E-03   7.2781690E-03   7.8804175E-03
   7.0000000E-01   1.5469860E+06   7.0956276E+05   2.2542752E+06   9.8559175E-03   8.0316023E-03   9.2738442E-03
   7.5000000E-01   1.3434332E+06   6.1505534E+05   1.9567612E+06   1.2391698E-02   1.0507727E-02   1.1793969E-02
   8.0000000E-01   1.1519157E+06   5.2629357E+05   1.6767689E+06   1.4191476E-02   1.1514381E-02   1.3345062E-02
   8.5000000E-01   9.7287485E+05   4.4545409E+05   1.4172242E+06   1.7087133E-02   1.5151562E-02   1.6482777E-02
   9.0000000E-01   7.9299481E+05   3.6322695E+05   1.1557195E+06   2.1257939E-02   1.8268530E-02   2.0316891E-02
   9.5000000E-01   5.9145998E+05   2.6897185E+05   8.5997614E+05   2.8808648E-02   2.4047314E-02   2.7319512E-02
   1.0000000E+00   3.5023205E+05   1.6041561E+05   5.1058478E+05   4.1205402E-02   3.5953517E-02   3.9557742E-02
