   0.0000000E+00   2.9407759E+07   6.7137921E+07   9.6506974E+07   2.3013745E-02   6.5307440E-04   7.4613715E-03
   5.0000000E-02   1.6675109E+07   1.2378626E+07   2.9026551E+07   1.3982380E-02   1.7152136E-03   8.7580468E-03
   1.0000000E-01   1.1290579E+07   6.6726347E+06   1.7944911E+07   8.3797281E-03   1.4833123E-03   5.8154334E-03
   1.5000000E-01   8.5707271E+06   4.6025700E+06   1.3155281E+07   5.9344091E-03   1.6293479E-03   4.4265161E-03
   2.0000000E-01   6.8884806E+06   3.4871007E+06   1.0360700E+07   4.6764223E-03   2.0433013E-03   3.7942169E-03
   2.5000000E-01   5.6672911E+06   2.7701236E+06   8.4248478E+06   4.0446707E-03   1.9916603E-03   3.3661188E-03
   3.0000000E-01   4.7556028E+06   2.2552043E+06   7.0014700E+06   3.7072560E-03   1.9418247E-03   3.1444677E-03
   3.5000000E-01   4.0243191E+06   1.8813751E+06   5.8977638E+06   3.9112838E-03   2.3178510E-03   3.3955791E-03
   4.0000000E-01   3.4360120E+06   1.5915176E+06   5.0210361E+06   3.8701634E-03   2.9789730E-03   3.5880570E-03
   4.5000000E-01   2.9591855E+06   1.3595015E+06   4.3128514E+06   4.3808456E-03   2.9345767E-03   3.9199079E-03
   5.0000000E-01   2.5482234E+06   1.1642375E+06   3.7084821E+06   4.9133339E-03   3.5600065E-03   4.4793880E-03
   5.5000000E-01   2.2198989E+06   1.0091870E+06   3.2254746E+06   5.6100458E-03   4.1017839E-03   5.1356462E-03
   6.0000000E-01   1.9117692E+06   8.6868890E+05   2.7771636E+06   6.6979225E-03   4.8854119E-03   6.1374336E-03
   6.5000000E-01   1.6580566E+06   7.4623101E+05   2.4017118E+06   7.4017684E-03   6.2684116E-03   7.0452200E-03
   7.0000000E-01   1.4254280E+06   6.4439563E+05   2.0678774E+06   8.5622496E-03   6.7390902E-03   7.9932212E-03
   7.5000000E-01   1.2169242E+06   5.4442025E+05   1.7596255E+06   1.0538173E-02   8.6391036E-03   9.9470403E-03
   8.0000000E-01   1.0328320E+06   4.6214219E+05   1.4936930E+06   1.2434213E-02   1.0564146E-02   1.1857760E-02
   8.5000000E-01   8.5143401E+05   3.8125286E+05   1.2317394E+06   1.5919472E-02   1.3471784E-02   1.5161257E-02
   9.0000000E-01   6.8354926E+05   3.0798604E+05   9.9094112E+05   1.9628139E-02   1.8065635E-02   1.9134886E-02
   9.5000000E-01   5.0417270E+05   2.2625132E+05   7.3004540E+05   2.6179499E-02   2.2866064E-02   2.5150801E-02
   1.0000000E+00   2.9380710E+05   1.3288848E+05   4.2662013E+05   3.9969290E-02   3.3982901E-02   3.8108690E-02
