   0.0000000E+00   9.7772116E+08   6.9525602E+08   1.6529944E+09   9.2265728E-03   3.2238881E-05   5.4051503E-03
   5.0000000E-02   5.6842252E+07   2.2605031E+07   7.9104145E+07   3.8014036E-02   2.2620086E-04   2.7250078E-02
   1.0000000E-01   2.3998687E+07   1.0344212E+07   3.4222642E+07   2.4053886E-02   1.5351674E-04   1.6852907E-02
   1.5000000E-01   1.2248055E+07   5.6523560E+06   1.7852771E+07   1.9085846E-02   9.8435080E-05   1.3104624E-02
   2.0000000E-01   6.9389009E+06   3.3225027E+06   1.0238995E+07   1.7304262E-02   4.5580119E-05   1.1720222E-02
   2.5000000E-01   4.2391492E+06   2.0823833E+06   6.3109137E+06   1.5248956E-02   1.0249239E-04   1.0239666E-02
   3.0000000E-01   2.7795350E+06   1.3621647E+06   4.1360974E+06   1.4187769E-02   6.3937941E-05   9.5421501E-03
   3.5000000E-01   1.9435092E+06   9.3008330E+05   2.8707459E+06   1.3442638E-02   4.4659230E-05   9.1049533E-03
   4.0000000E-01   1.4333812E+06   6.5918794E+05   2.0906912E+06   1.2908373E-02   5.6235147E-05   8.8799915E-03
   4.5000000E-01   1.1090553E+06   4.7737995E+05   1.5851549E+06   1.2467571E-02   5.2734221E-05   8.7337667E-03
   5.0000000E-01   8.8507337E+05   3.5506195E+05   1.2394923E+06   1.1303742E-02   7.7510752E-05   8.0865511E-03
   5.5000000E-01   7.2641788E+05   2.6533733E+05   9.9115332E+05   1.0462669E-02   6.3290265E-05   7.6910844E-03
   6.0000000E-01   6.0897456E+05   2.0113471E+05   8.0969016E+05   1.0286822E-02   4.5596543E-05   7.7394387E-03
   6.5000000E-01   5.1712134E+05   1.5434602E+05   6.7117843E+05   9.4464440E-03   6.7076913E-05   7.2724305E-03
   7.0000000E-01   4.3723501E+05   1.1866138E+05   5.5566902E+05   8.8907030E-03   1.8338039E-04   7.0343121E-03
   7.5000000E-01   3.7148461E+05   8.8914562E+04   4.6023365E+05   9.6583263E-03   5.3361999E-05   7.8004510E-03
   8.0000000E-01   3.0658415E+05   6.5488280E+04   3.7196500E+05   7.1568919E-03   8.4557606E-05   5.9044519E-03
   8.5000000E-01   2.4755522E+05   4.8207096E+04   2.9568742E+05   7.8936633E-03   7.9121500E-05   6.6212698E-03
   9.0000000E-01   1.8505476E+05   3.2488829E+04   2.1750468E+05   7.8632465E-03   7.1306335E-05   6.6870917E-03
   9.5000000E-01   1.1818343E+05   1.8492129E+04   1.3666886E+05   8.8099413E-03   4.9384208E-05   7.6193979E-03
   1.0000000E+00   5.8009422E+04   8.4065248E+03   6.6409660E+04   1.2768422E-02   2.5204640E-05   1.1150337E-02
