   0.0000000E+00   7.5198037E+07   5.2208424E+07   1.2736011E+08   7.6395760E-04   1.0759743E-04   4.9650413E-04
   5.0000000E-02   3.8028291E+07   2.0118140E+07   5.8073029E+07   2.2476420E-04   1.5454909E-04   1.9875687E-04
   1.0000000E-01   2.0712902E+07   1.0340615E+07   3.1017611E+07   5.7878528E-05   1.0942374E-04   7.5132004E-05
   1.5000000E-01   1.3332303E+07   6.6155829E+06   1.9922697E+07   1.2104816E-05   1.1765027E-04   3.9409387E-05
   2.0000000E-01   9.3745126E+06   4.6017901E+06   1.3959369E+07   8.7256974E-06   1.2250067E-04   3.7392853E-05
   2.5000000E-01   6.8541413E+06   3.3968758E+06   1.0239482E+07   5.1902269E-05   2.0638211E-04   1.0154915E-04
   3.0000000E-01   5.2170248E+06   2.5546066E+06   7.7636948E+06   1.1239238E-04   1.5347946E-05   7.1996238E-05
   3.5000000E-01   4.0266382E+06   1.9781868E+06   5.9994775E+06   1.5226983E-04   1.3539176E-04   1.4684696E-04
   4.0000000E-01   3.1609684E+06   1.5553735E+06   4.7122834E+06   1.8827755E-04   2.3030052E-04   2.0124728E-04
   4.5000000E-01   2.4968864E+06   1.2327859E+06   3.7267863E+06   3.0373076E-04   6.7300699E-05   2.2292793E-04
   5.0000000E-01   2.0078797E+06   9.8810391E+05   2.9942456E+06   2.0088200E-04   2.6169765E-04   1.3337639E-04
   5.5000000E-01   1.6116550E+06   7.9714055E+05   2.4075455E+06   4.2952221E-04   3.0785804E-04   3.8278566E-04
   6.0000000E-01   1.3005718E+06   6.4060395E+05   1.9401783E+06   1.9202041E-04   6.8803641E-04   3.2165751E-04
   6.5000000E-01   1.0512992E+06   5.1766492E+05   1.5682736E+06   7.9253232E-04   1.9433783E-04   5.2840893E-04
   7.0000000E-01   8.5151532E+05   4.1999625E+05   1.2710250E+06   8.9368138E-04   1.2953686E-03   1.0097770E-03
   7.5000000E-01   6.8552066E+05   3.3573629E+05   1.0209429E+06   1.2790101E-03   1.3231005E-03   1.2747334E-03
   8.0000000E-01   5.4323959E+05   2.6523569E+05   8.0825644E+05   2.1927063E-03   2.3248969E-03   2.2113158E-03
   8.5000000E-01   4.2104908E+05   2.0696883E+05   6.2783067E+05   2.7099709E-03   2.3518762E-03   2.5605101E-03
   9.0000000E-01   3.1485446E+05   1.5276752E+05   4.6751941E+05   3.8572217E-03   3.2764631E-03   3.6079460E-03
   9.5000000E-01   2.1373336E+05   1.0430512E+05   3.1800833E+05   6.8443073E-03   7.1127533E-03   6.9274977E-03
   1.0000000E+00   1.2429333E+05   6.0505601E+04   1.8477378E+05   1.4892748E-02   1.3891206E-02   1.4537066E-02
