   0.0000000E+00   8.3356447E+08   1.0698441E+09   1.8791997E+09   9.2096485E-03   7.3897287E-05   4.0671081E-03
   5.0000000E-02   2.1716501E+07   1.1269825E+07   3.2930240E+07   1.3820471E-01   2.5384871E-03   9.1855011E-02
   1.0000000E-01   1.1219341E+07   5.2333965E+06   1.6425363E+07   1.2505163E-01   2.0731602E-03   8.5934438E-02
   1.5000000E-01   7.4303713E+06   3.1184183E+06   1.0530710E+07   1.1361643E-01   1.6813177E-03   8.0538371E-02
   2.0000000E-01   5.4740547E+06   2.0643988E+06   7.5260871E+06   1.0359292E-01   1.4320726E-03   7.5653148E-02
   2.5000000E-01   4.2473871E+06   1.4277090E+06   5.6673038E+06   9.4377275E-02   1.2052870E-03   7.0929979E-02
   3.0000000E-01   3.4383622E+06   1.0129576E+06   4.4451445E+06   8.3800749E-02   1.1677499E-03   6.5012515E-02
   3.5000000E-01   2.8572041E+06   7.2892054E+05   3.5817684E+06   7.3421863E-02   8.6083429E-04   5.8676594E-02
   4.0000000E-01   2.4148818E+06   5.3133082E+05   2.9424884E+06   6.4416017E-02   1.0732120E-03   5.2994530E-02
   4.5000000E-01   2.0794478E+06   3.8839465E+05   2.4650908E+06   5.5760425E-02   1.0395016E-03   4.7155927E-02
   5.0000000E-01   1.8127366E+06   2.8113129E+05   2.0919517E+06   4.8702676E-02   8.2165709E-04   4.2278945E-02
   5.5000000E-01   1.5778447E+06   2.0634004E+05   1.7825122E+06   4.1622137E-02   1.1325880E-03   3.6951589E-02
   6.0000000E-01   1.3725628E+06   1.5174363E+05   1.5229377E+06   3.5936866E-02   1.0601092E-03   3.2475103E-02
   6.5000000E-01   1.1880892E+06   1.0903828E+05   1.2961725E+06   3.1472043E-02   1.0357294E-03   2.8921289E-02
   7.0000000E-01   1.0244622E+06   8.0268659E+04   1.1038441E+06   2.7784618E-02   8.7810465E-04   2.5827965E-02
   7.5000000E-01   8.6669840E+05   5.6531836E+04   9.2257240E+05   2.5001408E-02   1.1654454E-03   2.3551707E-02
   8.0000000E-01   7.1576753E+05   3.9920039E+04   7.5524591E+05   2.2356846E-02   1.5309317E-03   2.1260581E-02
   8.5000000E-01   5.7553798E+05   2.7299754E+04   6.0252691E+05   2.1446597E-02   1.0840595E-03   2.0525937E-02
   9.0000000E-01   4.3671055E+05   1.8041097E+04   4.5460664E+05   2.0070159E-02   1.7168922E-03   1.9326076E-02
   9.5000000E-01   2.8662297E+05   1.0460668E+04   2.9700323E+05   2.0104390E-02   1.8777708E-03   1.9472539E-02
   1.0000000E+00   1.3491938E+05   4.4641979E+03   1.3937729E+05   2.1108640E-02   2.7350944E-03   2.0511961E-02
