   0.0000000E+00   2.3350704E+07   1.6123796E+07   3.9469407E+07   6.0307703E-02   2.0203789E-03   3.6466136E-02
   5.0000000E-02   1.2517664E+07   7.3303584E+06   1.9839810E+07   3.2741839E-02   2.5506246E-03   2.1583182E-02
   1.0000000E-01   8.4608359E+06   4.5683517E+06   1.3022471E+07   1.5414291E-02   2.4839414E-03   1.0879912E-02
   1.5000000E-01   6.6215247E+06   3.4495879E+06   1.0064937E+07   9.0653082E-03   2.9096267E-03   6.9559871E-03
   2.0000000E-01   5.4681341E+06   2.7833812E+06   8.2454197E+06   6.1068206E-03   2.4957433E-03   4.8841811E-03
   2.5000000E-01   4.6772837E+06   2.3499546E+06   7.0219798E+06   4.5414498E-03   1.8352682E-03   3.6330746E-03
   3.0000000E-01   4.0710773E+06   2.0351143E+06   6.1014276E+06   3.8455877E-03   2.2674127E-03   3.2897654E-03
   3.5000000E-01   3.6111802E+06   1.7853729E+06   5.3925605E+06   3.1592316E-03   2.3050730E-03   2.8824960E-03
   4.0000000E-01   3.2069721E+06   1.5904274E+06   4.7933888E+06   3.2035480E-03   1.7577076E-03   2.7103195E-03
   4.5000000E-01   2.8864765E+06   1.4230574E+06   4.3058839E+06   3.0977096E-03   1.9993894E-03   2.7015410E-03
   5.0000000E-01   2.5974532E+06   1.2759197E+06   3.8709283E+06   3.2189594E-03   2.7562778E-03   3.0532252E-03
   5.5000000E-01   2.3433916E+06   1.1543363E+06   3.4947242E+06   3.4970533E-03   3.2533550E-03   3.4154915E-03
   6.0000000E-01   2.1122620E+06   1.0361146E+06   3.1459415E+06   4.1196023E-03   3.5997342E-03   3.9430980E-03
   6.5000000E-01   1.9003541E+06   9.3138452E+05   2.8295153E+06   4.5074666E-03   4.1213473E-03   4.3844628E-03
   7.0000000E-01   1.7021849E+06   8.3557255E+05   2.5359339E+06   5.0436372E-03   4.5564827E-03   4.8784166E-03
   7.5000000E-01   1.5100027E+06   7.4159413E+05   2.2500859E+06   5.6892389E-03   5.9480243E-03   5.7805662E-03
   8.0000000E-01   1.3295884E+06   6.5037076E+05   1.9787058E+06   7.4280226E-03   6.6330660E-03   7.1637268E-03
   8.5000000E-01   1.1455111E+06   5.6127021E+05   1.7057927E+06   8.5142894E-03   7.5242062E-03   8.1912957E-03
   9.0000000E-01   9.5819410E+05   4.6930195E+05   1.4267958E+06   1.1046803E-02   9.9125017E-03   1.0667560E-02
   9.5000000E-01   7.3449504E+05   3.6320163E+05   1.0972209E+06   1.5596227E-02   1.5103971E-02   1.5432511E-02
   1.0000000E+00   4.7165194E+05   2.3113856E+05   7.0267104E+05   2.6074012E-02   2.4232805E-02   2.5463887E-02
