   0.0000000E+00   7.2586113E+08   8.0493236E+08   1.5165465E+09   3.5776423E-03   6.0764944E-04   2.0155557E-03
   5.0000000E-02   3.8170003E+07   2.0959496E+07   5.8955957E+07   1.0824429E-02   3.4171908E-03   8.1852733E-03
   1.0000000E-01   1.4700983E+07   7.8446517E+06   2.2496806E+07   5.3452360E-03   1.5747418E-03   4.0355536E-03
   1.5000000E-01   7.6093252E+06   3.7445126E+06   1.1335015E+07   4.4534116E-03   1.4792595E-03   3.4470541E-03
   2.0000000E-01   4.7699373E+06   2.1036941E+06   6.8647506E+06   3.5227049E-03   1.0684272E-03   2.7595559E-03
   2.5000000E-01   3.4374412E+06   1.3603164E+06   4.7923973E+06   2.7053382E-03   7.5922299E-04   2.1469588E-03
   3.0000000E-01   2.7257618E+06   9.6186881E+05   3.6837260E+06   3.2296099E-03   8.2889819E-04   2.6099737E-03
   3.5000000E-01   2.2861835E+06   7.3285849E+05   3.0161408E+06   3.0133203E-03   5.6474277E-04   2.4161127E-03
   4.0000000E-01   1.9852431E+06   5.7983329E+05   2.5623628E+06   2.8352763E-03   6.8026105E-04   2.3416160E-03
   4.5000000E-01   1.7541775E+06   4.7704749E+05   2.2291241E+06   2.7732036E-03   9.1894959E-04   2.3657007E-03
   5.0000000E-01   1.5727755E+06   3.9815474E+05   1.9692114E+06   2.9506788E-03   6.4075652E-04   2.4795469E-03
   5.5000000E-01   1.4296860E+06   3.3442794E+05   1.7624066E+06   2.7116279E-03   8.6923649E-04   2.3616521E-03
   6.0000000E-01   1.3052191E+06   2.8887683E+05   1.5927060E+06   2.6924860E-03   4.2086507E-04   2.2849257E-03
   6.5000000E-01   1.1889413E+06   2.4613190E+05   1.4339077E+06   2.3548755E-03   6.8677136E-04   2.0706253E-03
   7.0000000E-01   1.0960182E+06   2.1424074E+05   1.3092086E+06   2.8930854E-03   1.1596064E-03   2.6065748E-03
   7.5000000E-01   1.0026337E+06   1.8495078E+05   1.1865574E+06   2.2449499E-03   9.1236872E-04   2.0356141E-03
   8.0000000E-01   9.1033842E+05   1.5832336E+05   1.0677347E+06   2.4652079E-03   9.0474468E-04   2.2327939E-03
   8.5000000E-01   7.9849720E+05   1.3272773E+05   9.3063700E+05   2.5221027E-03   8.2136239E-04   2.2675257E-03
   9.0000000E-01   6.3584876E+05   1.0373366E+05   7.3917568E+05   2.6806573E-03   2.8086955E-04   2.2651880E-03
   9.5000000E-01   4.0300042E+05   6.3263252E+04   4.6607939E+05   3.3905063E-03   8.2551387E-04   3.0389244E-03
   1.0000000E+00   1.7344981E+05   2.7703177E+04   2.0113412E+05   5.5649815E-03   1.7376436E-03   5.0359048E-03
