   0.0000000E+00   4.1905878E+08   4.0085044E+08   8.1873785E+08   4.2369398E-05   2.3646378E-05   3.3583528E-05
   5.0000000E-02   1.8441474E+07   1.1444195E+07   2.9872555E+07   2.0988550E-04   7.5004220E-05   1.0646735E-04
   1.0000000E-01   1.2484687E+07   6.5891420E+06   1.9065616E+07   1.2245271E-04   8.8050830E-05   8.4555384E-05
   1.5000000E-01   9.2831683E+06   4.4833735E+06   1.3756526E+07   1.2121562E-04   7.4731039E-05   7.4955286E-05
   2.0000000E-01   7.1780471E+06   3.2650000E+06   1.0435965E+07   7.2958910E-05   6.2139009E-05   6.3644405E-05
   2.5000000E-01   5.6770059E+06   2.5041057E+06   8.1760441E+06   8.4471004E-05   4.7505101E-05   7.3776274E-05
   3.0000000E-01   4.5790787E+06   1.9678872E+06   6.5429128E+06   2.7065706E-04   2.4891726E-04   2.5343995E-04
   3.5000000E-01   3.7233435E+06   1.5815181E+06   5.3016512E+06   8.4300636E-05   1.7438066E-04   1.0175607E-04
   4.0000000E-01   3.0771892E+06   1.2788657E+06   4.3536516E+06   1.7903611E-04   2.6903330E-04   2.0033386E-04
   4.5000000E-01   2.5484031E+06   1.0563078E+06   3.6028647E+06   2.5209966E-04   1.4598952E-04   2.1585465E-04
   5.0000000E-01   2.1295759E+06   8.7048205E+05   2.9988229E+06   7.7426873E-05   2.7565302E-04   4.4461897E-05
   5.5000000E-01   1.7886064E+06   7.2189788E+05   2.5092889E+06   3.8671619E-04   2.5254619E-04   3.1446887E-04
   6.0000000E-01   1.5117226E+06   5.9986559E+05   2.1108243E+06   3.7335377E-04   3.4956818E-04   3.3093700E-04
   6.5000000E-01   1.2666922E+06   5.0172984E+05   1.7678588E+06   5.6825382E-04   1.3604560E-04   4.0141641E-04
   7.0000000E-01   1.0638689E+06   4.1799090E+05   1.4813278E+06   8.6252244E-04   5.1376226E-04   6.7670290E-04
   7.5000000E-01   8.8774930E+05   3.4634662E+05   1.2337055E+06   1.1627204E-03   7.0223850E-04   1.0323319E-03
   8.0000000E-01   7.3064851E+05   2.8355840E+05   1.0139881E+06   1.6885363E-03   1.2769831E-03   1.5494576E-03
   8.5000000E-01   5.9017649E+05   2.2730696E+05   8.1731868E+05   1.8270468E-03   2.4991464E-03   1.9946614E-03
   9.0000000E-01   4.5958996E+05   1.7531447E+05   6.3480187E+05   2.6843541E-03   1.5703887E-03   2.3639168E-03
   9.5000000E-01   3.2705168E+05   1.2356455E+05   4.5055257E+05   5.6057882E-03   3.9533635E-03   5.1473619E-03
   1.0000000E+00   1.9834243E+05   7.5520396E+04   2.7385654E+05   9.6281794E-03   9.9413167E-03   9.6759013E-03
