   0.0000000E+00   5.0063779E+07   1.7449544E+08   2.2435499E+08   5.0818713E-02   1.9954784E-04   1.1482910E-02
   5.0000000E-02   1.2694389E+07   9.9868454E+06   2.2659844E+07   7.4638499E-02   1.5734914E-03   4.2453834E-02
   1.0000000E-01   8.3693218E+06   5.4632481E+06   1.3818628E+07   5.2896162E-02   1.7530005E-03   3.2704388E-02
   1.5000000E-01   6.5991793E+06   3.8263183E+06   1.0412150E+07   4.1176865E-02   2.1881056E-03   2.6879391E-02
   2.0000000E-01   5.5074931E+06   2.9398305E+06   8.4360714E+06   3.4545537E-02   2.4908878E-03   2.3391110E-02
   2.5000000E-01   4.7619286E+06   2.3882281E+06   7.1403146E+06   3.0823170E-02   2.7160083E-03   2.1436023E-02
   3.0000000E-01   4.1821993E+06   1.9946889E+06   6.1679225E+06   2.8484670E-02   3.3247204E-03   2.0350022E-02
   3.5000000E-01   3.6996703E+06   1.7014209E+06   5.3929516E+06   2.7080716E-02   3.8523318E-03   1.9768828E-02
   4.0000000E-01   3.3008019E+06   1.4693025E+06   4.7634677E+06   2.6772456E-02   4.1958640E-03   1.9803226E-02
   4.5000000E-01   2.9556983E+06   1.2776888E+06   4.2273463E+06   2.6708677E-02   4.8882614E-03   2.0114328E-02
   5.0000000E-01   2.6374966E+06   1.1221951E+06   3.7547771E+06   2.7272125E-02   6.0881749E-03   2.0951194E-02
   5.5000000E-01   2.3647415E+06   9.7856561E+05   3.3385614E+06   2.8208938E-02   7.2730840E-03   2.2071986E-02
   6.0000000E-01   2.1126174E+06   8.6571801E+05   2.9743778E+06   2.9503382E-02   7.8769369E-03   2.3213673E-02
   6.5000000E-01   1.8823671E+06   7.5895850E+05   2.6379369E+06   3.1902256E-02   9.5253179E-03   2.5472434E-02
   7.0000000E-01   1.6739508E+06   6.6653635E+05   2.3374768E+06   3.4287643E-02   1.0199984E-02   2.7424167E-02
   7.5000000E-01   1.4727519E+06   5.7480824E+05   2.0452259E+06   3.7079098E-02   1.1533904E-02   2.9914369E-02
   8.0000000E-01   1.2747635E+06   4.9329677E+05   1.7661742E+06   4.0693807E-02   1.4509579E-02   3.3384072E-02
   8.5000000E-01   1.0825944E+06   4.1555917E+05   1.4967717E+06   4.6039470E-02   1.7415177E-02   3.8122341E-02
   9.0000000E-01   8.8680427E+05   3.3820425E+05   1.2240607E+06   5.2112554E-02   1.9593295E-02   4.3137273E-02
   9.5000000E-01   6.5779911E+05   2.4698837E+05   9.0409054E+05   6.3180811E-02   2.5111036E-02   5.2797622E-02
   1.0000000E+00   3.6515881E+05   1.3058722E+05   4.9565172E+05   7.8680852E-02   3.4122764E-02   6.6940746E-02
