   0.0000000E+00   3.9420871E+08   7.6101069E+08   1.1487081E+09   9.1361494E-03   3.1970625E-04   3.3149209E-03
   5.0000000E-02   4.1535429E+07   2.5453459E+07   6.6792810E+07   1.3239562E-02   1.4539666E-03   8.7632054E-03
   1.0000000E-01   1.5755353E+07   9.4777405E+06   2.5183596E+07   7.5716614E-03   8.1696620E-04   5.0271621E-03
   1.5000000E-01   8.0882330E+06   4.4431179E+06   1.2510767E+07   5.7597448E-03   5.1343590E-04   3.8807316E-03
   2.0000000E-01   5.1176590E+06   2.4405137E+06   7.5488144E+06   4.7958825E-03   5.7477426E-04   3.4392992E-03
   2.5000000E-01   3.7271669E+06   1.5178798E+06   5.2393680E+06   3.6210356E-03   4.3056648E-04   2.6862793E-03
   3.0000000E-01   2.9883887E+06   1.0340084E+06   4.0180787E+06   3.4157860E-03   4.5018687E-04   2.6450496E-03
   3.5000000E-01   2.5227514E+06   7.5930550E+05   3.2789920E+06   3.2114201E-03   3.3891173E-04   2.5549056E-03
   4.0000000E-01   2.2081634E+06   5.7911709E+05   2.7847579E+06   2.8905713E-03   3.0385229E-04   2.3565607E-03
   4.5000000E-01   1.9756292E+06   4.5290545E+05   2.4265541E+06   2.7798380E-03   9.7602080E-05   2.2847101E-03
   5.0000000E-01   1.7825354E+06   3.6169552E+05   2.1427412E+06   2.6608793E-03   2.2017878E-04   2.2426068E-03
   5.5000000E-01   1.6328024E+06   2.8939577E+05   1.9206356E+06   2.4617226E-03   2.6577134E-04   2.1338075E-03
   6.0000000E-01   1.5041044E+06   2.3763955E+05   1.7402161E+06   2.0986536E-03   1.9774293E-05   1.8155532E-03
   6.5000000E-01   1.3849516E+06   1.9401722E+05   1.5778278E+06   1.9023104E-03   3.3064897E-05   1.6648173E-03
   7.0000000E-01   1.2827934E+06   1.5971426E+05   1.4412617E+06   1.8586339E-03   3.8578374E-04   1.6864737E-03
   7.5000000E-01   1.1891463E+06   1.3051979E+05   1.3186093E+06   1.8581501E-03   3.1484867E-04   1.7020536E-03
   8.0000000E-01   1.0841237E+06   1.0668156E+05   1.1899657E+06   1.8225906E-03   9.3990040E-05   1.6715904E-03
   8.5000000E-01   9.5791054E+05   8.4535616E+04   1.0416710E+06   1.6975896E-03   1.9194199E-04   1.5685421E-03
   9.0000000E-01   7.7462479E+05   6.1780412E+04   8.3601616E+05   1.4252938E-03   2.8911692E-04   1.3434818E-03
   9.5000000E-01   4.9809801E+05   3.7021115E+04   5.3491139E+05   1.8545781E-03   6.6105391E-05   1.7246129E-03
   1.0000000E+00   2.1743788E+05   1.5517803E+04   2.3294939E+05   2.5507907E-03   5.5240187E-04   2.3918572E-03
