   0.0000000E+00   9.0720762E+08   9.7004301E+08   1.8524352E+09   4.8741883E-03   5.7343135E-04   2.6487190E-03
   5.0000000E-02   1.6800014E+07   7.6692311E+06   2.4435695E+07   1.0393541E-01   2.7627593E-02   8.0011857E-02
   1.0000000E-01   9.3595839E+06   3.8039941E+06   1.3146135E+07   9.2075138E-02   2.5264255E-02   7.2787428E-02
   1.5000000E-01   6.5819269E+06   2.4586256E+06   9.0275867E+06   8.4669131E-02   2.3901914E-02   6.8163631E-02
   2.0000000E-01   5.0947089E+06   1.7709966E+06   6.8558697E+06   7.9581067E-02   2.2235931E-02   6.4815464E-02
   2.5000000E-01   4.1297652E+06   1.3533263E+06   5.4753502E+06   7.6768630E-02   2.1253214E-02   6.3081478E-02
   3.0000000E-01   3.4320172E+06   1.0696061E+06   4.4949282E+06   7.4427058E-02   2.0879463E-02   6.1722330E-02
   3.5000000E-01   2.9060965E+06   8.5558060E+05   3.7565932E+06   7.2849530E-02   2.1110429E-02   6.1118037E-02
   4.0000000E-01   2.4787109E+06   7.0189717E+05   3.1760324E+06   7.1866621E-02   2.0213986E-02   6.0489882E-02
   4.5000000E-01   2.1444961E+06   5.7996061E+05   2.7213373E+06   7.1441210E-02   1.9710879E-02   6.0426289E-02
   5.0000000E-01   1.8509020E+06   4.8331536E+05   2.3319191E+06   7.1376648E-02   2.1400636E-02   6.1040869E-02
   5.5000000E-01   1.6002769E+06   3.9964096E+05   1.9975276E+06   7.1692940E-02   2.1674863E-02   6.1700499E-02
   6.0000000E-01   1.3836241E+06   3.3211923E+05   1.7139290E+06   7.2533105E-02   2.1640298E-02   6.2683985E-02
   6.5000000E-01   1.1984857E+06   2.7814897E+05   1.4752488E+06   7.3921430E-02   2.2644294E-02   6.4279184E-02
   7.0000000E-01   1.0264903E+06   2.3174779E+05   1.2570830E+06   7.6186621E-02   2.3274843E-02   6.6448249E-02
   7.5000000E-01   8.7083219E+05   1.9009042E+05   1.0599465E+06   7.9479514E-02   2.4857361E-02   6.9708205E-02
   8.0000000E-01   7.2717098E+05   1.5333783E+05   8.7995574E+05   8.2388855E-02   2.6271905E-02   7.2605789E-02
   8.5000000E-01   5.9147594E+05   1.2111129E+05   7.1218654E+05   8.7464144E-02   2.9037564E-02   7.7527801E-02
   9.0000000E-01   4.6238048E+05   9.0856252E+04   5.5301391E+05   9.3587463E-02   3.0870304E-02   8.3295072E-02
   9.5000000E-01   3.1530102E+05   6.0485580E+04   3.7562242E+05   1.0388410E-01   3.6085302E-02   9.2993836E-02
   1.0000000E+00   1.5196507E+05   2.7986120E+04   1.7990718E+05   1.1453587E-01   4.1797953E-02   1.0326002E-01
