   0.0000000E+00   8.4561950E+08   5.8094152E+08   1.4106343E+09   3.6120451E-02   1.9703539E-06   2.1412023E-02
   5.0000000E-02   1.0846187E+08   4.8944347E+07   1.5599635E+08   7.0932228E-02   3.1856621E-06   4.8848613E-02
   1.0000000E-01   3.5862670E+07   1.7946375E+07   5.3472368E+07   5.2871386E-02   8.2295254E-06   3.5280840E-02
   1.5000000E-01   1.4052830E+07   7.7004679E+06   2.1674548E+07   4.4324074E-02   1.5748070E-05   2.8640521E-02
   2.0000000E-01   5.8953060E+06   3.4627182E+06   9.3388460E+06   3.8141702E-02   1.4841863E-05   2.4050378E-02
   2.5000000E-01   2.5877448E+06   1.5932810E+06   4.1763530E+06   3.3659688E-02   3.5256511E-05   2.0827139E-02
   3.0000000E-01   1.2220235E+06   7.3591124E+05   1.9566721E+06   2.9600343E-02   6.5128402E-05   1.8496575E-02
   3.5000000E-01   6.3778388E+05   3.4467504E+05   9.8209513E+05   2.2340109E-02   6.6000937E-05   1.4530574E-02
   4.0000000E-01   3.8840968E+05   1.6077832E+05   5.4902885E+05   1.5170978E-02   1.7930896E-04   1.0773547E-02
   4.5000000E-01   2.8288553E+05   7.6224607E+04   3.5905355E+05   8.7620914E-03   2.4063316E-04   6.9455637E-03
   5.0000000E-01   2.3766926E+05   3.7191327E+04   2.7482239E+05   4.5992212E-03   6.0991101E-04   4.0648188E-03
   5.5000000E-01   2.2510296E+05   1.6870424E+04   2.4196181E+05   2.2099296E-03   6.5354266E-04   2.1014759E-03
   6.0000000E-01   2.2629711E+05   8.4882636E+03   2.3475885E+05   1.0013097E-03   1.0540353E-03   1.0030973E-03
   6.5000000E-01   2.3502043E+05   4.0302929E+03   2.3902624E+05   4.0043127E-04   8.0181746E-04   4.0708480E-04
   7.0000000E-01   2.5064175E+05   1.9462376E+03   2.5250614E+05   2.3161573E-04   1.7740189E-03   2.3778136E-04
   7.5000000E-01   2.6797873E+05   8.7429115E+02   2.6880209E+05   2.3401394E-05   3.7278806E-03   2.6716622E-05
   8.0000000E-01   2.8800281E+05   5.1327469E+02   2.8845640E+05   5.9098112E-05   1.6130364E-02   8.7476319E-05
   8.5000000E-01   3.0296735E+05   2.9209613E+02   3.0319953E+05   3.0204329E-05   4.4857454E-03   2.6407933E-05
   9.0000000E-01   2.9588319E+05   1.1317685E+02   2.9592209E+05   3.3768562E-05   6.2070701E-02   1.1231492E-05
   9.5000000E-01   2.4872735E+05   4.0207565E+01   2.4872064E+05   1.7094051E-05   5.0610675E-02   1.1008051E-05
   1.0000000E+00   1.4230102E+05   0.0000000E+00   1.4229474E+05   5.9108600E-05   0.0000000E+00   5.9111292E-05
