   0.0000000E+00   8.1720690E+08   6.3425919E+08   1.4391966E+09   6.7002902E-03   3.4082407E-05   3.7884187E-03
   5.0000000E-02   7.9362867E+07   3.4500399E+07   1.1330209E+08   8.9133693E-03   9.8552428E-05   6.2409808E-03
   1.0000000E-01   2.7923894E+07   1.3158676E+07   4.0941813E+07   5.4224712E-03   7.1657496E-05   3.6961375E-03
   1.5000000E-01   1.2437874E+07   6.1663628E+06   1.8560947E+07   4.8334836E-03   6.4636108E-05   3.2644224E-03
   2.0000000E-01   6.3233691E+06   3.2222828E+06   9.5303412E+06   4.1271968E-03   1.0151598E-04   2.7675516E-03
   2.5000000E-01   3.6374926E+06   1.8434217E+06   5.4747009E+06   4.0155503E-03   1.1718332E-04   2.7068920E-03
   3.0000000E-01   2.3310470E+06   1.1256605E+06   3.4536198E+06   3.4034840E-03   1.8712671E-04   2.3519069E-03
   3.5000000E-01   1.6355126E+06   7.3049391E+05   2.3645059E+06   2.8574144E-03   1.6931120E-04   2.0402316E-03
   4.0000000E-01   1.2317558E+06   5.0653448E+05   1.7370489E+06   3.1971606E-03   2.1753938E-04   2.3281278E-03
   4.5000000E-01   9.9275195E+05   3.5861499E+05   1.3505252E+06   2.4282158E-03   2.8174926E-04   1.8580746E-03
   5.0000000E-01   8.2335945E+05   2.6429270E+05   1.0872383E+06   1.9968221E-03   2.7195116E-04   1.5898034E-03
   5.5000000E-01   7.0366741E+05   1.9624673E+05   8.9960161E+05   2.3524373E-03   3.8485281E-04   1.9182105E-03
   6.0000000E-01   6.1238578E+05   1.4918654E+05   7.6132828E+05   2.5714897E-03   4.2189185E-04   2.1519675E-03
   6.5000000E-01   5.3864889E+05   1.1252499E+05   6.5100738E+05   1.4013694E-03   3.2759716E-04   1.2207047E-03
   7.0000000E-01   4.7159883E+05   8.5720852E+04   5.5706049E+05   2.0793156E-03   5.2147796E-04   1.8488922E-03
   7.5000000E-01   4.0957570E+05   6.3695930E+04   4.7312308E+05   1.9021220E-03   5.4678022E-04   1.7137996E-03
   8.0000000E-01   3.4802014E+05   4.7479898E+04   3.9540852E+05   1.5459775E-03   5.6605006E-04   1.4318215E-03
   8.5000000E-01   2.8459151E+05   3.2965670E+04   3.1748977E+05   9.5469416E-04   8.5741202E-04   9.4136413E-04
   9.0000000E-01   2.1427914E+05   2.1475307E+04   2.3571201E+05   1.5669495E-03   1.7357309E-03   1.5782161E-03
   9.5000000E-01   1.3239681E+05   1.1224612E+04   1.4360467E+05   7.3746726E-04   1.4121245E-03   7.9021892E-04
   1.0000000E+00   5.7588153E+04   4.5459367E+03   6.2127802E+04   3.3310705E-03   1.7254231E-03   3.2117412E-03
