   0.0000000E+00   1.6959041E+07   4.7765327E+07   6.4713673E+07   1.7789439E-02   1.1166745E-04   4.6689134E-03
   5.0000000E-02   1.2041281E+07   1.2695026E+07   2.4717145E+07   8.4325164E-03   2.2962785E-04   4.2234758E-03
   1.0000000E-01   9.2577566E+06   6.8503471E+06   1.6093652E+07   4.2506068E-03   2.1331621E-04   2.5193999E-03
   1.5000000E-01   7.5900568E+06   4.6722586E+06   1.2247588E+07   2.5444213E-03   3.9310445E-04   1.7162600E-03
   2.0000000E-01   6.3707814E+06   3.5097007E+06   9.8676542E+06   2.2571968E-03   1.3553105E-04   1.4977554E-03
   2.5000000E-01   5.4327094E+06   2.7902790E+06   8.2128025E+06   2.1407487E-03   6.3443649E-04   1.6361319E-03
   3.0000000E-01   4.6826143E+06   2.2632045E+06   6.9376489E+06   2.2208411E-03   8.4341238E-04   1.7651835E-03
   3.5000000E-01   4.0438270E+06   1.8874685E+06   5.9240289E+06   2.0406607E-03   7.2850144E-04   1.6269836E-03
   4.0000000E-01   3.5131783E+06   1.5957511E+06   5.1028656E+06   2.2452492E-03   1.1614893E-03   1.8994331E-03
   4.5000000E-01   3.0595522E+06   1.3604423E+06   4.4148520E+06   2.4165115E-03   1.2588698E-03   2.0608470E-03
   5.0000000E-01   2.6716449E+06   1.1713295E+06   3.8395048E+06   3.0452022E-03   2.2581460E-03   2.8115499E-03
   5.5000000E-01   2.3360068E+06   1.0140022E+06   3.3462182E+06   3.5525846E-03   2.5601131E-03   3.2550982E-03
   6.0000000E-01   2.0401117E+06   8.7248209E+05   2.9094585E+06   4.3223130E-03   3.1691728E-03   3.9774196E-03
   6.5000000E-01   1.7799448E+06   7.5094689E+05   2.5285264E+06   5.2111677E-03   3.4672850E-03   4.6953327E-03
   7.0000000E-01   1.5442577E+06   6.4957498E+05   2.1917773E+06   6.1083798E-03   5.2004637E-03   5.8411676E-03
   7.5000000E-01   1.3252259E+06   5.5747945E+05   1.8811732E+06   7.4675193E-03   5.1983203E-03   6.7967982E-03
   8.0000000E-01   1.1300638E+06   4.7195807E+05   1.6007406E+06   9.1296271E-03   6.7792279E-03   8.4308531E-03
   8.5000000E-01   9.4741006E+05   3.8889229E+05   1.3353549E+06   1.1921615E-02   8.5005611E-03   1.0929247E-02
   9.0000000E-01   7.6421960E+05   3.1549815E+05   1.0791554E+06   1.4700822E-02   1.0728658E-02   1.3539673E-02
   9.5000000E-01   5.6838418E+05   2.3588438E+05   8.0391340E+05   2.0424652E-02   1.6024920E-02   1.9125756E-02
   1.0000000E+00   3.4149856E+05   1.3886171E+05   4.8030368E+05   3.1735580E-02   2.4120973E-02   2.9536261E-02
