   0.0000000E+00   1.7145953E+08   2.2042527E+08   3.9112238E+08   2.5313724E-02   3.6233266E-03   1.3116447E-02
   5.0000000E-02   1.8134114E+07   8.2529477E+06   2.6357968E+07   9.1764615E-02   3.9089148E-02   7.5294960E-02
   1.0000000E-01   1.0394027E+07   4.6892139E+06   1.5067612E+07   7.4947398E-02   3.4619419E-02   6.2419957E-02
   1.5000000E-01   7.5054500E+06   3.3810239E+06   1.0871917E+07   6.5356719E-02   3.2286325E-02   5.5099352E-02
   2.0000000E-01   5.9247974E+06   2.6847370E+06   8.5973272E+06   5.9517844E-02   3.0909645E-02   5.0604062E-02
   2.5000000E-01   4.8927031E+06   2.2200714E+06   7.1021811E+06   5.5499161E-02   3.0703525E-02   4.7756384E-02
   3.0000000E-01   4.1563844E+06   1.8829727E+06   6.0293728E+06   5.3077827E-02   2.9315527E-02   4.5674284E-02
   3.5000000E-01   3.5904809E+06   1.6307379E+06   5.2130883E+06   5.1880518E-02   3.0132244E-02   4.5103392E-02
   4.0000000E-01   3.1209489E+06   1.4305881E+06   4.5449877E+06   5.0325388E-02   3.1055843E-02   4.4266364E-02
   4.5000000E-01   2.7489171E+06   1.2612074E+06   4.0039918E+06   5.0430911E-02   3.2389669E-02   4.4766309E-02
   5.0000000E-01   2.4232359E+06   1.1169048E+06   3.5355125E+06   5.1486492E-02   3.3092935E-02   4.5677322E-02
   5.5000000E-01   2.1474632E+06   9.9604372E+05   3.1389348E+06   5.3213569E-02   3.5309709E-02   4.7558853E-02
   6.0000000E-01   1.8986230E+06   8.7870505E+05   2.7736781E+06   5.4391892E-02   3.7359960E-02   4.9012465E-02
   6.5000000E-01   1.6733257E+06   7.7721970E+05   2.4472007E+06   5.7226001E-02   3.9669254E-02   5.1669367E-02
   7.0000000E-01   1.4705235E+06   6.8754481E+05   2.1560129E+06   5.9829344E-02   4.2757402E-02   5.4380854E-02
   7.5000000E-01   1.2845374E+06   5.9927566E+05   1.8815255E+06   6.3934091E-02   4.6375526E-02   5.8357472E-02
   8.0000000E-01   1.1082874E+06   5.1766339E+05   1.6240767E+06   6.8527721E-02   4.9580034E-02   6.2516259E-02
   8.5000000E-01   9.3627670E+05   4.3901300E+05   1.3738629E+06   7.4895474E-02   5.7224096E-02   6.9259421E-02
   9.0000000E-01   7.5707531E+05   3.5524798E+05   1.1114780E+06   8.3685345E-02   6.3929340E-02   7.7379796E-02
   9.5000000E-01   5.5194264E+05   2.5889986E+05   8.1040022E+05   9.6189355E-02   7.4163294E-02   8.9161078E-02
   1.0000000E+00   2.9103427E+05   1.3745957E+05   4.2838695E+05   1.1233084E-01   8.8250110E-02   1.0461357E-01
