   0.0000000E+00   8.6828367E+08   7.7718898E+08   1.6317380E+09   2.9367042E-03   2.4811786E-04   1.6623088E-03
   5.0000000E-02   6.2943615E+07   2.7737523E+07   9.0356463E+07   4.8705887E-03   8.0747396E-04   3.6389131E-03
   1.0000000E-01   2.2364102E+07   1.0091156E+07   3.2376190E+07   2.8288517E-03   5.1868855E-04   2.1222251E-03
   1.5000000E-01   1.0349634E+07   4.6631337E+06   1.4986539E+07   2.3189181E-03   3.0010678E-04   1.6991404E-03
   2.0000000E-01   5.6531199E+06   2.4510657E+06   8.0931721E+06   2.1312375E-03   3.0098291E-04   1.5605874E-03
   2.5000000E-01   3.5477674E+06   1.4440064E+06   4.9873175E+06   1.9621798E-03   3.8062296E-04   1.5113011E-03
   3.0000000E-01   2.5035179E+06   9.4473313E+05   3.4456409E+06   8.7638204E-04   6.1631310E-04   7.9457399E-04
   3.5000000E-01   1.9113144E+06   6.6738670E+05   2.5771278E+06   2.0099893E-03   2.3432584E-04   1.5280820E-03
   4.0000000E-01   1.5535034E+06   4.9800377E+05   2.0501942E+06   1.4825700E-03   4.2685456E-04   1.2139954E-03
   4.5000000E-01   1.3012579E+06   3.8332999E+05   1.6836683E+06   1.2544839E-03   2.4840674E-04   1.0261649E-03
   5.0000000E-01   1.1212784E+06   3.0807304E+05   1.4286703E+06   1.1586021E-03   3.2632439E-04   9.8298642E-04
   5.5000000E-01   9.7938743E+05   2.5140694E+05   1.2302966E+06   1.5680190E-03   5.1378639E-04   1.3337706E-03
   6.0000000E-01   8.5705998E+05   2.0571837E+05   1.0622797E+06   1.5698064E-03   3.9992394E-04   1.3261631E-03
   6.5000000E-01   7.5294490E+05   1.6937024E+05   9.2192337E+05   1.6088297E-03   7.2213271E-04   1.4406011E-03
   7.0000000E-01   6.5997917E+05   1.3817377E+05   7.9782099E+05   1.5472564E-03   2.8059713E-04   1.3254368E-03
   7.5000000E-01   5.6919749E+05   1.0999516E+05   6.7896348E+05   1.1486114E-03   7.3414871E-04   1.0715994E-03
   8.0000000E-01   4.8259360E+05   8.8665219E+04   5.7110762E+05   1.2046659E-03   5.6231317E-04   1.0993917E-03
   8.5000000E-01   3.8500517E+05   6.6062408E+04   4.5091030E+05   2.0975922E-03   6.6493917E-04   1.8856733E-03
   9.0000000E-01   2.8208622E+05   4.7095716E+04   3.2911120E+05   1.7043310E-03   7.5733695E-04   1.5086728E-03
   9.5000000E-01   1.6829211E+05   2.6413019E+04   1.9467833E+05   2.9918200E-03   3.9731793E-04   2.6324392E-03
   1.0000000E+00   6.8189051E+04   1.0148191E+04   7.8337242E+04   5.1228692E-03   2.2282018E-03   4.7463679E-03
