   0.0000000E+00   6.6082151E+07   3.7517276E+07   1.0356938E+08   2.9231290E-03   8.3043862E-04   2.1556834E-03
   5.0000000E-02   2.9838814E+07   1.5232847E+07   4.5041549E+07   9.2012335E-04   5.9081996E-04   8.0985412E-04
   1.0000000E-01   1.6011783E+07   8.0205815E+06   2.4017595E+07   5.0105852E-04   4.6266686E-04   4.8593323E-04
   1.5000000E-01   1.0691032E+07   5.3598504E+06   1.6037556E+07   1.7180654E-04   3.8137792E-04   2.1604836E-04
   2.0000000E-01   7.8280040E+06   3.8978478E+06   1.1716430E+07   1.6306018E-04   3.6415937E-04   2.2255170E-04
   2.5000000E-01   6.0255552E+06   3.0128158E+06   9.0315719E+06   2.4117941E-04   4.6742874E-04   3.1627112E-04
   3.0000000E-01   4.7836246E+06   2.3984332E+06   7.1771770E+06   2.6163450E-04   8.3642339E-05   1.8436273E-04
   3.5000000E-01   3.9078359E+06   1.9452463E+06   5.8490624E+06   2.6394430E-04   3.8306514E-04   2.5269388E-04
   4.0000000E-01   3.2131394E+06   1.6187490E+06   4.8286814E+06   8.0113015E-05   6.2153157E-04   2.2016413E-04
   4.5000000E-01   2.6968558E+06   1.3426099E+06   4.0366928E+06   1.0355087E-04   3.9090835E-04   2.0188203E-04
   5.0000000E-01   2.2626995E+06   1.1343991E+06   3.3955325E+06   3.6389073E-04   1.9443852E-04   2.7364530E-04
   5.5000000E-01   1.9147671E+06   9.5656172E+05   2.8697488E+06   4.4121413E-04   5.9479282E-04   4.9286873E-04
   6.0000000E-01   1.6230992E+06   8.1006683E+05   2.4320467E+06   8.1015732E-04   1.0133929E-03   8.7634632E-04
   6.5000000E-01   1.3756276E+06   6.8709882E+05   2.0617274E+06   9.5033017E-04   5.8634244E-04   8.1981358E-04
   7.0000000E-01   1.1655871E+06   5.7963321E+05   1.7445246E+06   1.1987930E-03   1.0222094E-03   1.1365386E-03
   7.5000000E-01   9.7329826E+05   4.8654727E+05   1.4593702E+06   1.1985893E-03   1.3536439E-03   1.2217605E-03
   8.0000000E-01   8.0827236E+05   4.0333841E+05   1.2112885E+06   2.0804480E-03   2.2125882E-03   2.1108164E-03
   8.5000000E-01   6.5554610E+05   3.2681063E+05   9.8213205E+05   2.7331382E-03   2.1738860E-03   2.5440345E-03
   9.0000000E-01   5.0771488E+05   2.5320844E+05   7.6081722E+05   2.9643899E-03   4.0435965E-03   3.3116689E-03
   9.5000000E-01   3.5567612E+05   1.7632022E+05   5.3190252E+05   5.6636701E-03   5.7063651E-03   5.6567341E-03
   1.0000000E+00   2.0726454E+05   1.0294063E+05   3.1018002E+05   1.1912065E-02   1.3460108E-02   1.2425113E-02
