   0.0000000E+00   5.9313660E+08   5.3390346E+08   1.1189474E+09   5.3717550E-03   8.1942617E-04   3.2188143E-03
   5.0000000E-02   1.3717692E+07   6.6906828E+06   2.0387366E+07   9.1223601E-02   2.5598772E-02   6.9723516E-02
   1.0000000E-01   8.1360007E+06   3.7635688E+06   1.1885118E+07   7.5438428E-02   2.2393217E-02   5.8673406E-02
   1.5000000E-01   6.0326090E+06   2.6864718E+06   8.7085765E+06   6.7409222E-02   2.1303324E-02   5.3205570E-02
   2.0000000E-01   4.8520931E+06   2.1190207E+06   6.9614213E+06   6.2171634E-02   2.0834455E-02   4.9590036E-02
   2.5000000E-01   4.0923829E+06   1.7444528E+06   5.8285214E+06   5.8648036E-02   2.0538555E-02   4.7266067E-02
   3.0000000E-01   3.5120297E+06   1.4792497E+06   4.9839158E+06   5.7390951E-02   2.0591973E-02   4.6517377E-02
   3.5000000E-01   3.0703080E+06   1.2783871E+06   4.3422016E+06   5.6664665E-02   2.1156868E-02   4.6244808E-02
   4.0000000E-01   2.7133133E+06   1.1121270E+06   3.8199653E+06   5.6293765E-02   2.1636758E-02   4.6240755E-02
   4.5000000E-01   2.4024403E+06   9.8718506E+05   3.3847729E+06   5.8123472E-02   2.2877282E-02   4.7865049E-02
   5.0000000E-01   2.1425884E+06   8.7486199E+05   3.0139681E+06   5.8659413E-02   2.3500369E-02   4.8461000E-02
   5.5000000E-01   1.9128572E+06   7.7575013E+05   2.6847066E+06   6.0353071E-02   2.5377806E-02   5.0281010E-02
   6.0000000E-01   1.7062471E+06   6.8765015E+05   2.3908309E+06   6.2989357E-02   2.7576682E-02   5.2818105E-02
   6.5000000E-01   1.5180198E+06   6.1227151E+05   2.1275980E+06   6.6786572E-02   2.9421934E-02   5.6048619E-02
   7.0000000E-01   1.3421764E+06   5.3854395E+05   1.8781920E+06   7.0451645E-02   3.1207067E-02   5.9215819E-02
   7.5000000E-01   1.1861075E+06   4.7125991E+05   1.6552920E+06   7.4612246E-02   3.4043205E-02   6.3087700E-02
   8.0000000E-01   1.0235891E+06   4.0935845E+05   1.4314396E+06   8.0492353E-02   3.7518464E-02   6.8224489E-02
   8.5000000E-01   8.6766407E+05   3.4396192E+05   1.2104164E+06   8.8204360E-02   4.1657220E-02   7.5013130E-02
   9.0000000E-01   7.0415098E+05   2.8042394E+05   9.8390647E+05   9.8171968E-02   4.6743197E-02   8.3534910E-02
   9.5000000E-01   5.1567542E+05   2.0416731E+05   7.1926977E+05   1.1204831E-01   5.4299469E-02   9.5690337E-02
   1.0000000E+00   2.6886418E+05   1.0427360E+05   3.7306862E+05   1.2972004E-01   6.7545376E-02   1.1234917E-01
