   0.0000000E+00   1.2365702E+07   1.3238432E+08   1.4468840E+08   1.8863982E-02   9.5247742E-06   1.6111844E-03
   5.0000000E-02   8.9637337E+06   2.6229180E+07   3.5159046E+07   8.3610494E-03   1.9614158E-05   2.1411875E-03
   1.0000000E-01   7.9662142E+06   1.2722178E+07   2.0659999E+07   3.4844862E-03   2.3420154E-05   1.3466506E-03
   1.5000000E-01   7.1327940E+06   7.6714380E+06   1.4782438E+07   2.1590132E-03   2.1796981E-05   1.0489178E-03
   2.0000000E-01   6.4378652E+06   5.0679390E+06   1.1488950E+07   1.6543351E-03   6.0156467E-05   9.4179752E-04
   2.5000000E-01   5.7647830E+06   3.4999318E+06   9.2491304E+06   1.5517921E-03   5.6805070E-05   9.7680802E-04
   3.0000000E-01   5.1496704E+06   2.4975018E+06   7.6352250E+06   1.5227150E-03   1.0525612E-04   1.0629398E-03
   3.5000000E-01   4.5509128E+06   1.8181952E+06   6.3597406E+06   1.3863895E-03   4.6507961E-05   1.0035099E-03
   4.0000000E-01   4.0099008E+06   1.3396390E+06   5.3415184E+06   1.3265591E-03   1.2621821E-04   1.0252750E-03
   4.5000000E-01   3.4856418E+06   9.9865129E+05   4.4784079E+06   1.1843199E-03   1.9067916E-04   9.6240605E-04
   5.0000000E-01   3.0128731E+06   7.4944789E+05   3.7582721E+06   1.2671571E-03   1.9568640E-04   1.0529119E-03
   5.5000000E-01   2.5699356E+06   5.6942166E+05   3.1358212E+06   1.7149346E-03   2.5116636E-04   1.4294481E-03
   6.0000000E-01   2.1798498E+06   4.3010562E+05   2.6068572E+06   1.6126072E-03   1.2180973E-04   1.3629458E-03
   6.5000000E-01   1.8203947E+06   3.2956826E+05   2.1481559E+06   1.5409508E-03   2.0958492E-04   1.3375115E-03
   7.0000000E-01   1.5063697E+06   2.4938215E+05   1.7543558E+06   1.8040024E-03   4.9423049E-04   1.6043366E-03
   7.5000000E-01   1.2184096E+06   1.8606274E+05   1.4034156E+06   2.0107265E-03   5.7610764E-04   1.8187603E-03
   8.0000000E-01   9.7441420E+05   1.4179114E+05   1.1154772E+06   2.4544416E-03   6.4093171E-04   2.2275714E-03
   8.5000000E-01   7.5318111E+05   1.0442811E+05   8.5719729E+05   3.0360830E-03   9.6118281E-04   2.7898779E-03
   9.0000000E-01   5.5817053E+05   7.3628613E+04   6.3154450E+05   4.2058426E-03   1.8329088E-03   3.9216413E-03
   9.5000000E-01   3.7560232E+05   4.8731568E+04   4.2420656E+05   5.1921181E-03   1.8712591E-03   4.8138287E-03
   1.0000000E+00   2.0454829E+05   2.4823455E+04   2.2935917E+05   7.7826980E-03   3.5860296E-03   7.2777797E-03
