   0.0000000E+00   2.2362212E+08   5.2487518E+08   7.4637506E+08   6.6041313E-06   6.2902787E-07   2.0610847E-06
   5.0000000E-02   3.6160194E+07   2.3099748E+07   5.9132810E+07   1.2025539E-05   1.2660591E-05   3.4418971E-06
   1.0000000E-01   2.3198647E+07   1.1742675E+07   3.4865564E+07   2.1270434E-05   2.3922401E-05   8.1089970E-06
   1.5000000E-01   1.6076092E+07   6.9535856E+06   2.2973613E+07   1.6286760E-05   1.6714275E-05   1.6829649E-05
   2.0000000E-01   1.1411362E+07   4.3992654E+06   1.5775454E+07   1.3626141E-05   1.7550630E-05   1.2718184E-05
   2.5000000E-01   8.1352113E+06   2.8570222E+06   1.0972931E+07   4.7368335E-05   2.3557348E-05   4.0663191E-05
   3.0000000E-01   5.8366680E+06   1.8986973E+06   7.7225692E+06   3.9521066E-05   5.9900562E-05   1.7658728E-05
   3.5000000E-01   4.1847473E+06   1.2711296E+06   5.4484103E+06   1.3173252E-04   5.2872197E-05   1.1225611E-04
   4.0000000E-01   3.0167024E+06   8.5980275E+05   3.8725740E+06   3.7729387E-05   6.3519069E-05   4.3124189E-05
   4.5000000E-01   2.1812362E+06   5.8551335E+05   2.7646133E+06   1.1949701E-04   1.2681151E-04   1.1847184E-04
   5.0000000E-01   1.5929755E+06   3.9893778E+05   1.9908310E+06   2.6522166E-04   2.5769142E-04   2.0899323E-04
   5.5000000E-01   1.1621378E+06   2.7442942E+05   1.4358264E+06   1.5373854E-04   1.3633081E-04   1.4235558E-04
   6.0000000E-01   8.5529866E+05   1.8776570E+05   1.0426506E+06   3.0396242E-04   2.7279538E-04   2.4030684E-04
   6.5000000E-01   6.3589501E+05   1.3012998E+05   7.6581441E+05   5.5038123E-04   4.3529144E-04   5.2998391E-04
   7.0000000E-01   4.7313127E+05   9.1022986E+04   5.6400419E+05   8.5673937E-04   6.7630642E-04   7.6103129E-04
   7.5000000E-01   3.5023425E+05   6.2948963E+04   4.1307711E+05   1.3242716E-03   8.0384721E-04   1.2422504E-03
   8.0000000E-01   2.5627527E+05   4.3337891E+04   2.9955746E+05   1.4875956E-03   1.1440916E-03   1.4018372E-03
   8.5000000E-01   1.8509907E+05   2.8704062E+04   2.1377692E+05   2.7824105E-03   1.5783047E-03   2.6230795E-03
   9.0000000E-01   1.2770946E+05   1.8164884E+04   1.4586374E+05   4.6058527E-03   2.0634877E-03   4.2821842E-03
   9.5000000E-01   7.9637783E+04   1.1281572E+04   9.0916005E+04   8.3507003E-03   2.5193206E-03   7.5608327E-03
   1.0000000E+00   4.2711685E+04   5.7594441E+03   4.8471129E+04   1.6054946E-02   4.3948085E-03   1.4654430E-02
