   0.0000000E+00   9.4559070E+08   8.0198354E+08   1.7255920E+09   4.9980218E-03   1.0616690E-03   3.1909829E-03
   5.0000000E-02   1.6641559E+07   7.0165685E+06   2.3628843E+07   1.1274574E-01   4.8064838E-02   9.3562507E-02
   1.0000000E-01   8.9744289E+06   3.6207431E+06   1.2579702E+07   1.0308424E-01   4.5067979E-02   8.6429253E-02
   1.5000000E-01   6.2326773E+06   2.4544451E+06   8.6730107E+06   9.7719114E-02   4.3687801E-02   8.2474445E-02
   2.0000000E-01   4.7920439E+06   1.8462610E+06   6.6284692E+06   9.3714626E-02   4.2460486E-02   7.9488230E-02
   2.5000000E-01   3.8717177E+06   1.4501816E+06   5.3144255E+06   9.1598522E-02   4.1896820E-02   7.8068959E-02
   3.0000000E-01   3.2529573E+06   1.1943517E+06   4.4405078E+06   9.1730664E-02   4.3208709E-02   7.8718523E-02
   3.5000000E-01   2.7510887E+06   1.0036493E+06   3.7495540E+06   9.1681135E-02   4.2784446E-02   7.8631197E-02
   4.0000000E-01   2.3692203E+06   8.5668331E+05   3.2213120E+06   9.2296660E-02   4.4771142E-02   7.9693110E-02
   4.5000000E-01   2.0567204E+06   7.3662567E+05   2.7894203E+06   9.3814499E-02   4.5542621E-02   8.1081046E-02
   5.0000000E-01   1.7952168E+06   6.4187825E+05   2.4340393E+06   9.6816504E-02   4.6153911E-02   8.3476043E-02
   5.5000000E-01   1.5724277E+06   5.5579221E+05   2.1254824E+06   9.9324729E-02   4.8824326E-02   8.6143833E-02
   6.0000000E-01   1.3796983E+06   4.8205380E+05   1.8594443E+06   1.0301409E-01   5.0182833E-02   8.9350198E-02
   6.5000000E-01   1.2060762E+06   4.2070773E+05   1.6248985E+06   1.0645758E-01   5.3033146E-02   9.2648765E-02
   7.0000000E-01   1.0536921E+06   3.6428293E+05   1.4165790E+06   1.1151978E-01   5.5760927E-02   9.7191704E-02
   7.5000000E-01   9.0661871E+05   3.1395116E+05   1.2192330E+06   1.1763547E-01   5.8759140E-02   1.0249299E-01
   8.0000000E-01   7.7541880E+05   2.6552615E+05   1.0399781E+06   1.2483461E-01   6.4409393E-02   1.0942954E-01
   8.5000000E-01   6.4339416E+05   2.1812466E+05   8.6063129E+05   1.3302229E-01   6.7774716E-02   1.1652999E-01
   9.0000000E-01   5.0962120E+05   1.7323131E+05   6.8240688E+05   1.4315206E-01   7.4952723E-02   1.2587849E-01
   9.5000000E-01   3.5534105E+05   1.2101137E+05   4.7605421E+05   1.5569816E-01   8.2380125E-02   1.3711021E-01
   1.0000000E+00   1.7299710E+05   5.7261198E+04   2.3023944E+05   1.7142814E-01   9.1858225E-02   1.5163313E-01
