   0.0000000E+00   8.0318701E+08   9.3137982E+08   1.7134290E+09   3.4611686E-03   5.4608615E-04   1.8930792E-03
   5.0000000E-02   1.6938288E+07   9.0876199E+06   2.5985291E+07   6.4682836E-02   2.1652118E-02   4.9654375E-02
   1.0000000E-01   9.7053003E+06   4.5506536E+06   1.4235168E+07   5.4112260E-02   1.9044711E-02   4.2920125E-02
   1.5000000E-01   6.9286937E+06   2.9332680E+06   9.8457068E+06   4.7295644E-02   1.7327341E-02   3.8393159E-02
   2.0000000E-01   5.3596859E+06   2.0690620E+06   7.4163339E+06   4.2798205E-02   1.5798076E-02   3.5279381E-02
   2.5000000E-01   4.3355971E+06   1.5456364E+06   5.8713022E+06   3.9453201E-02   1.4729350E-02   3.2957091E-02
   3.0000000E-01   3.6226742E+06   1.1843568E+06   4.7994659E+06   3.6389441E-02   1.2982911E-02   3.0632655E-02
   3.5000000E-01   3.0741641E+06   9.2410817E+05   3.9921698E+06   3.4126596E-02   1.3234910E-02   2.9288722E-02
   4.0000000E-01   2.6352159E+06   7.3675210E+05   3.3670104E+06   3.2799500E-02   1.2293439E-02   2.8331515E-02
   4.5000000E-01   2.2741968E+06   5.9185833E+05   2.8617544E+06   3.1363746E-02   1.1851889E-02   2.7331935E-02
   5.0000000E-01   1.9685175E+06   4.7728021E+05   2.4428692E+06   3.0586320E-02   1.1633515E-02   2.6889393E-02
   5.5000000E-01   1.7014069E+06   3.9134175E+05   2.0902368E+06   3.0198389E-02   1.1182221E-02   2.6652674E-02
   6.0000000E-01   1.4692813E+06   3.1604989E+05   1.7831614E+06   3.0651018E-02   1.0629248E-02   2.7109825E-02
   6.5000000E-01   1.2618392E+06   2.5428553E+05   1.5147535E+06   3.0394968E-02   1.0969971E-02   2.7146090E-02
   7.0000000E-01   1.0703852E+06   2.0393205E+05   1.2732305E+06   3.2107774E-02   9.9776820E-03   2.8590798E-02
   7.5000000E-01   8.9854637E+05   1.6284734E+05   1.0604685E+06   3.3323011E-02   1.1039851E-02   2.9900199E-02
   8.0000000E-01   7.3935827E+05   1.2686241E+05   8.6551641E+05   3.5955043E-02   1.1363362E-02   3.2348499E-02
   8.5000000E-01   5.9088426E+05   9.5889917E+04   6.8631731E+05   3.8851160E-02   1.2698638E-02   3.5211303E-02
   9.0000000E-01   4.4308382E+05   6.9833652E+04   5.1270173E+05   4.3567570E-02   1.2740486E-02   3.9375643E-02
   9.5000000E-01   2.9513358E+05   4.4777824E+04   3.3981758E+05   5.0923424E-02   1.5559792E-02   4.6258319E-02
   1.0000000E+00   1.4406155E+05   2.0063740E+04   1.6411272E+05   6.2411516E-02   1.8732101E-02   5.7072841E-02
