   0.0000000E+00   5.9169886E+08   3.8696856E+08   9.7203283E+08   2.4715164E-02   4.3496917E-07   1.4950603E-02
   5.0000000E-02   6.2582652E+07   2.4960588E+07   8.7169226E+07   7.2899263E-02   6.2763321E-06   5.2116110E-02
   1.0000000E-01   2.9706907E+07   1.2319357E+07   4.1859660E+07   5.1763272E-02   5.2950862E-06   3.6612232E-02
   1.5000000E-01   1.6901215E+07   7.3657969E+06   2.4174044E+07   4.1847317E-02   9.5836744E-06   2.9174476E-02
   2.0000000E-01   1.0308004E+07   4.7113205E+06   1.4972278E+07   3.5720211E-02   1.0474580E-05   2.4549522E-02
   2.5000000E-01   6.5503718E+06   3.1341173E+06   9.6579294E+06   3.1669927E-02   1.2257361E-05   2.1426956E-02
   3.0000000E-01   4.2648326E+06   2.1266071E+06   6.3780813E+06   3.0026680E-02   1.5628688E-05   2.0059587E-02
   3.5000000E-01   2.8077478E+06   1.4673358E+06   4.2682991E+06   2.7072220E-02   1.4818011E-05   1.7771411E-02
   4.0000000E-01   1.8784023E+06   1.0233742E+06   2.8980762E+06   2.6706870E-02   2.7641671E-05   1.7297674E-02
   4.5000000E-01   1.2596654E+06   7.1634579E+05   1.9740023E+06   2.5553220E-02   3.0026482E-05   1.6287291E-02
   5.0000000E-01   8.4505545E+05   5.0218478E+05   1.3464636E+06   2.4479801E-02   4.0396833E-05   1.5366014E-02
   5.5000000E-01   5.7655759E+05   3.5693534E+05   9.3295470E+05   2.2550772E-02   5.6714849E-05   1.3952286E-02
   6.0000000E-01   3.9076252E+05   2.5219692E+05   6.4265174E+05   2.4247721E-02   4.3263571E-05   1.4752814E-02
   6.5000000E-01   2.6620501E+05   1.7671585E+05   4.4276415E+05   2.2526441E-02   8.0341170E-05   1.3577695E-02
   7.0000000E-01   1.8027708E+05   1.2613257E+05   3.0632779E+05   2.1602349E-02   7.0435196E-05   1.2737170E-02
   7.5000000E-01   1.2360610E+05   8.9033397E+04   2.1262252E+05   2.0920474E-02   8.8580913E-05   1.2194858E-02
   8.0000000E-01   8.2462155E+04   6.1855569E+04   1.4430977E+05   2.2081656E-02   2.0553651E-04   1.2700009E-02
   8.5000000E-01   5.5516989E+04   4.2720932E+04   9.8226686E+04   2.3662267E-02   3.7355169E-05   1.3389438E-02
   9.0000000E-01   3.5127264E+04   2.8743383E+04   6.3863573E+04   2.7991108E-02   2.8146717E-04   1.5513447E-02
   9.5000000E-01   1.9879290E+04   1.6934086E+04   3.6813376E+04   3.8652762E-02   1.0737494E-04   2.0906241E-02
   1.0000000E+00   9.7960850E+03   8.2367595E+03   1.8032845E+04   6.6167328E-02   3.3820472E-04   3.6097848E-02
