   0.0000000E+00   2.7405564E+08   3.9154459E+08   6.6344999E+08   1.1973804E-02   1.0305312E-04   4.9906486E-03
   5.0000000E-02   1.4479789E+07   8.9974109E+06   2.3455874E+07   8.6595298E-02   1.7835887E-03   5.4079149E-02
   1.0000000E-01   8.9441895E+06   5.0838545E+06   1.4014293E+07   6.3672265E-02   1.5112965E-03   4.1157830E-02
   1.5000000E-01   6.7154898E+06   3.5837449E+06   1.0287203E+07   5.0079963E-02   1.4195340E-03   3.3147670E-02
   2.0000000E-01   5.4377514E+06   2.7766967E+06   8.2041986E+06   4.2395025E-02   1.2141581E-03   2.8477170E-02
   2.5000000E-01   4.5652259E+06   2.2367381E+06   6.7929494E+06   3.6078335E-02   1.2766225E-03   2.4638028E-02
   3.0000000E-01   3.9338539E+06   1.8356719E+06   5.7617060E+06   3.2473080E-02   1.1751806E-03   2.2508066E-02
   3.5000000E-01   3.4375831E+06   1.5364091E+06   4.9672531E+06   3.0422580E-02   1.2883750E-03   2.1424277E-02
   4.0000000E-01   3.0299281E+06   1.3059618E+06   4.3305662E+06   2.8011194E-02   1.2906623E-03   1.9965308E-02
   4.5000000E-01   2.6924277E+06   1.1187673E+06   3.8061586E+06   2.7006427E-02   1.2094747E-03   1.9428490E-02
   5.0000000E-01   2.3914940E+06   9.5826555E+05   3.3457297E+06   2.6413023E-02   1.3418070E-03   1.9250002E-02
   5.5000000E-01   2.1372020E+06   8.2438209E+05   2.9580075E+06   2.6034895E-02   1.2238750E-03   1.9129943E-02
   6.0000000E-01   1.9073818E+06   7.1112020E+05   2.6153295E+06   2.6590833E-02   1.5473768E-03   1.9805484E-02
   6.5000000E-01   1.7002057E+06   6.1222254E+05   2.3099895E+06   2.6947523E-02   1.3106251E-03   2.0146294E-02
   7.0000000E-01   1.4990895E+06   5.2527043E+05   2.0220363E+06   2.8948240E-02   1.8036381E-03   2.1892519E-02
   7.5000000E-01   1.3133890E+06   4.4430543E+05   1.7559162E+06   3.0245024E-02   2.1784443E-03   2.3148882E-02
   8.0000000E-01   1.1381767E+06   3.7163873E+05   1.5081960E+06   3.2136232E-02   2.4520832E-03   2.4840116E-02
   8.5000000E-01   9.6202610E+05   3.0671966E+05   1.2676598E+06   3.6037417E-02   2.3617471E-03   2.7903817E-02
   9.0000000E-01   7.8878958E+05   2.4144159E+05   1.0296016E+06   4.0688301E-02   3.5666274E-03   3.1982987E-02
   9.5000000E-01   5.8431643E+05   1.7339177E+05   7.5724247E+05   4.9781951E-02   3.6616138E-03   3.9230437E-02
   1.0000000E+00   3.3257646E+05   9.3867621E+04   4.2634976E+05   6.2892251E-02   5.5667182E-03   5.0283787E-02
