   0.0000000E+00   3.1954238E+07   1.6747174E+08   1.9933991E+08   7.0610587E-03   2.7698096E-05   1.1428549E-03
   5.0000000E-02   8.3846644E+06   1.1714377E+07   2.0090638E+07   8.3140811E-03   1.0758258E-04   3.5365231E-03
   1.0000000E-01   7.0257995E+06   6.7785364E+06   1.3796442E+07   3.1045297E-03   1.8605490E-04   1.6689551E-03
   1.5000000E-01   6.1411739E+06   4.7101375E+06   1.0842547E+07   2.0771642E-03   1.4611678E-04   1.2230661E-03
   2.0000000E-01   5.4509136E+06   3.5015679E+06   8.9450171E+06   1.6857646E-03   2.3005638E-04   1.0476076E-03
   2.5000000E-01   4.8676457E+06   2.7396677E+06   7.6005653E+06   1.3426385E-03   1.9838009E-04   9.3364291E-04
   3.0000000E-01   4.3622566E+06   2.2112457E+06   6.5678895E+06   1.0303833E-03   4.4051902E-04   7.7893012E-04
   3.5000000E-01   3.9055532E+06   1.8067815E+06   5.7073417E+06   1.3278191E-03   3.3089669E-04   1.0144125E-03
   4.0000000E-01   3.5031595E+06   1.5022158E+06   5.0007438E+06   1.1894053E-03   3.4362740E-04   9.0562634E-04
   4.5000000E-01   3.1313487E+06   1.2586963E+06   4.3860627E+06   1.3987700E-03   2.6240461E-04   1.0769094E-03
   5.0000000E-01   2.8001593E+06   1.0716093E+06   3.8688338E+06   1.4592770E-03   5.2345898E-04   1.1936918E-03
   5.5000000E-01   2.4882226E+06   9.0882102E+05   3.3942656E+06   1.7346572E-03   6.8744506E-04   1.4514147E-03
   6.0000000E-01   2.2051554E+06   7.7287232E+05   2.9757995E+06   2.1355276E-03   9.1214269E-04   1.8159321E-03
   6.5000000E-01   1.9459263E+06   6.5973886E+05   2.6037847E+06   2.3917229E-03   8.9223176E-04   2.0035178E-03
   7.0000000E-01   1.7121843E+06   5.6189425E+05   2.2723188E+06   2.9261887E-03   1.4806093E-03   2.5753433E-03
   7.5000000E-01   1.4789611E+06   4.7689612E+05   1.9545755E+06   3.0512658E-03   1.2592586E-03   2.6102476E-03
   8.0000000E-01   1.2670325E+06   3.9958634E+05   1.6656361E+06   3.9782463E-03   1.9316043E-03   3.4821348E-03
   8.5000000E-01   1.0602341E+06   3.2697166E+05   1.3865391E+06   5.0393733E-03   2.6715169E-03   4.4702226E-03
   9.0000000E-01   8.6037040E+05   2.6170024E+05   1.1216427E+06   6.8415944E-03   3.7212292E-03   6.1131893E-03
   9.5000000E-01   6.4055676E+05   1.9169291E+05   8.3193472E+05   9.4608420E-03   5.0466036E-03   8.4351404E-03
   1.0000000E+00   3.9182454E+05   1.1627035E+05   5.0800057E+05   1.5183003E-02   9.0352274E-03   1.3773486E-02
