   0.0000000E+00   7.9233188E+07   5.0180408E+07   1.2937896E+08   1.7529137E-03   7.2637786E-04   1.3513274E-03
   5.0000000E-02   3.5342201E+07   1.7760737E+07   5.3054046E+07   5.6228054E-04   3.4088290E-04   4.8168492E-04
   1.0000000E-01   1.8590921E+07   9.2702025E+06   2.7835754E+07   2.8283250E-04   1.2294955E-04   2.2813426E-04
   1.5000000E-01   1.2077483E+07   5.9741885E+06   1.8036096E+07   1.7476970E-04   6.1391716E-05   1.3277194E-04
   2.0000000E-01   8.5593847E+06   4.2728805E+06   1.2821602E+07   1.9136032E-04   2.2116533E-04   1.3123536E-04
   2.5000000E-01   6.4554009E+06   3.2030760E+06   9.6504045E+06   1.7560712E-04   7.1085540E-05   1.0559705E-04
   3.0000000E-01   4.9878204E+06   2.4867748E+06   7.4688444E+06   2.2522983E-04   3.3490291E-04   2.5454218E-04
   3.5000000E-01   3.9480976E+06   1.9716933E+06   5.9159166E+06   2.3748008E-04   1.9018788E-04   1.6995178E-04
   4.0000000E-01   3.1763189E+06   1.5827959E+06   4.7562500E+06   2.0697472E-04   1.6840169E-04   1.0926062E-04
   4.5000000E-01   2.5812032E+06   1.2824139E+06   3.8613394E+06   2.7804085E-04   1.8320816E-04   2.4184315E-04
   5.0000000E-01   2.1179831E+06   1.0511547E+06   3.1676035E+06   7.3454539E-05   3.7951578E-04   1.7314928E-04
   5.5000000E-01   1.7533203E+06   8.7118522E+05   2.6232554E+06   6.7169155E-04   2.7280644E-04   5.3967458E-04
   6.0000000E-01   1.4445698E+06   7.2048382E+05   2.1640669E+06   4.5211127E-04   4.8640033E-04   4.4832991E-04
   6.5000000E-01   1.1971341E+06   5.9505340E+05   1.7914676E+06   3.5155278E-04   2.5698841E-04   3.1954309E-04
   7.0000000E-01   9.9285856E+05   4.9523107E+05   1.4874985E+06   1.2518200E-03   6.4228584E-04   1.0247274E-03
   7.5000000E-01   8.1082441E+05   4.0204661E+05   1.2124975E+06   8.2794643E-04   1.3038075E-03   9.7975850E-04
   8.0000000E-01   6.5783115E+05   3.2607267E+05   9.8360142E+05   1.5058158E-03   1.4723532E-03   1.4840716E-03
   8.5000000E-01   5.1914096E+05   2.5826915E+05   7.7722287E+05   2.4064496E-03   2.2075429E-03   2.3471054E-03
   9.0000000E-01   3.9503318E+05   1.9495066E+05   5.8990603E+05   3.0089043E-03   3.7165703E-03   3.2381206E-03
   9.5000000E-01   2.6993348E+05   1.3367005E+05   4.0354657E+05   5.4323875E-03   5.3507243E-03   5.3959963E-03
   1.0000000E+00   1.5452412E+05   7.6406948E+04   2.3091850E+05   1.2081548E-02   9.5450801E-03   1.1218114E-02
