   0.0000000E+00   3.3167890E+07   2.8021965E+07   6.1174576E+07   1.3305709E-02   1.4234330E-03   7.8609725E-03
   5.0000000E-02   1.8920021E+07   1.1545800E+07   3.0447614E+07   6.0527732E-03   1.4368936E-03   4.3037096E-03
   1.0000000E-01   1.2156637E+07   6.5043124E+06   1.8646147E+07   2.6874553E-03   1.4744906E-03   2.2705687E-03
   1.5000000E-01   8.8748404E+06   4.5169234E+06   1.3378458E+07   1.4803424E-03   9.7390867E-04   1.3079749E-03
   2.0000000E-01   6.8900244E+06   3.4473916E+06   1.0326641E+07   1.2861203E-03   7.2737553E-04   1.0992353E-03
   2.5000000E-01   5.5625162E+06   2.7404444E+06   8.2942516E+06   8.6127056E-04   6.8327036E-04   8.0786904E-04
   3.0000000E-01   4.6166711E+06   2.2623132E+06   6.8723211E+06   9.8929823E-04   7.6733591E-04   9.1294661E-04
   3.5000000E-01   3.8869457E+06   1.9019743E+06   5.7832541E+06   8.7754752E-04   4.6592778E-04   7.4602436E-04
   4.0000000E-01   3.3133672E+06   1.6251948E+06   4.9333974E+06   1.1618979E-03   1.3503775E-03   1.2196631E-03
   4.5000000E-01   2.8570717E+06   1.3943741E+06   4.2474139E+06   1.3556504E-03   9.7292630E-04   1.2342905E-03
   5.0000000E-01   2.4744137E+06   1.2044146E+06   3.6761036E+06   1.4343481E-03   1.2906092E-03   1.3756292E-03
   5.5000000E-01   2.1597847E+06   1.0487269E+06   3.2057220E+06   1.8902538E-03   1.1631545E-03   1.6546738E-03
   6.0000000E-01   1.8762564E+06   9.1031853E+05   2.7842354E+06   2.3557173E-03   1.7756416E-03   2.1611377E-03
   6.5000000E-01   1.6342568E+06   7.9400197E+05   2.4264371E+06   2.4259421E-03   2.3872682E-03   2.3712360E-03
   7.0000000E-01   1.4107403E+06   6.8760392E+05   2.0968800E+06   3.4687123E-03   2.5391801E-03   3.1670969E-03
   7.5000000E-01   1.2147002E+06   5.9502304E+05   1.8083609E+06   3.8190846E-03   4.1992313E-03   3.9296240E-03
   8.0000000E-01   1.0344116E+06   5.0339117E+05   1.5368320E+06   5.0789548E-03   5.0357057E-03   5.0694085E-03
   8.5000000E-01   8.6755921E+05   4.2175311E+05   1.2885596E+06   6.8877769E-03   5.9199253E-03   6.5813234E-03
   9.0000000E-01   6.9947183E+05   3.3801327E+05   1.0370430E+06   8.8077655E-03   8.8193475E-03   8.7988238E-03
   9.5000000E-01   5.1853686E+05   2.5059365E+05   7.6888926E+05   1.3249687E-02   1.3974301E-02   1.3465522E-02
   1.0000000E+00   3.2135937E+05   1.5527235E+05   4.7654370E+05   2.1885381E-02   2.1635721E-02   2.1802694E-02
