   0.0000000E+00   9.0679611E+07   1.3609148E+08   2.2669215E+08   2.7329738E-05   2.1315876E-05   1.8764324E-05
   5.0000000E-02   4.4858712E+07   2.2585742E+07   6.7375126E+07   4.9633114E-06   3.0107590E-05   1.3603165E-05
   1.0000000E-01   2.3871809E+07   1.1430031E+07   3.5266539E+07   1.8485017E-05   8.5922693E-06   1.0529468E-05
   1.5000000E-01   1.4943142E+07   7.0759439E+06   2.1995722E+07   3.5546232E-05   1.1775836E-04   3.7558474E-05
   2.0000000E-01   1.0132026E+07   4.7905160E+06   1.4908219E+07   4.4539752E-05   6.1383599E-05   5.1745345E-05
   2.5000000E-01   7.2200449E+06   3.3975506E+06   1.0609345E+07   3.6132884E-05   6.3853984E-05   4.5480501E-05
   3.0000000E-01   5.2942467E+06   2.4969395E+06   7.7852550E+06   1.5538907E-05   1.0333504E-04   2.5002285E-05
   3.5000000E-01   3.9673508E+06   1.8529364E+06   5.8165038E+06   1.2889972E-04   1.5611600E-04   1.2127571E-04
   4.0000000E-01   3.0305488E+06   1.4167814E+06   4.4445609E+06   2.0411774E-04   8.9290881E-05   1.5378700E-04
   4.5000000E-01   2.3210591E+06   1.0813128E+06   3.4006955E+06   1.8561258E-04   2.2377749E-04   1.0717912E-04
   5.0000000E-01   1.7979352E+06   8.3779799E+05   2.6347846E+06   2.0565618E-04   1.3533535E-04   1.8176760E-04
   5.5000000E-01   1.4024965E+06   6.5198546E+05   2.0538106E+06   2.5340887E-04   1.2160548E-04   2.0552993E-04
   6.0000000E-01   1.0940682E+06   5.0854779E+05   1.6021651E+06   3.9334731E-04   3.2848052E-04   3.6664904E-04
   6.5000000E-01   8.5879518E+05   3.9751518E+05   1.2560165E+06   5.3306836E-04   4.8790286E-04   5.0987874E-04
   7.0000000E-01   6.7288891E+05   3.1100695E+05   9.8363212E+05   3.5316699E-04   5.8187640E-04   3.2499960E-04
   7.5000000E-01   5.2429882E+05   2.3947089E+05   7.6358722E+05   8.9038157E-04   7.1336275E-04   8.1572994E-04
   8.0000000E-01   4.0151211E+05   1.8459188E+05   5.8603237E+05   1.0818277E-03   1.4310699E-03   1.0822318E-03
   8.5000000E-01   3.0187386E+05   1.3945718E+05   4.4128610E+05   1.6063241E-03   1.2801269E-03   1.4398160E-03
   9.0000000E-01   2.1746578E+05   1.0115181E+05   3.1856807E+05   2.0423398E-03   9.9416446E-04   1.6093565E-03
   9.5000000E-01   1.4078679E+05   6.5970562E+04   2.0673389E+05   4.7045535E-03   3.8833831E-03   4.4043413E-03
   1.0000000E+00   7.9299245E+04   3.7147157E+04   1.1644640E+05   9.3925097E-03   7.7942582E-03   8.8821122E-03
