   0.0000000E+00   1.6396147E+09   9.8756890E+08   2.5815782E+09   2.0911457E-03   2.4699304E-04   1.3997157E-03
   5.0000000E-02   2.4106563E+07   9.5638115E+06   3.3608495E+07   4.2492789E-02   7.0587275E-03   3.2434296E-02
   1.0000000E-01   1.2355326E+07   5.0327021E+06   1.7357470E+07   2.6303469E-02   4.0579168E-03   1.9876338E-02
   1.5000000E-01   7.5663958E+06   3.1293894E+06   1.0676920E+07   1.9812746E-02   3.1439267E-03   1.4949324E-02
   2.0000000E-01   5.0225003E+06   2.1146440E+06   7.1262581E+06   1.6542976E-02   2.4467885E-03   1.2348582E-02
   2.5000000E-01   3.5123841E+06   1.4879459E+06   4.9937474E+06   1.4988672E-02   1.9583625E-03   1.1106227E-02
   3.0000000E-01   2.5447390E+06   1.0834420E+06   3.6237246E+06   1.4124721E-02   1.4840011E-03   1.0352753E-02
   3.5000000E-01   1.9007375E+06   8.0433270E+05   2.7018780E+06   1.2588325E-02   1.5195608E-03   9.3046082E-03
   4.0000000E-01   1.4707667E+06   6.1109132E+05   2.0797493E+06   1.1525693E-02   8.3574813E-04   8.3916586E-03
   4.5000000E-01   1.1502941E+06   4.7516592E+05   1.6241302E+06   1.1492816E-02   1.2156556E-03   8.4906122E-03
   5.0000000E-01   9.1984554E+05   3.7654150E+05   1.2955085E+06   1.0508700E-02   8.3885085E-04   7.7043150E-03
   5.5000000E-01   7.5316170E+05   2.9954697E+05   1.0519968E+06   1.2136082E-02   7.5257866E-04   8.9007591E-03
   6.0000000E-01   6.1980771E+05   2.4327364E+05   8.6256143E+05   1.2468928E-02   7.4707643E-04   9.1351704E-03
   6.5000000E-01   5.0767489E+05   1.9773900E+05   7.0506129E+05   1.3102654E-02   1.1194639E-03   9.7464620E-03
   7.0000000E-01   4.2197432E+05   1.5941414E+05   5.8111108E+05   1.3085505E-02   6.6836014E-04   9.6839503E-03
   7.5000000E-01   3.4683894E+05   1.2808365E+05   4.7474858E+05   1.4109744E-02   3.8170819E-04   1.0403041E-02
   8.0000000E-01   2.7722006E+05   1.0343480E+05   3.8053151E+05   1.7190425E-02   1.2947857E-03   1.2862491E-02
   8.5000000E-01   2.2010941E+05   7.8528921E+04   2.9855220E+05   1.7246887E-02   1.2364991E-03   1.3043779E-02
   9.0000000E-01   1.6031854E+05   5.7543354E+04   2.1782299E+05   2.1976601E-02   1.4319080E-03   1.6551375E-02
   9.5000000E-01   1.0461003E+05   3.8033005E+04   1.4262963E+05   2.8595162E-02   1.8403862E-03   2.1447891E-02
   1.0000000E+00   5.4903347E+04   2.0742801E+04   7.5646148E+04   4.3150036E-02   1.1570311E-03   3.1567642E-02
