   0.0000000E+00   5.8235940E+07   3.5004411E+07   9.3230674E+07   2.4302437E-03   6.9357006E-04   1.7616113E-03
   5.0000000E-02   2.8159029E+07   1.4536003E+07   4.2672942E+07   8.3397021E-04   4.9111886E-04   7.1058405E-04
   1.0000000E-01   1.5506848E+07   7.7596947E+06   2.3254161E+07   1.3670243E-04   3.4389240E-04   2.0009689E-04
   1.5000000E-01   1.0420956E+07   5.1959633E+06   1.5606437E+07   3.6538564E-04   3.2472311E-04   3.3311376E-04
   2.0000000E-01   7.6979267E+06   3.8220900E+06   1.1512489E+07   2.3644698E-04   2.6831039E-04   2.3468471E-04
   2.5000000E-01   5.9577679E+06   2.9617207E+06   8.9143193E+06   2.6840813E-04   2.5596704E-04   2.4085198E-04
   3.0000000E-01   4.7619265E+06   2.3745281E+06   7.1319770E+06   1.0069981E-04   6.7618712E-05   5.8011408E-05
   3.5000000E-01   3.9029248E+06   1.9434547E+06   5.8429054E+06   1.2357786E-04   3.9156635E-04   1.7537638E-04
   4.0000000E-01   3.2457104E+06   1.6152476E+06   4.8582206E+06   4.4915144E-05   4.2297692E-04   1.1586640E-04
   4.5000000E-01   2.7196892E+06   1.3548542E+06   4.0725203E+06   2.0329912E-04   5.9182957E-04   3.3357284E-04
   5.0000000E-01   2.2998335E+06   1.1412555E+06   3.4396566E+06   3.4148859E-04   3.0006503E-04   3.1871597E-04
   5.5000000E-01   1.9569402E+06   9.6971081E+05   2.9253199E+06   4.2764163E-04   5.6589824E-04   3.5395758E-04
   6.0000000E-01   1.6677422E+06   8.3019993E+05   2.4968440E+06   3.1034185E-04   8.1217739E-04   4.6364375E-04
   6.5000000E-01   1.4165622E+06   7.0895937E+05   2.1246842E+06   3.0295677E-04   8.3700893E-04   4.7872029E-04
   7.0000000E-01   1.2105507E+06   5.9987772E+05   1.8099146E+06   5.8752057E-04   8.8892475E-04   6.5956015E-04
   7.5000000E-01   1.0142202E+06   5.0831542E+05   1.5220772E+06   8.5543668E-04   1.5762319E-03   1.0843272E-03
   8.0000000E-01   8.4387930E+05   4.2128711E+05   1.2648202E+06   1.9018102E-03   1.8630676E-03   1.8832424E-03
   8.5000000E-01   6.8550468E+05   3.4343390E+05   1.0286914E+06   1.8444815E-03   2.1870735E-03   1.9521032E-03
   9.0000000E-01   5.3707366E+05   2.6578168E+05   8.0268911E+05   2.9370553E-03   2.8723885E-03   2.8624675E-03
   9.5000000E-01   3.7608146E+05   1.8704894E+05   5.6304328E+05   4.8281708E-03   4.5876745E-03   4.7019840E-03
   1.0000000E+00   2.1869540E+05   1.0947345E+05   3.2815627E+05   1.1613195E-02   1.0143573E-02   1.1128613E-02
