   0.0000000E+00   4.8916641E+08   2.3122336E+08   7.1902944E+08   8.1226477E-03   1.0075845E-05   5.5171652E-03
   5.0000000E-02   1.1718018E+08   5.4561561E+07   1.7112543E+08   2.9810671E-03   1.2046600E-05   2.0288733E-03
   1.0000000E-01   4.1869464E+07   2.0474265E+07   6.2194123E+07   1.6586422E-03   3.2381600E-05   1.1227610E-03
   1.5000000E-01   1.9031366E+07   9.6785728E+06   2.8658691E+07   1.5260360E-03   6.4096837E-05   1.0193595E-03
   2.0000000E-01   9.4498566E+06   5.0014600E+06   1.4433873E+07   1.5731319E-03   7.7049326E-05   1.0531992E-03
   2.5000000E-01   4.9072435E+06   2.7098867E+06   7.6107384E+06   1.5619108E-03   1.8964619E-04   1.0704929E-03
   3.0000000E-01   2.6173561E+06   1.4894993E+06   4.1047121E+06   1.1741370E-03   2.6528129E-04   8.2681635E-04
   3.5000000E-01   1.4140780E+06   8.4262084E+05   2.2560622E+06   7.4851534E-04   5.6740471E-04   6.4649902E-04
   4.0000000E-01   7.7556204E+05   4.7946222E+05   1.2547776E+06   7.8679305E-04   8.6388987E-04   5.9012086E-04
   4.5000000E-01   4.2584911E+05   2.7323721E+05   6.9898022E+05   1.2114548E-03   1.3010976E-03   9.2885283E-04
   5.0000000E-01   2.3614137E+05   1.5658300E+05   3.9269254E+05   1.2177435E-03   2.0825401E-03   7.5142222E-04
   5.5000000E-01   1.3359755E+05   8.9815475E+04   2.2340724E+05   1.2717521E-03   2.9740050E-03   1.9480249E-03
   6.0000000E-01   7.5152964E+04   5.3375263E+04   1.2851762E+05   4.3264957E-03   4.9692581E-03   1.6497194E-03
   6.5000000E-01   4.2878790E+04   3.1253134E+04   7.4131924E+04   2.7738005E-03   6.8441659E-03   1.7905849E-03
   7.0000000E-01   2.5637588E+04   1.8084549E+04   4.3722137E+04   1.0201511E-02   9.9235999E-03   1.9088073E-03
   7.5000000E-01   1.5529278E+04   1.0673992E+04   2.6203270E+04   1.1123101E-02   1.2786357E-02   3.5753970E-03
   8.0000000E-01   8.9126768E+03   6.2985569E+03   1.5211234E+04   9.1128206E-03   1.6986527E-02   2.5598673E-03
   8.5000000E-01   5.3288820E+03   3.6137534E+03   8.9426354E+03   3.5138755E-02   2.9345471E-02   9.6275711E-03
   9.0000000E-01   3.4271364E+03   2.1185291E+03   5.5456656E+03   4.9633906E-02   3.4622890E-02   1.7832402E-02
   9.5000000E-01   1.8428467E+03   1.0554486E+03   2.8982953E+03   6.6338286E-02   4.5245030E-02   2.5972602E-02
   1.0000000E+00   6.2247267E+02   3.8983137E+02   1.0123040E+03   1.0535782E-01   6.4002256E-02   4.0174484E-02
