   0.0000000E+00   3.7968513E+07   5.7840217E+07   9.5775625E+07   3.7903966E-02   3.8056352E-03   1.7306896E-02
   5.0000000E-02   1.8092479E+07   1.0861243E+07   2.8927175E+07   2.7491158E-02   7.9247485E-03   2.0150970E-02
   1.0000000E-01   1.1343418E+07   6.0435588E+06   1.7368292E+07   1.7743409E-02   7.1058356E-03   1.4050567E-02
   1.5000000E-01   8.4041449E+06   4.2629545E+06   1.2650017E+07   1.3279423E-02   6.3230587E-03   1.0934850E-02
   2.0000000E-01   6.6287397E+06   3.2784327E+06   9.8938670E+06   1.0730715E-02   5.8054952E-03   9.0976212E-03
   2.5000000E-01   5.4367201E+06   2.6662655E+06   8.0917938E+06   9.5073108E-03   5.5841792E-03   8.2180993E-03
   3.0000000E-01   4.5663357E+06   2.2067469E+06   6.7640639E+06   8.6056897E-03   5.8063684E-03   7.6896073E-03
   3.5000000E-01   3.8723489E+06   1.8705162E+06   5.7347528E+06   8.2061972E-03   5.8920688E-03   7.4532420E-03
   4.0000000E-01   3.3505458E+06   1.5994594E+06   4.9435753E+06   8.1097102E-03   6.3087880E-03   7.5152613E-03
   4.5000000E-01   2.8948728E+06   1.3844429E+06   4.2736073E+06   8.4321815E-03   7.1692637E-03   8.0181871E-03
   5.0000000E-01   2.5234971E+06   1.2009195E+06   3.7200112E+06   9.1919427E-03   7.6738690E-03   8.7041048E-03
   5.5000000E-01   2.2041281E+06   1.0456306E+06   3.2459274E+06   9.7334465E-03   8.4330856E-03   9.3157571E-03
   6.0000000E-01   1.9211699E+06   9.1597914E+05   2.8338227E+06   1.0737153E-02   9.4887022E-03   1.0330903E-02
   6.5000000E-01   1.6760093E+06   7.9938876E+05   2.4728663E+06   1.2632304E-02   1.1467832E-02   1.2269383E-02
   7.0000000E-01   1.4555493E+06   6.9101893E+05   2.1443400E+06   1.4233481E-02   1.1979623E-02   1.3495300E-02
   7.5000000E-01   1.2553123E+06   5.9634296E+05   1.8498261E+06   1.5708454E-02   1.4234784E-02   1.5239602E-02
   8.0000000E-01   1.0676790E+06   5.0804645E+05   1.5744403E+06   1.8421242E-02   1.6622543E-02   1.7832422E-02
   8.5000000E-01   8.9801585E+05   4.2407864E+05   1.3210497E+06   2.1965936E-02   1.8772745E-02   2.0950045E-02
   9.0000000E-01   7.2332031E+05   3.4283389E+05   1.0655176E+06   2.6798427E-02   2.3861815E-02   2.5855704E-02
   9.5000000E-01   5.3519284E+05   2.5342493E+05   7.8827600E+05   3.5051194E-02   3.2072386E-02   3.4087478E-02
   1.0000000E+00   3.0933119E+05   1.4731224E+05   4.5654283E+05   4.9385690E-02   4.5643788E-02   4.8167894E-02
