   0.0000000E+00   4.6373931E+07   2.7289089E+07   7.3656398E+07   8.5942170E-03   1.9504918E-03   6.1341550E-03
   5.0000000E-02   2.2344081E+07   1.1543444E+07   3.3874156E+07   2.1168985E-03   1.3726404E-03   1.8624276E-03
   1.0000000E-01   1.2716671E+07   6.4062729E+06   1.9115782E+07   7.9584573E-04   3.5803623E-04   6.4351453E-04
   1.5000000E-01   8.8546383E+06   4.4266083E+06   1.3274732E+07   6.0933779E-04   4.2193983E-04   5.3756221E-04
   2.0000000E-01   6.7443976E+06   3.3704401E+06   1.0109315E+07   3.9020169E-04   3.2343322E-04   3.5154924E-04
   2.5000000E-01   5.4075502E+06   2.7031512E+06   8.1069581E+06   2.9725684E-04   1.3122420E-04   2.4246198E-04
   3.0000000E-01   4.4683811E+06   2.2244238E+06   6.6894945E+06   2.5199265E-04   3.3114920E-04   1.9663193E-04
   3.5000000E-01   3.7664699E+06   1.8852312E+06   5.6486909E+06   5.2902251E-04   4.0556352E-04   4.7099563E-04
   4.0000000E-01   3.2342990E+06   1.6032792E+06   4.8351113E+06   1.8982911E-04   8.1596597E-04   3.9058308E-04
   4.5000000E-01   2.7963594E+06   1.3874067E+06   4.1817431E+06   4.5851152E-04   3.9056802E-04   4.2543203E-04
   5.0000000E-01   2.4334218E+06   1.2127670E+06   3.6448201E+06   6.6500407E-04   6.4097532E-04   6.5087878E-04
   5.5000000E-01   2.1183986E+06   1.0590807E+06   3.1763218E+06   5.3731864E-04   7.3638188E-04   5.9834962E-04
   6.0000000E-01   1.8598581E+06   9.2560801E+05   2.7842990E+06   5.0644361E-04   6.2581556E-04   5.4290265E-04
   6.5000000E-01   1.6303392E+06   8.1034841E+05   2.4398061E+06   9.8906786E-04   1.2839036E-03   1.0421816E-03
   7.0000000E-01   1.4211491E+06   7.0577942E+05   2.1260554E+06   7.0602575E-04   8.8353876E-04   7.3450890E-04
   7.5000000E-01   1.2243896E+06   6.1022976E+05   1.8339615E+06   1.1457435E-03   9.7846819E-04   1.0863777E-03
   8.0000000E-01   1.0418163E+06   5.1973240E+05   1.5610275E+06   2.0116689E-03   1.6581049E-03   1.8780339E-03
   8.5000000E-01   8.6748806E+05   4.3268425E+05   1.2997529E+06   2.3138657E-03   1.7523920E-03   2.1014824E-03
   9.0000000E-01   6.9165555E+05   3.4193909E+05   1.0334284E+06   2.9600928E-03   2.9210141E-03   2.9407138E-03
   9.5000000E-01   4.9362157E+05   2.4552749E+05   7.3902509E+05   5.0862526E-03   6.0115229E-03   5.3957690E-03
   1.0000000E+00   2.8983962E+05   1.4292350E+05   4.3273168E+05   1.1610347E-02   9.7559577E-03   1.0998008E-02
