   0.0000000E+00   5.2583469E+08   4.7902888E+08   1.0017227E+09   2.1078789E-04   5.2927429E-05   1.3399822E-04
   5.0000000E-02   9.8672882E+06   7.1090693E+06   1.6968782E+07   3.7155809E-03   1.1229086E-03   2.6177601E-03
   1.0000000E-01   7.1691026E+06   4.4344705E+06   1.1597302E+07   1.6826471E-03   7.1379175E-04   1.2965773E-03
   1.5000000E-01   5.8427477E+06   3.2511111E+06   9.0867499E+06   1.0470742E-03   4.4266466E-04   8.0025812E-04
   2.0000000E-01   4.9479203E+06   2.5420068E+06   7.4835927E+06   8.1087076E-04   3.0265909E-04   6.3704560E-04
   2.5000000E-01   4.2891366E+06   2.0638067E+06   6.3476594E+06   8.9368047E-04   1.9628698E-04   6.6374475E-04
   3.0000000E-01   3.7504544E+06   1.7127618E+06   5.4582400E+06   7.7210137E-04   4.5754586E-04   6.4874324E-04
   3.5000000E-01   3.3053480E+06   1.4416891E+06   4.7426627E+06   1.1487578E-03   5.6152787E-04   9.4004585E-04
   4.0000000E-01   2.9283077E+06   1.2202887E+06   4.1446971E+06   1.1179405E-03   7.0878186E-04   9.8053727E-04
   4.5000000E-01   2.5992195E+06   1.0524103E+06   3.6482982E+06   1.1982831E-03   4.1502101E-04   9.7089500E-04
   5.0000000E-01   2.3088162E+06   9.0839912E+05   3.2146879E+06   1.3828092E-03   8.7019733E-04   1.2385398E-03
   5.5000000E-01   2.0387575E+06   7.8345323E+05   2.8199015E+06   1.8466111E-03   4.1382971E-04   1.4409015E-03
   6.0000000E-01   1.8054271E+06   6.7747485E+05   2.4808118E+06   2.0610740E-03   8.7504196E-04   1.7329514E-03
   6.5000000E-01   1.5878864E+06   5.8525925E+05   2.1715688E+06   2.3106735E-03   1.4773639E-03   2.0609622E-03
   7.0000000E-01   1.3915280E+06   5.0440749E+05   1.8944395E+06   2.9051874E-03   1.6741477E-03   2.5702920E-03
   7.5000000E-01   1.2091489E+06   4.3243883E+05   1.6404631E+06   3.7827458E-03   2.4833760E-03   3.4401380E-03
   8.0000000E-01   1.0335204E+06   3.6216503E+05   1.3949254E+06   4.7366689E-03   2.9172401E-03   4.2479155E-03
   8.5000000E-01   8.6966755E+05   3.0112864E+05   1.1700622E+06   5.7022207E-03   3.3859970E-03   5.0922125E-03
   9.0000000E-01   7.0237906E+05   2.3977223E+05   9.4182590E+05   7.6455422E-03   4.1588301E-03   6.7584051E-03
   9.5000000E-01   5.2361306E+05   1.7736562E+05   7.0073073E+05   1.0385836E-02   7.4104924E-03   9.6325047E-03
   1.0000000E+00   3.2261689E+05   1.0764376E+05   4.3022293E+05   1.7062073E-02   1.2554444E-02   1.5919290E-02
