   0.0000000E+00   3.2960097E+07   1.7814149E+07   5.0768135E+07   3.6911495E-02   9.3229399E-03   2.7235104E-02
   5.0000000E-02   1.6783143E+07   8.4350210E+06   2.5206769E+07   1.5255576E-02   6.2875318E-03   1.2259982E-02
   1.0000000E-01   1.0256486E+07   5.1373624E+06   1.5386240E+07   6.2099550E-03   4.0075795E-03   5.4763813E-03
   1.5000000E-01   7.4877732E+06   3.7524704E+06   1.1233771E+07   2.6626368E-03   2.5380135E-03   2.6195449E-03
   2.0000000E-01   5.9360337E+06   2.9772319E+06   8.9075043E+06   2.1620300E-03   2.3325757E-03   2.2168796E-03
   2.5000000E-01   4.9113433E+06   2.4711415E+06   7.3777229E+06   1.7293169E-03   1.7224352E-03   1.7270171E-03
   3.0000000E-01   4.1869103E+06   2.1006012E+06   6.2835008E+06   1.4854447E-03   1.9509673E-03   1.6462410E-03
   3.5000000E-01   3.6333618E+06   1.8171948E+06   5.4471643E+06   1.5993759E-03   1.3602101E-03   1.5170239E-03
   4.0000000E-01   3.1918046E+06   1.5965708E+06   4.7853753E+06   1.4513585E-03   1.4172237E-03   1.4228483E-03
   4.5000000E-01   2.8312037E+06   1.4167124E+06   4.2450585E+06   1.5624175E-03   1.4948030E-03   1.5330686E-03
   5.0000000E-01   2.5246558E+06   1.2631873E+06   3.7855703E+06   1.7365917E-03   1.0526488E-03   1.5000715E-03
   5.5000000E-01   2.2534141E+06   1.1256479E+06   3.3770190E+06   1.7636141E-03   1.7326217E-03   1.7394530E-03
   6.0000000E-01   2.0119307E+06   1.0073235E+06   3.0175141E+06   2.0924333E-03   2.5057459E-03   2.2243677E-03
   6.5000000E-01   1.7988769E+06   8.9939683E+05   2.6968095E+06   2.7913380E-03   2.7797071E-03   2.7909706E-03
   7.0000000E-01   1.6002620E+06   8.0172711E+05   2.4006704E+06   2.7169573E-03   1.8301791E-03   2.4142021E-03
   7.5000000E-01   1.4110762E+06   7.0089290E+05   2.1107638E+06   3.4143620E-03   2.9009316E-03   3.2241715E-03
   8.0000000E-01   1.2303871E+06   6.1124650E+05   1.8408537E+06   4.2254688E-03   4.3726064E-03   4.2739755E-03
   8.5000000E-01   1.0477338E+06   5.2110699E+05   1.5681443E+06   5.1905032E-03   5.3677484E-03   5.2465343E-03
   9.0000000E-01   8.5375663E+05   4.2857597E+05   1.2818622E+06   6.7730505E-03   7.0256384E-03   6.8628224E-03
   9.5000000E-01   6.3945441E+05   3.1872536E+05   9.5781790E+05   1.0331104E-02   1.0716653E-02   1.0457534E-02
   1.0000000E+00   3.9820017E+05   2.0113412E+05   5.9931543E+05   1.8304840E-02   1.9266884E-02   1.8622665E-02
