   0.0000000E+00   1.0293072E+09   8.5141528E+08   1.8563400E+09   4.9684240E-03   1.3504546E-03   3.3264952E-03
   5.0000000E-02   1.7715982E+07   7.3254564E+06   2.5006361E+07   1.1357739E-01   6.2524269E-02   9.8638577E-02
   1.0000000E-01   9.3458011E+06   3.7179231E+06   1.3045612E+07   1.0564849E-01   5.9315295E-02   9.2489190E-02
   1.5000000E-01   6.4011057E+06   2.4678990E+06   8.8569089E+06   1.0075897E-01   5.6482871E-02   8.8427429E-02
   2.0000000E-01   4.8475572E+06   1.8222923E+06   6.6607935E+06   9.8818089E-02   5.6466417E-02   8.7260028E-02
   2.5000000E-01   3.8844374E+06   1.4273652E+06   5.3043287E+06   9.7120130E-02   5.5495148E-02   8.5970606E-02
   3.0000000E-01   3.1889452E+06   1.1580114E+06   4.3408980E+06   9.5725185E-02   5.4381752E-02   8.4715079E-02
   3.5000000E-01   2.6861989E+06   9.6276008E+05   3.6444663E+06   9.6237790E-02   5.4249649E-02   8.5166907E-02
   4.0000000E-01   2.2882024E+06   8.0627098E+05   3.0905184E+06   9.7016973E-02   5.5274551E-02   8.6152407E-02
   4.5000000E-01   1.9749997E+06   6.8759887E+05   2.6591466E+06   9.8459142E-02   5.6142933E-02   8.7540830E-02
   5.0000000E-01   1.7064084E+06   5.8981549E+05   2.2938174E+06   9.9844754E-02   5.8353701E-02   8.9201137E-02
   5.5000000E-01   1.4846841E+06   5.0897172E+05   1.9913003E+06   1.0285634E-01   5.9194302E-02   9.1725847E-02
   6.0000000E-01   1.2805288E+06   4.3944271E+05   1.7180564E+06   1.0634495E-01   6.2110164E-02   9.5058428E-02
   6.5000000E-01   1.1164548E+06   3.7756939E+05   1.4923347E+06   1.0970800E-01   6.4682212E-02   9.8349735E-02
   7.0000000E-01   9.6434708E+05   3.2294357E+05   1.2860902E+06   1.1480689E-01   6.6614699E-02   1.0273039E-01
   7.5000000E-01   8.2761844E+05   2.7669617E+05   1.1033512E+06   1.1904129E-01   7.0364863E-02   1.0686798E-01
   8.0000000E-01   6.9686788E+05   2.3443523E+05   9.3060283E+05   1.2664446E-01   7.4448400E-02   1.1349536E-01
   8.5000000E-01   5.7270315E+05   1.8954043E+05   7.6173803E+05   1.3322938E-01   7.9832152E-02   1.1996263E-01
   9.0000000E-01   4.5154379E+05   1.4914587E+05   6.0041733E+05   1.4317982E-01   8.6685267E-02   1.2918081E-01
   9.5000000E-01   3.1317002E+05   1.0233495E+05   4.1532069E+05   1.5503710E-01   9.3325153E-02   1.3983555E-01
   1.0000000E+00   1.4940602E+05   4.8521430E+04   1.9788343E+05   1.6909219E-01   1.0333465E-01   1.5294987E-01
