   0.0000000E+00   7.1326625E+08   5.8701538E+08   1.2923152E+09   1.4368345E-03   3.5609440E-04   9.4877494E-04
   5.0000000E-02   1.0514667E+07   6.1139053E+06   1.6616476E+07   3.6390748E-02   1.2680370E-02   2.7685462E-02
   1.0000000E-01   6.9588589E+06   3.7016257E+06   1.0653259E+07   2.4406833E-02   8.8925203E-03   1.9017546E-02
   1.5000000E-01   5.3896018E+06   2.7243507E+06   8.1058249E+06   1.8613332E-02   6.8746381E-03   1.4673893E-02
   2.0000000E-01   4.4865619E+06   2.1637115E+06   6.6432546E+06   1.4432778E-02   5.6491959E-03   1.1573952E-02
   2.5000000E-01   3.8334187E+06   1.7845980E+06   5.6117651E+06   1.2535467E-02   5.0179803E-03   1.0144509E-02
   3.0000000E-01   3.3409275E+06   1.5049161E+06   4.8403899E+06   1.1194256E-02   4.7822365E-03   9.1897484E-03
   3.5000000E-01   2.9464036E+06   1.2827343E+06   4.2244542E+06   1.0179252E-02   4.1402179E-03   8.3580385E-03
   4.0000000E-01   2.6202872E+06   1.1079571E+06   3.7236607E+06   9.8290655E-03   3.8758369E-03   8.0561716E-03
   4.5000000E-01   2.3472312E+06   9.6468409E+05   3.3080744E+06   9.7576033E-03   4.3201622E-03   8.1723398E-03
   5.0000000E-01   2.0996357E+06   8.3847280E+05   2.9354156E+06   1.0205482E-02   4.1771528E-03   8.4792731E-03
   5.5000000E-01   1.8799729E+06   7.3737353E+05   2.6143485E+06   9.8475830E-03   4.2875209E-03   8.2816434E-03
   6.0000000E-01   1.6811324E+06   6.3988775E+05   2.3185055E+06   1.0558132E-02   4.5669021E-03   8.9121597E-03
   6.5000000E-01   1.4985099E+06   5.6312447E+05   2.0595874E+06   1.1375891E-02   5.5616750E-03   9.7917718E-03
   7.0000000E-01   1.3343096E+06   4.8650483E+05   1.8189500E+06   1.2598503E-02   6.0930771E-03   1.0855898E-02
   7.5000000E-01   1.1638683E+06   4.2070805E+05   1.5829975E+06   1.4087821E-02   6.5927435E-03   1.2091501E-02
   8.0000000E-01   1.0115092E+06   3.5919679E+05   1.3694567E+06   1.5758219E-02   7.4035999E-03   1.3561063E-02
   8.5000000E-01   8.5799868E+05   2.9888924E+05   1.1560191E+06   1.8419684E-02   8.9377130E-03   1.5955472E-02
   9.0000000E-01   7.0205014E+05   2.3871827E+05   9.4024496E+05   2.1482899E-02   1.0148277E-02   1.8591050E-02
   9.5000000E-01   5.2629692E+05   1.7545911E+05   7.0140086E+05   2.7677372E-02   1.2452542E-02   2.3879524E-02
   1.0000000E+00   3.0615595E+05   1.0155107E+05   4.0766301E+05   3.9970073E-02   1.9538414E-02   3.4872693E-02
