   0.0000000E+00   5.4735295E+08   8.0031203E+08   1.3346866E+09   1.2644710E-02   5.7651930E-04   5.4613696E-03
   5.0000000E-02   4.3336936E+07   1.9862983E+07   6.2976529E+07   3.6657143E-02   4.9919251E-03   2.6695139E-02
   1.0000000E-01   1.7645318E+07   8.3588176E+06   2.5932070E+07   2.3417153E-02   2.6282787E-03   1.6722815E-02
   1.5000000E-01   9.2400267E+06   4.3470732E+06   1.3557370E+07   1.7629726E-02   1.7614067E-03   1.2568963E-02
   2.0000000E-01   5.6904895E+06   2.5432642E+06   8.2208144E+06   1.4273656E-02   1.0950521E-03   1.0204748E-02
   2.5000000E-01   3.9791155E+06   1.6302050E+06   5.6012609E+06   1.2659804E-02   1.0064141E-03   9.2663705E-03
   3.0000000E-01   3.0468304E+06   1.1287162E+06   4.1697534E+06   1.1043390E-02   7.4649743E-04   8.2612046E-03
   3.5000000E-01   2.4854818E+06   8.2122132E+05   3.3025378E+06   1.0225380E-02   6.4394260E-04   7.8350558E-03
   4.0000000E-01   2.1067738E+06   6.2429322E+05   2.7281704E+06   9.2929098E-03   3.8589160E-04   7.2678452E-03
   4.5000000E-01   1.8324322E+06   4.8832273E+05   2.3182509E+06   8.8677527E-03   3.9095351E-04   7.0744451E-03
   5.0000000E-01   1.6255131E+06   3.8557513E+05   2.0090765E+06   8.5659288E-03   5.0871444E-04   7.0316653E-03
   5.5000000E-01   1.4577783E+06   3.0884161E+05   1.7648431E+06   7.2688456E-03   4.6988370E-04   6.0690107E-03
   6.0000000E-01   1.3060997E+06   2.5208021E+05   1.5565937E+06   6.8050027E-03   3.6335522E-04   5.7543950E-03
   6.5000000E-01   1.1829424E+06   2.0271932E+05   1.3844227E+06   6.7483653E-03   1.7273401E-04   5.7788203E-03
   7.0000000E-01   1.0635688E+06   1.6292919E+05   1.2254749E+06   6.4586189E-03   3.4447000E-04   5.6448082E-03
   7.5000000E-01   9.5355456E+05   1.3220046E+05   1.0849274E+06   6.2652405E-03   1.6791008E-04   5.5274866E-03
   8.0000000E-01   8.3736588E+05   1.0304885E+05   9.3972240E+05   6.0902041E-03   2.5293199E-04   5.4495782E-03
   8.5000000E-01   7.1207794E+05   7.9217969E+04   7.9077912E+05   5.8986505E-03   2.7708337E-04   5.3267826E-03
   9.0000000E-01   5.5962061E+05   5.6439880E+04   6.1578462E+05   5.7169879E-03   2.4940865E-04   5.2086268E-03
   9.5000000E-01   3.6780205E+05   3.4343961E+04   4.0200193E+05   6.1484031E-03   1.5143247E-04   5.6379410E-03
   1.0000000E+00   1.7348753E+05   1.5410914E+04   1.8886701E+05   9.0808505E-03   5.4885240E-04   8.3900035E-03
