   0.0000000E+00   8.3334037E+08   8.0231764E+08   1.6157619E+09   7.5989878E-03   1.1855846E-03   4.4548145E-03
   5.0000000E-02   2.0021119E+07   7.8311235E+06   2.7811562E+07   1.2556539E-01   4.6630594E-02   1.0335576E-01
   1.0000000E-01   1.0455779E+07   3.9568465E+06   1.4393814E+07   1.1611257E-01   4.4573132E-02   9.6462873E-02
   1.5000000E-01   7.1361045E+06   2.6174622E+06   9.7383090E+06   1.1078112E-01   4.2626274E-02   9.2497629E-02
   2.0000000E-01   5.3530651E+06   1.9321092E+06   7.2732536E+06   1.0679942E-01   4.1596433E-02   8.9509288E-02
   2.5000000E-01   4.2506975E+06   1.5137418E+06   5.7556539E+06   1.0386520E-01   4.2224197E-02   8.7705315E-02
   3.0000000E-01   3.4939709E+06   1.2271058E+06   4.7143710E+06   1.0302547E-01   4.1991170E-02   8.7181675E-02
   3.5000000E-01   2.9193473E+06   1.0131986E+06   3.9264252E+06   1.0254471E-01   4.1373649E-02   8.6820806E-02
   4.0000000E-01   2.4803741E+06   8.5712099E+05   3.3326170E+06   1.0229882E-01   4.2898459E-02   8.7060006E-02
   4.5000000E-01   2.1278026E+06   7.2810911E+05   2.8519434E+06   1.0262283E-01   4.4374796E-02   8.7792061E-02
   5.0000000E-01   1.8324273E+06   6.2242952E+05   2.4520047E+06   1.0550260E-01   4.4390867E-02   9.0038160E-02
   5.5000000E-01   1.5886962E+06   5.3564030E+05   2.1217669E+06   1.0705443E-01   4.6414257E-02   9.1797490E-02
   6.0000000E-01   1.3785046E+06   4.5936891E+05   1.8357727E+06   1.0948622E-01   4.8928883E-02   9.4365657E-02
   6.5000000E-01   1.1920999E+06   3.9748090E+05   1.5879403E+06   1.1262187E-01   5.0304687E-02   9.7075581E-02
   7.0000000E-01   1.0227979E+06   3.4032329E+05   1.3617115E+06   1.1675543E-01   5.3387538E-02   1.0094709E-01
   7.5000000E-01   8.7250437E+05   2.9079942E+05   1.1620815E+06   1.2127630E-01   5.7164655E-02   1.0526124E-01
   8.0000000E-01   7.3573749E+05   2.4345136E+05   9.7843286E+05   1.2733153E-01   5.9354504E-02   1.1044163E-01
   8.5000000E-01   6.0467644E+05   2.0004466E+05   8.0415937E+05   1.3430756E-01   6.5019972E-02   1.1709804E-01
   9.0000000E-01   4.7466017E+05   1.5554036E+05   6.2987514E+05   1.4315940E-01   7.1210546E-02   1.2541800E-01
   9.5000000E-01   3.2679703E+05   1.0697223E+05   4.3359168E+05   1.5500458E-01   7.8909294E-02   1.3625331E-01
   1.0000000E+00   1.5495797E+05   5.0778679E+04   2.0569892E+05   1.6551410E-01   8.5823562E-02   1.4584853E-01
