   0.0000000E+00   5.4370792E+08   5.2223702E+08   1.0603457E+09   2.2543938E-03   5.0801029E-04   1.3988110E-03
   5.0000000E-02   1.1102394E+07   6.1771217E+06   1.7267611E+07   4.2802851E-02   1.5796815E-02   3.3135042E-02
   1.0000000E-01   7.1688479E+06   3.6092840E+06   1.0768805E+07   3.2043116E-02   1.3948387E-02   2.5984423E-02
   1.5000000E-01   5.5999622E+06   2.6494629E+06   8.2407671E+06   2.7049690E-02   1.3016350E-02   2.2549388E-02
   2.0000000E-01   4.6725504E+06   2.1254188E+06   6.7905525E+06   2.4506471E-02   1.1552199E-02   2.0457558E-02
   2.5000000E-01   4.0366787E+06   1.7661360E+06   5.7959392E+06   2.2447859E-02   1.1527292E-02   1.9125972E-02
   3.0000000E-01   3.5396378E+06   1.5112186E+06   5.0443735E+06   2.2008844E-02   1.1642637E-02   1.8917654E-02
   3.5000000E-01   3.1242843E+06   1.3070077E+06   4.4258716E+06   2.1691165E-02   1.1895571E-02   1.8803290E-02
   4.0000000E-01   2.8041112E+06   1.1417139E+06   3.9407798E+06   2.1970513E-02   1.1918813E-02   1.9069742E-02
   4.5000000E-01   2.5022340E+06   1.0093465E+06   3.5064380E+06   2.2725624E-02   1.2491461E-02   1.9801915E-02
   5.0000000E-01   2.2432826E+06   8.9600413E+05   3.1353651E+06   2.3854377E-02   1.2758082E-02   2.0715393E-02
   5.5000000E-01   2.0035466E+06   7.9486030E+05   2.7948418E+06   2.4985387E-02   1.4641430E-02   2.2064632E-02
   6.0000000E-01   1.8011777E+06   7.0247278E+05   2.5003242E+06   2.6993141E-02   1.5369653E-02   2.3741481E-02
   6.5000000E-01   1.6076755E+06   6.2210484E+05   2.2270086E+06   2.8924593E-02   1.7127744E-02   2.5634933E-02
   7.0000000E-01   1.4351592E+06   5.4888447E+05   1.9816291E+06   3.1394687E-02   1.9114861E-02   2.7973262E-02
   7.5000000E-01   1.2555542E+06   4.7659478E+05   1.7301882E+06   3.4717822E-02   2.0906895E-02   3.0924676E-02
   8.0000000E-01   1.0894832E+06   4.1142746E+05   1.4995260E+06   3.8791698E-02   2.3649492E-02   3.4638453E-02
   8.5000000E-01   9.2866722E+05   3.4877776E+05   1.2761605E+06   4.3742375E-02   2.7969314E-02   3.9433025E-02
   9.0000000E-01   7.6168019E+05   2.8400669E+05   1.0449831E+06   5.1048123E-02   3.1763419E-02   4.5819102E-02
   9.5000000E-01   5.6424616E+05   2.0834890E+05   7.7214272E+05   6.1382932E-02   4.0560048E-02   5.5771356E-02
   1.0000000E+00   3.1053841E+05   1.1369872E+05   4.2418054E+05   7.6582468E-02   5.0387264E-02   6.9550152E-02
