   0.0000000E+00   2.4452311E+08   7.6022128E+08   9.9978640E+08   6.9123687E-03   1.9098207E-04   1.8205773E-03
   5.0000000E-02   1.5465722E+07   1.2896261E+07   2.8324423E+07   4.2101588E-02   4.0848046E-03   2.4817956E-02
   1.0000000E-01   1.0013583E+07   6.5102648E+06   1.6499338E+07   3.0267452E-02   3.4303371E-03   1.9694281E-02
   1.5000000E-01   7.7000647E+06   4.1201819E+06   1.1801530E+07   2.4369576E-02   3.1032686E-03   1.6956053E-02
   2.0000000E-01   6.2556964E+06   2.8481095E+06   9.0878746E+06   2.0285137E-02   2.6848033E-03   1.4785483E-02
   2.5000000E-01   5.3028390E+06   2.0596814E+06   7.3501318E+06   1.7108968E-02   2.5360507E-03   1.3033329E-02
   3.0000000E-01   4.5515131E+06   1.5343704E+06   6.0756445E+06   1.5248515E-02   2.2717903E-03   1.1982629E-02
   3.5000000E-01   3.9397215E+06   1.1596575E+06   5.0904572E+06   1.3935984E-02   2.4649487E-03   1.1333203E-02
   4.0000000E-01   3.4253725E+06   8.8527550E+05   4.3038361E+06   1.2798324E-02   2.3466201E-03   1.0648598E-02
   4.5000000E-01   2.9842259E+06   6.7663486E+05   3.6555415E+06   1.2053829E-02   2.0622036E-03   1.0215413E-02
   5.0000000E-01   2.5865352E+06   5.2409723E+05   3.1064689E+06   1.1485590E-02   2.2522161E-03   9.9343966E-03
   5.5000000E-01   2.2279551E+06   4.0781284E+05   2.6322376E+06   1.0981091E-02   2.1691338E-03   9.6134241E-03
   6.0000000E-01   1.9117002E+06   3.1671834E+05   2.2256917E+06   1.0942118E-02   2.4614382E-03   9.7391178E-03
   6.5000000E-01   1.6248642E+06   2.4193510E+05   1.8649874E+06   1.1059577E-02   2.5517279E-03   9.9585277E-03
   7.0000000E-01   1.3562002E+06   1.8843491E+05   1.5431891E+06   1.1487623E-02   2.2766344E-03   1.0358958E-02
   7.5000000E-01   1.1181250E+06   1.4451269E+05   1.2616361E+06   1.1980056E-02   2.1769051E-03   1.0858272E-02
   8.0000000E-01   9.0025198E+05   1.0832483E+05   1.0078487E+06   1.2940825E-02   2.8563714E-03   1.1858671E-02
   8.5000000E-01   7.0077607E+05   7.6881200E+04   7.7721538E+05   1.4583126E-02   2.4490207E-03   1.3375095E-02
   9.0000000E-01   5.2017848E+05   5.5064074E+04   5.7505510E+05   1.6083729E-02   3.7589351E-03   1.4909409E-02
   9.5000000E-01   3.4200554E+05   3.4595259E+04   3.7650699E+05   2.0890660E-02   4.3824304E-03   1.9369745E-02
   1.0000000E+00   1.6770294E+05   1.5869909E+04   1.8356656E+05   2.5619907E-02   6.6209300E-03   2.3977780E-02
