   0.0000000E+00   3.2076520E+08   6.0702357E+08   9.2299987E+08   1.2071065E-02   2.8922068E-04   4.3538042E-03
   5.0000000E-02   1.5814717E+07   9.4597242E+06   2.5247513E+07   9.5603091E-02   7.4927083E-03   6.2611250E-02
   1.0000000E-01   9.4850617E+06   4.8943328E+06   1.4363256E+07   7.6643461E-02   7.1416971E-03   5.2978230E-02
   1.5000000E-01   7.0668827E+06   3.2812232E+06   1.0333273E+07   6.6773241E-02   6.6840963E-03   4.7725951E-02
   2.0000000E-01   5.6932588E+06   2.4295798E+06   8.1107905E+06   6.0199327E-02   6.7250980E-03   4.4193448E-02
   2.5000000E-01   4.7437086E+06   1.9149905E+06   6.6480930E+06   5.5276409E-02   6.6310528E-03   4.1298847E-02
   3.0000000E-01   4.0609020E+06   1.5453839E+06   5.5979993E+06   5.2967855E-02   6.8719417E-03   4.0264850E-02
   3.5000000E-01   3.5180700E+06   1.2710750E+06   4.7818603E+06   5.0613121E-02   7.2935241E-03   3.9124807E-02
   4.0000000E-01   3.0749053E+06   1.0634335E+06   4.1322671E+06   4.9837204E-02   7.6700738E-03   3.9003166E-02
   4.5000000E-01   2.6957523E+06   9.0001059E+05   3.5905001E+06   4.9859445E-02   8.7081702E-03   3.9567660E-02
   5.0000000E-01   2.3765207E+06   7.6549071E+05   3.1379689E+06   4.9991105E-02   8.4638553E-03   3.9887946E-02
   5.5000000E-01   2.0938482E+06   6.5186971E+05   2.7421529E+06   5.0367045E-02   9.3478195E-03   4.0623823E-02
   6.0000000E-01   1.8404253E+06   5.5513244E+05   2.3925126E+06   5.2046844E-02   1.0385670E-02   4.2399006E-02
   6.5000000E-01   1.6180426E+06   4.7261183E+05   2.0882549E+06   5.3205774E-02   1.1599396E-02   4.3790304E-02
   7.0000000E-01   1.4050699E+06   4.0353508E+05   1.8065723E+06   5.6610920E-02   1.2627855E-02   4.6789673E-02
   7.5000000E-01   1.2203025E+06   3.4033693E+05   1.5589418E+06   5.9003518E-02   1.4081569E-02   4.9211948E-02
   8.0000000E-01   1.0395364E+06   2.8412340E+05   1.3222672E+06   6.2552949E-02   1.6321476E-02   5.2642158E-02
   8.5000000E-01   8.6530108E+05   2.3049006E+05   1.0948549E+06   6.8424880E-02   1.8008465E-02   5.7822947E-02
   9.0000000E-01   6.8951580E+05   1.7754264E+05   8.6647134E+05   7.5582349E-02   2.1208802E-02   6.4460352E-02
   9.5000000E-01   4.9005315E+05   1.2342047E+05   6.1320222E+05   8.6133559E-02   2.5890926E-02   7.4026874E-02
   1.0000000E+00   2.4731028E+05   6.1077773E+04   3.0832517E+05   1.0091334E-01   3.4523305E-02   8.7760046E-02
