   0.0000000E+00   9.6018304E+08   7.4934374E+08   1.6884608E+09   4.3321799E-03   7.3864132E-04   2.7579059E-03
   5.0000000E-02   1.4752072E+07   6.4867098E+06   2.1211725E+07   1.1303104E-01   3.3992748E-02   8.8877450E-02
   1.0000000E-01   8.1772855E+06   3.4651214E+06   1.1628210E+07   1.0077526E-01   3.1886940E-02   8.0282321E-02
   1.5000000E-01   5.8044869E+06   2.3926293E+06   8.1850629E+06   9.3664287E-02   3.1306077E-02   7.5475175E-02
   2.0000000E-01   4.5518950E+06   1.8337833E+06   6.3764314E+06   9.0134506E-02   3.0159474E-02   7.2937986E-02
   2.5000000E-01   3.7162170E+06   1.4726543E+06   5.1806589E+06   8.7640803E-02   3.0840286E-02   7.1557670E-02
   3.0000000E-01   3.1334531E+06   1.2380239E+06   4.3653336E+06   8.6491510E-02   3.0809739E-02   7.0724929E-02
   3.5000000E-01   2.6991314E+06   1.0515322E+06   3.7453796E+06   8.6357559E-02   3.2259040E-02   7.1205558E-02
   4.0000000E-01   2.3435884E+06   9.0869515E+05   3.2475327E+06   8.7958743E-02   3.3030346E-02   7.2619867E-02
   4.5000000E-01   2.0654280E+06   7.8684789E+05   2.8480742E+06   8.9094912E-02   3.3580819E-02   7.3799134E-02
   5.0000000E-01   1.8143918E+06   6.9129904E+05   2.5027942E+06   9.1686557E-02   3.5399336E-02   7.6160857E-02
   5.5000000E-01   1.5992004E+06   6.1076143E+05   2.2070682E+06   9.4662812E-02   3.6926988E-02   7.8740562E-02
   6.0000000E-01   1.4140651E+06   5.3627258E+05   1.9476851E+06   9.7841607E-02   3.8973909E-02   8.1652492E-02
   6.5000000E-01   1.2476180E+06   4.7049629E+05   1.7159743E+06   1.0312734E-01   4.0867277E-02   8.6086678E-02
   7.0000000E-01   1.0940311E+06   4.1426668E+05   1.5065470E+06   1.0821669E-01   4.2983687E-02   9.0318678E-02
   7.5000000E-01   9.5629202E+05   3.5851455E+05   1.3133593E+06   1.1538586E-01   4.8354430E-02   9.7127779E-02
   8.0000000E-01   8.1842246E+05   3.0909084E+05   1.1264032E+06   1.2224255E-01   5.0628360E-02   1.0264087E-01
   8.5000000E-01   6.8482687E+05   2.5598107E+05   9.3984551E+05   1.3163687E-01   5.4884225E-02   1.1076648E-01
   9.0000000E-01   5.4970349E+05   2.0578380E+05   7.5499568E+05   1.4308643E-01   6.1184443E-02   1.2078449E-01
   9.5000000E-01   3.9088454E+05   1.4556814E+05   5.3613772E+05   1.5776768E-01   6.8491489E-02   1.3354721E-01
   1.0000000E+00   1.9558217E+05   7.0414863E+04   2.6597188E+05   1.7558523E-01   8.0986470E-02   1.5055484E-01
