   0.0000000E+00   7.0279767E+07   2.0690041E+08   2.7697595E+08   1.2345602E-04   1.3419106E-05   3.9424917E-05
   5.0000000E-02   3.8576357E+07   2.1068167E+07   5.9548077E+07   2.1923475E-05   2.8571094E-05   1.2311931E-05
   1.0000000E-01   2.3226786E+07   1.0995697E+07   3.4162927E+07   1.9781602E-05   2.9233596E-05   2.1645106E-05
   1.5000000E-01   1.5257081E+07   6.8986665E+06   2.2119800E+07   2.7594882E-05   2.6830332E-05   2.3702320E-05
   2.0000000E-01   1.0566010E+07   4.6932724E+06   1.5236874E+07   3.4275591E-05   3.7880977E-05   2.8306231E-05
   2.5000000E-01   7.5903412E+06   3.3173492E+06   1.0893468E+07   1.4930502E-05   3.4171510E-05   1.8035904E-05
   3.0000000E-01   5.5860945E+06   2.4261261E+06   8.0024485E+06   9.6109059E-05   3.9127857E-05   7.3374498E-05
   3.5000000E-01   4.1661671E+06   1.8029436E+06   5.9626899E+06   1.7493893E-04   1.3410714E-04   1.1772750E-04
   4.0000000E-01   3.1463182E+06   1.3609180E+06   4.5032891E+06   1.0959158E-04   9.6921858E-05   8.2253908E-05
   4.5000000E-01   2.4027799E+06   1.0302276E+06   3.4301710E+06   2.6314638E-05   3.0120883E-04   1.0716246E-04
   5.0000000E-01   1.8454461E+06   7.9025522E+05   2.6342371E+06   4.3837480E-05   2.9936233E-04   1.1241397E-04
   5.5000000E-01   1.4272089E+06   6.0745101E+05   2.0334735E+06   2.2260443E-04   3.5751823E-04   2.6315824E-04
   6.0000000E-01   1.1134692E+06   4.6965563E+05   1.5824405E+06   4.0690493E-04   3.2420160E-04   2.9569609E-04
   6.5000000E-01   8.6211050E+05   3.6492025E+05   1.2264725E+06   2.8557334E-04   6.0423859E-04   3.2939398E-04
   7.0000000E-01   6.6741398E+05   2.8224992E+05   9.4938197E+05   6.8743065E-04   5.2777653E-04   6.4267239E-04
   7.5000000E-01   5.1710078E+05   2.1776216E+05   7.3468893E+05   9.3090067E-04   7.9113807E-04   8.9253402E-04
   8.0000000E-01   3.9503848E+05   1.6671878E+05   5.6162994E+05   1.1001070E-03   1.6026644E-03   1.2455621E-03
   8.5000000E-01   2.9757855E+05   1.2584849E+05   4.2334091E+05   2.6583128E-03   1.9706576E-03   2.4418454E-03
   9.0000000E-01   2.1369911E+05   9.0997723E+04   3.0466500E+05   3.8247913E-03   3.2439146E-03   3.6486850E-03
   9.5000000E-01   1.4295129E+05   5.9775246E+04   2.0270979E+05   6.3832048E-03   6.7724765E-03   6.5134403E-03
   1.0000000E+00   8.3191271E+04   3.5040810E+04   1.1823208E+05   1.1884637E-02   1.2657482E-02   1.2107355E-02
