   0.0000000E+00   3.1530810E+09   1.6391177E+09   4.5837011E+09   1.3047549E-03   6.3774651E-10   8.6743596E-04
   5.0000000E-02   6.3693172E+06   1.5879844E+06   7.9536728E+06   2.3417249E-01   8.2429785E-06   1.8743393E-01
   1.0000000E-01   1.7578982E+06   4.5718849E+05   2.2143227E+06   2.7804927E-01   4.8294580E-06   2.2069174E-01
   1.5000000E-01   5.6523348E+05   1.4875682E+05   7.1375687E+05   3.1079206E-01   5.8191545E-06   2.4605548E-01
   2.0000000E-01   1.8113424E+05   4.7253103E+04   2.2837143E+05   3.3152336E-01   1.5618780E-05   2.6295948E-01
   2.5000000E-01   5.3628850E+04   1.3598198E+04   6.7227048E+04   3.4266738E-01   1.9506166E-05   2.7335906E-01
   3.0000000E-01   1.4196621E+04   3.4801881E+03   1.7676809E+04   3.4789259E-01   3.3127605E-04   2.7946515E-01
   3.5000000E-01   3.8651915E+03   7.6394373E+02   4.6291352E+03   3.3931421E-01   6.2708104E-04   2.8342085E-01
   4.0000000E-01   1.2891550E+03   1.5915494E+02   1.4483100E+03   3.3798237E-01   1.5227422E-05   3.0084274E-01
   4.5000000E-01   3.3953055E+02   7.7809083E+01   4.1733963E+02   3.5051690E-01   4.6537633E-06   2.8516547E-01
   5.0000000E-01   1.3369015E+02   3.1830989E+01   1.6552114E+02   3.2297851E-01   6.4136895E-07   2.6086719E-01
   5.5000000E-01   4.6299620E+01   1.1574905E+01   5.7874525E+01   3.4357696E-01   4.7559354E-06   2.7486062E-01
   6.0000000E-01   2.1220659E+01   0.0000000E+00   2.1220659E+01   2.8191274E-01   0.0000000E+00   2.8191274E-01
   6.5000000E-01   0.0000000E+00   0.0000000E+00   0.0000000E+00   0.0000000E+00   0.0000000E+00   0.0000000E+00
   7.0000000E-01   4.5472841E+00   0.0000000E+00   4.5472841E+00   1.3320979E-01   0.0000000E+00   1.3320979E-01
   7.5000000E-01   4.2441318E+00   0.0000000E+00   4.2441318E+00   4.0537306E-01   0.0000000E+00   4.0537306E-01
   8.0000000E-01   0.0000000E+00   0.0000000E+00   0.0000000E+00   0.0000000E+00   0.0000000E+00   0.0000000E+00
   8.5000000E-01   0.0000000E+00   0.0000000E+00   0.0000000E+00   0.0000000E+00   0.0000000E+00   0.0000000E+00
   9.0000000E-01   0.0000000E+00   0.0000000E+00   0.0000000E+00   0.0000000E+00   0.0000000E+00   0.0000000E+00
   9.5000000E-01   0.0000000E+00   0.0000000E+00   0.0000000E+00   0.0000000E+00   0.0000000E+00   0.0000000E+00
   1.0000000E+00   0.0000000E+00   0.0000000E+00   0.0000000E+00   0.0000000E+00   0.0000000E+00   0.0000000E+00
