   0.0000000E+00   3.0520015E+09   1.6108405E+09   4.4848493E+09   3.4583120E-04   2.4655294E-09   2.2741730E-04
   5.0000000E-02   2.4279405E+06   5.9950484E+05   3.0267450E+06   1.8273208E-01   1.5961054E-06   1.4654554E-01
   1.0000000E-01   1.1761232E+06   2.9173101E+05   1.4677269E+06   1.8988300E-01   4.7363222E-06   1.5213538E-01
   1.5000000E-01   7.4745527E+05   1.8788772E+05   9.3517322E+05   1.9552800E-01   3.8445162E-06   1.5625725E-01
   2.0000000E-01   5.4080850E+05   1.3230550E+05   6.7290710E+05   2.0257751E-01   4.6557775E-06   1.6277414E-01
   2.5000000E-01   4.1685863E+05   1.0280136E+05   5.1955813E+05   2.1177800E-01   1.1312876E-06   1.6988716E-01
   3.0000000E-01   3.2885655E+05   8.4086862E+04   4.1290097E+05   2.2087026E-01   4.7157813E-06   1.7589481E-01
   3.5000000E-01   2.6870811E+05   6.8245640E+04   3.3696285E+05   2.3024726E-01   5.1723839E-06   1.8360974E-01
   4.0000000E-01   2.2303974E+05   5.6850146E+04   2.7985805E+05   2.3992450E-01   3.1154912E-06   1.9118847E-01
   4.5000000E-01   1.8690449E+05   4.8475059E+04   2.3534418E+05   2.5057080E-01   3.4455866E-06   1.9898268E-01
   5.0000000E-01   1.5990615E+05   4.0170708E+04   2.0006413E+05   2.6203876E-01   1.5105140E-06   2.0942987E-01
   5.5000000E-01   1.3363228E+05   3.4823102E+04   1.6842644E+05   2.7349381E-01   2.3343901E-06   2.1695244E-01
   6.0000000E-01   1.1409287E+05   3.0711599E+04   1.4478856E+05   2.8596117E-01   5.0404253E-06   2.2533158E-01
   6.5000000E-01   9.7417516E+04   2.5499070E+04   1.2291169E+05   3.0020852E-01   4.9082424E-06   2.3791332E-01
   7.0000000E-01   8.2683267E+04   2.1699640E+04   1.0438291E+05   3.1400254E-01   8.9946862E-06   2.4872800E-01
   7.5000000E-01   6.9786259E+04   1.9264114E+04   8.9037641E+04   3.3024219E-01   1.9470167E-06   2.5880349E-01
   8.0000000E-01   5.7653878E+04   1.5712572E+04   7.3366450E+04   3.4499972E-01   4.9980149E-06   2.7111157E-01
   8.5000000E-01   4.7098629E+04   1.2852230E+04   5.9947114E+04   3.6207362E-01   1.9361359E-05   2.8444981E-01
   9.0000000E-01   3.5664854E+04   9.8959007E+03   4.5557218E+04   3.7991252E-01   2.1764775E-07   2.9738848E-01
   9.5000000E-01   2.3032233E+04   6.5437811E+03   2.9576014E+04   3.9746757E-01   1.0067604E-06   3.0952690E-01
   1.0000000E+00   1.0280230E+04   2.7351072E+03   1.3015338E+04   4.1270812E-01   4.3192872E-06   3.2598047E-01
