   0.0000000E+00   3.2194656E+09   1.6554747E+09   4.6526852E+09   1.1924280E-03   1.2500810E-08   7.9788157E-04
   5.0000000E-02   3.0147129E+06   7.8921753E+05   3.8036122E+06   2.8279472E-01   2.3477922E-05   2.2412555E-01
   1.0000000E-01   2.1708734E+05   5.6754653E+04   2.7384200E+05   3.4246894E-01   3.3687477E-05   2.7149811E-01
   1.5000000E-01   9.3370900E+03   2.6313617E+03   1.1968452E+04   3.6624154E-01   6.1424132E-04   2.8585539E-01
   2.0000000E-01   3.8197186E+02   1.1140846E+02   4.9338032E+02   3.3876476E-01   1.2667131E-02   2.6512128E-01
   2.5000000E-01   3.8197186E+01   1.2732395E+01   5.0929582E+01   2.5763712E-01   4.9832413E-06   1.9322841E-01
   3.0000000E-01   1.0610330E+01   0.0000000E+00   1.0610330E+01   2.4673104E-01   0.0000000E+00   2.4673104E-01
   3.5000000E-01   0.0000000E+00   0.0000000E+00   0.0000000E+00   0.0000000E+00   0.0000000E+00   0.0000000E+00
   4.0000000E-01   0.0000000E+00   0.0000000E+00   0.0000000E+00   0.0000000E+00   0.0000000E+00   0.0000000E+00
   4.5000000E-01   0.0000000E+00   0.0000000E+00   0.0000000E+00   0.0000000E+00   0.0000000E+00   0.0000000E+00
   5.0000000E-01   0.0000000E+00   0.0000000E+00   0.0000000E+00   0.0000000E+00   0.0000000E+00   0.0000000E+00
   5.5000000E-01   0.0000000E+00   0.0000000E+00   0.0000000E+00   0.0000000E+00   0.0000000E+00   0.0000000E+00
   6.0000000E-01   0.0000000E+00   0.0000000E+00   0.0000000E+00   0.0000000E+00   0.0000000E+00   0.0000000E+00
   6.5000000E-01   0.0000000E+00   0.0000000E+00   0.0000000E+00   0.0000000E+00   0.0000000E+00   0.0000000E+00
   7.0000000E-01   0.0000000E+00   0.0000000E+00   0.0000000E+00   0.0000000E+00   0.0000000E+00   0.0000000E+00
   7.5000000E-01   0.0000000E+00   0.0000000E+00   0.0000000E+00   0.0000000E+00   0.0000000E+00   0.0000000E+00
   8.0000000E-01   0.0000000E+00   0.0000000E+00   0.0000000E+00   0.0000000E+00   0.0000000E+00   0.0000000E+00
   8.5000000E-01   0.0000000E+00   0.0000000E+00   0.0000000E+00   0.0000000E+00   0.0000000E+00   0.0000000E+00
   9.0000000E-01   0.0000000E+00   0.0000000E+00   0.0000000E+00   0.0000000E+00   0.0000000E+00   0.0000000E+00
   9.5000000E-01   0.0000000E+00   0.0000000E+00   0.0000000E+00   0.0000000E+00   0.0000000E+00   0.0000000E+00
   1.0000000E+00   0.0000000E+00   0.0000000E+00   0.0000000E+00   0.0000000E+00   0.0000000E+00   0.0000000E+00
