   0.0000000E+00   3.2412360E+09   1.6616153E+09   4.7074890E+09   1.3699767E-05   2.6215091E-10   9.2682200E-06
   5.0000000E-02   8.8999444E+04   2.1517748E+04   1.1051719E+05   1.9174286E-01   1.1467817E-05   1.5441267E-01
   1.0000000E-01   3.9406764E+04   9.7721135E+03   4.9178877E+04   2.1064742E-01   5.3402871E-07   1.6879073E-01
   1.5000000E-01   2.3172960E+04   6.0266672E+03   2.9199627E+04   2.3200306E-01   1.2249271E-03   1.8437152E-01
   2.0000000E-01   1.3162114E+04   3.5014087E+03   1.6663523E+04   2.5392897E-01   1.6526452E-06   2.0057270E-01
   2.5000000E-01   9.3328459E+03   2.3809579E+03   1.1713804E+04   2.5049511E-01   3.2597334E-07   1.9957932E-01
   3.0000000E-01   7.6288269E+03   1.5066668E+03   9.1354937E+03   2.5048149E-01   4.9971161E-06   2.0917178E-01
   3.5000000E-01   4.9474451E+03   1.1641047E+03   6.1115498E+03   2.4046391E-01   1.1684334E-05   1.9466349E-01
   4.0000000E-01   3.8117609E+03   7.4007049E+02   4.5518314E+03   2.4132399E-01   3.2769519E-05   2.0208242E-01
   4.5000000E-01   3.0487014E+03   5.4466358E+02   3.5933649E+03   2.2477833E-01   5.0098883E-06   1.9070836E-01
   5.0000000E-01   2.2790988E+03   3.8197186E+02   2.6610706E+03   1.8955148E-01   4.9019660E-05   1.6235017E-01
   5.5000000E-01   1.8404099E+03   3.0094753E+02   2.1413574E+03   1.9215008E-01   5.1961756E-05   1.6513790E-01
   6.0000000E-01   1.2573241E+03   1.6976527E+02   1.4270893E+03   1.6900904E-01   2.2358655E-04   1.4893047E-01
   6.5000000E-01   1.1899893E+03   1.3711810E+02   1.3271074E+03   1.2907608E-01   2.3733028E-05   1.1573736E-01
   7.0000000E-01   1.0686118E+03   6.8209261E+01   1.1368210E+03   1.0117152E-01   3.2830280E-06   9.5101028E-02
   7.5000000E-01   9.0824421E+02   5.0929582E+01   9.5917379E+02   7.1528727E-02   4.1497731E-06   6.7730522E-02
   8.0000000E-01   7.6792260E+02   3.5809862E+01   8.0373246E+02   4.8622040E-02   2.1192716E-05   4.6456656E-02
   8.5000000E-01   6.5534388E+02   2.2468933E+01   6.7781282E+02   3.6782828E-02   6.7721332E-05   3.5561263E-02
   9.0000000E-01   5.0575904E+02   3.5367765E+00   5.0929582E+02   3.4592797E-02   1.1667706E-05   3.4352489E-02
   9.5000000E-01   3.9872502E+02   6.7012608E+00   4.0542628E+02   1.7268216E-02   6.1644538E-06   1.6982893E-02
   1.0000000E+00   1.9491568E+02   0.0000000E+00   1.9491568E+02   2.4691426E-05   0.0000000E+00   2.4691426E-05
