   0.0000000E+00   1.6232582E+08   8.7043748E+07   2.4923919E+08   4.2812631E-04   1.1758415E-04   3.1810932E-04
   5.0000000E-02   5.9904520E+07   3.0051955E+07   8.9837045E+07   1.1110183E-04   4.9414471E-05   8.6002621E-05
   1.0000000E-01   2.7736951E+07   1.3820124E+07   4.1511365E+07   4.3355322E-05   9.1200701E-05   5.4813961E-05
   1.5000000E-01   1.6309053E+07   8.1294647E+06   2.4410549E+07   1.2486361E-04   1.1481765E-04   4.7373827E-05
   2.0000000E-01   1.0543076E+07   5.2512219E+06   1.5779130E+07   3.7884506E-05   1.0743461E-04   6.0900881E-05
   2.5000000E-01   7.1809819E+06   3.5769755E+06   1.0749452E+07   2.9150275E-05   7.5882778E-05   3.1746190E-05
   3.0000000E-01   5.0419543E+06   2.5095233E+06   7.5466924E+06   1.5155458E-04   9.9470412E-05   1.3335009E-04
   3.5000000E-01   3.6250130E+06   1.8107831E+06   5.4329404E+06   7.2058550E-05   3.0791118E-05   4.7049321E-05
   4.0000000E-01   2.6343963E+06   1.3181531E+06   3.9507032E+06   1.4423442E-04   6.2274215E-05   1.1402124E-04
   4.5000000E-01   1.9458071E+06   9.6788133E+05   2.9125779E+06   6.8531228E-05   2.8833377E-04   1.0972620E-04
   5.0000000E-01   1.4475142E+06   7.2508446E+05   2.1720002E+06   3.4987042E-04   2.4105871E-04   3.0245986E-04
   5.5000000E-01   1.0826761E+06   5.4005613E+05   1.6223040E+06   2.9652332E-04   3.0617665E-04   2.9036876E-04
   6.0000000E-01   8.1545157E+05   4.0700694E+05   1.2222357E+06   7.4673515E-05   1.7198524E-04   7.0021522E-05
   6.5000000E-01   6.1601778E+05   3.0574889E+05   9.2159037E+05   6.8827019E-04   2.5160703E-04   5.4206105E-04
   7.0000000E-01   4.6210410E+05   2.2831004E+05   6.9030501E+05   4.7403886E-04   3.7683493E-04   4.2145738E-04
   7.5000000E-01   3.4636360E+05   1.7239239E+05   5.1867535E+05   6.2987186E-04   5.8649888E-04   6.1237068E-04
   8.0000000E-01   2.5512537E+05   1.2747913E+05   3.8257267E+05   1.1829283E-03   6.7615845E-04   9.9381545E-04
   8.5000000E-01   1.8457480E+05   9.1718185E+04   2.7626302E+05   6.0409390E-04   8.5755575E-04   2.7064574E-04
   9.0000000E-01   1.2629475E+05   6.3124387E+04   1.8941914E+05   1.1638485E-03   6.5449600E-04   6.2140959E-04
   9.5000000E-01   7.7476626E+04   3.8445133E+04   1.1592176E+05   3.2864090E-03   2.2413452E-03   2.8939257E-03
   1.0000000E+00   3.8234912E+04   1.9227489E+04   5.7462401E+04   5.8110597E-03   1.0077670E-02   6.9474129E-03
