   0.0000000E+00   3.7213227E+07   4.3608454E+07   8.0817607E+07   1.9422562E-03   5.0873094E-05   9.2037623E-04
   5.0000000E-02   2.4732614E+07   1.5729983E+07   4.0452921E+07   1.7531225E-04   1.3315382E-04   7.8475718E-05
   1.0000000E-01   1.5660082E+07   8.0834159E+06   2.3737228E+07   1.0509818E-04   2.5963266E-04   1.2152758E-04
   1.5000000E-01   1.0874930E+07   5.3566673E+06   1.6225953E+07   8.7271055E-05   1.3301546E-04   1.0062234E-04
   2.0000000E-01   8.0420197E+06   3.9146068E+06   1.1953396E+07   2.0010531E-04   8.3757643E-05   1.5127872E-04
   2.5000000E-01   6.2109516E+06   3.0026044E+06   9.2112006E+06   2.9137277E-04   3.3981940E-04   1.3582191E-04
   3.0000000E-01   4.9456550E+06   2.3881836E+06   7.3319181E+06   2.7645759E-05   1.2817156E-04   2.8040200E-05
   3.5000000E-01   4.0166797E+06   1.9401715E+06   5.9555325E+06   8.2340619E-05   8.3986466E-05   3.2131781E-05
   4.0000000E-01   3.3154203E+06   1.5959262E+06   4.9100255E+06   1.2903429E-04   1.0366921E-04   9.5661722E-05
   4.5000000E-01   2.7693950E+06   1.3293187E+06   4.0979427E+06   1.6756090E-04   5.4077790E-04   2.8312517E-04
   5.0000000E-01   2.3281185E+06   1.1133780E+06   3.4408980E+06   2.7912687E-04   3.1431202E-04   2.5104423E-04
   5.5000000E-01   1.9792393E+06   9.4347629E+05   2.9221079E+06   4.4800815E-04   4.1525088E-04   4.2769584E-04
   6.0000000E-01   1.6753180E+06   8.0281997E+05   2.4776074E+06   1.9130087E-04   7.1345313E-04   2.1213124E-04
   6.5000000E-01   1.4154751E+06   6.7755932E+05   2.0927602E+06   3.5741519E-04   1.7398932E-04   3.0011144E-04
   7.0000000E-01   1.1930846E+06   5.7117526E+05   1.7640461E+06   6.0886948E-04   3.6207821E-04   5.1097280E-04
   7.5000000E-01   1.0022178E+06   4.7898423E+05   1.4809940E+06   7.7230223E-04   1.2377791E-03   9.2518783E-04
   8.0000000E-01   8.2656324E+05   3.9759292E+05   1.2240089E+06   6.0276485E-04   1.0706662E-03   6.8096316E-04
   8.5000000E-01   6.7033441E+05   3.2088258E+05   9.9112337E+05   1.2790714E-03   9.2864954E-04   1.1174852E-03
   9.0000000E-01   5.1551701E+05   2.4667955E+05   7.6213643E+05   1.4993587E-03   6.7982477E-04   1.1948360E-03
   9.5000000E-01   3.5937856E+05   1.7242009E+05   5.3177185E+05   1.9134038E-03   2.4088787E-03   2.0182353E-03
   1.0000000E+00   2.0827684E+05   9.8602185E+04   3.0687274E+05   3.6827260E-03   6.0592535E-03   4.4374720E-03
