   0.0000000E+00   3.0264904E+07   3.1729639E+07   6.1977736E+07   1.4644150E-02   9.4354763E-04   7.6293354E-03
   5.0000000E-02   1.7894873E+07   1.2130471E+07   3.0000898E+07   7.5289070E-03   1.2068680E-03   4.9731679E-03
   1.0000000E-01   1.1870476E+07   6.6387983E+06   1.8493932E+07   3.8508964E-03   1.3398248E-03   2.9521291E-03
   1.5000000E-01   8.8427972E+06   4.6257641E+06   1.3453198E+07   2.6430555E-03   1.0635655E-03   2.0969897E-03
   2.0000000E-01   6.9604027E+06   3.4843155E+06   1.0433339E+07   1.8948800E-03   7.0563711E-04   1.4944150E-03
   2.5000000E-01   5.6797179E+06   2.7821048E+06   8.4525917E+06   1.8922656E-03   7.2065750E-04   1.5103035E-03
   3.0000000E-01   4.7086202E+06   2.2880539E+06   6.9886209E+06   1.4314956E-03   1.0961250E-03   1.3170228E-03
   3.5000000E-01   3.9554187E+06   1.9085042E+06   5.8574385E+06   1.4678942E-03   1.1262689E-03   1.3497978E-03
   4.0000000E-01   3.3674878E+06   1.6301923E+06   4.9923166E+06   1.8455257E-03   1.5612649E-03   1.7337384E-03
   4.5000000E-01   2.9011612E+06   1.3828796E+06   4.2794713E+06   1.9382116E-03   1.6689559E-03   1.8470632E-03
   5.0000000E-01   2.4971092E+06   1.1883272E+06   3.6822979E+06   2.7135210E-03   2.3356242E-03   2.5882231E-03
   5.5000000E-01   2.1680781E+06   1.0367700E+06   3.2018213E+06   2.9367133E-03   2.1567061E-03   2.6751307E-03
   6.0000000E-01   1.8839489E+06   8.9748003E+05   2.7789355E+06   3.1420581E-03   3.2934063E-03   3.1817423E-03
   6.5000000E-01   1.6325184E+06   7.7558897E+05   2.4060799E+06   4.3910497E-03   3.6725363E-03   4.1507035E-03
   7.0000000E-01   1.4089669E+06   6.7031969E+05   2.0776905E+06   4.9258810E-03   4.1337977E-03   4.6733842E-03
   7.5000000E-01   1.2077526E+06   5.7392970E+05   1.7803581E+06   6.0532051E-03   5.4659962E-03   5.8614565E-03
   8.0000000E-01   1.0277351E+06   4.8622233E+05   1.5130264E+06   7.5195835E-03   7.4286956E-03   7.4857741E-03
   8.5000000E-01   8.5595775E+05   4.0438462E+05   1.2596084E+06   9.6042972E-03   8.5421625E-03   9.2682623E-03
   9.0000000E-01   6.8759180E+05   3.2516770E+05   1.0122891E+06   1.1423239E-02   1.1392785E-02   1.1424469E-02
   9.5000000E-01   5.1166471E+05   2.4191216E+05   7.5336244E+05   1.7714736E-02   1.7148458E-02   1.7526518E-02
   1.0000000E+00   3.1366335E+05   1.4596041E+05   4.5957974E+05   2.8806222E-02   2.7339955E-02   2.8337356E-02
