   0.0000000E+00   1.4378811E+09   1.3323199E+09   2.7046149E+09   7.8793677E-03   6.2696949E-06   4.0983623E-03
   5.0000000E-02   2.4645461E+07   9.8909068E+06   3.4470478E+07   1.7632211E-01   3.5371198E-04   1.2592433E-01
   1.0000000E-01   1.0981373E+07   4.0983671E+06   1.5056662E+07   1.7440811E-01   3.5430017E-04   1.2713540E-01
   1.5000000E-01   6.4600567E+06   2.1890383E+06   8.6362989E+06   1.6714778E-01   3.2610991E-04   1.2495566E-01
   2.0000000E-01   4.2885414E+06   1.2678601E+06   5.5490644E+06   1.5379745E-01   4.4883594E-04   1.1883839E-01
   2.5000000E-01   3.0925588E+06   7.6582812E+05   3.8547582E+06   1.3443038E-01   5.3930134E-04   1.0787317E-01
   3.0000000E-01   2.3717588E+06   4.7715713E+05   2.8463058E+06   1.1495448E-01   5.0637508E-04   9.5820928E-02
   3.5000000E-01   1.9103686E+06   2.9613733E+05   2.2045415E+06   9.2046850E-02   6.9734029E-04   7.9802710E-02
   4.0000000E-01   1.6080777E+06   1.8243135E+05   1.7890925E+06   7.1937474E-02   9.2282127E-04   6.4708084E-02
   4.5000000E-01   1.3843863E+06   1.1425203E+05   1.4975985E+06   5.5186516E-02   9.3860716E-04   5.1059625E-02
   5.0000000E-01   1.2233286E+06   7.2969358E+04   1.2955085E+06   4.1480883E-02   1.2444049E-03   3.9224763E-02
   5.5000000E-01   1.0834516E+06   4.4424485E+04   1.1270659E+06   3.1322623E-02   1.6027516E-03   3.0157228E-02
   6.0000000E-01   9.5967778E+05   2.8287139E+04   9.8731769E+05   2.3383470E-02   1.0304279E-03   2.2742784E-02
   6.5000000E-01   8.4478954E+05   1.8442385E+04   8.6275201E+05   1.8376959E-02   2.1801748E-03   1.8024140E-02
   7.0000000E-01   7.2796562E+05   1.1172677E+04   7.3873358E+05   1.4792723E-02   2.3872963E-03   1.4592620E-02
   7.5000000E-01   6.1341286E+05   7.5630429E+03   6.2070428E+05   1.2233297E-02   2.9073733E-03   1.2120131E-02
   8.0000000E-01   4.9905022E+05   4.7507751E+03   5.0357420E+05   1.0478836E-02   1.4577594E-03   1.0392637E-02
   8.5000000E-01   3.8918439E+05   3.1156921E+03   3.9218774E+05   9.4429782E-03   4.4285068E-03   9.4036763E-03
   9.0000000E-01   2.8121971E+05   1.9204696E+03   2.8308006E+05   8.7374481E-03   4.3024697E-03   8.7091742E-03
   9.5000000E-01   1.7433665E+05   1.0487473E+03   1.7537534E+05   8.4431512E-03   7.3431926E-03   8.4341381E-03
   1.0000000E+00   7.4973374E+04   4.0869417E+02   7.5375781E+04   9.2522865E-03   7.1734976E-03   9.2417577E-03
