   0.0000000E+00   2.4050894E+09   1.1721540E+09   3.5469586E+09   2.0793738E-03   2.1846801E-05   1.3952710E-03
   5.0000000E-02   1.1244908E+08   6.1771917E+07   1.7363804E+08   3.7343498E-03   5.0635830E-04   2.5863922E-03
   1.0000000E-01   2.3541881E+06   1.3376018E+06   3.6912488E+06   5.7045959E-02   1.2571101E-02   4.0938250E-02
   1.5000000E-01   3.1107364E+05   1.0202893E+05   4.1306013E+05   1.6374358E-01   8.9490298E-02   1.4540177E-01
   2.0000000E-01   1.3821015E+05   3.9772820E+04   1.7796706E+05   1.6356192E-01   1.4405530E-01   1.5919297E-01
   2.5000000E-01   7.8125978E+04   2.1441354E+04   9.9567332E+04   1.4486158E-01   1.7065597E-01   1.5041560E-01
   3.0000000E-01   4.8531647E+04   1.3793428E+04   6.2314465E+04   1.1824127E-01   1.9552557E-01   1.3536614E-01
   3.5000000E-01   3.2431230E+04   9.1400410E+03   4.1571271E+04   9.4028067E-02   2.2105840E-01   1.2195700E-01
   4.0000000E-01   2.2894439E+04   6.4696484E+03   2.9364087E+04   6.3302253E-02   2.4755310E-01   1.0389733E-01
   4.5000000E-01   1.6969454E+04   4.5695153E+03   2.1538969E+04   3.8181428E-02   2.7214119E-01   8.7812549E-02
   5.0000000E-01   1.3133466E+04   3.5268735E+03   1.6660339E+04   8.9655654E-03   2.8979317E-01   6.8414429E-02
   5.5000000E-01   1.0301665E+04   2.5812038E+03   1.2882869E+04   1.7785707E-02   3.2421254E-01   5.0739667E-02
   6.0000000E-01   8.5094843E+03   1.8674180E+03   1.0376902E+04   4.3789037E-02   3.3492179E-01   2.4363823E-02
   6.5000000E-01   7.3603040E+03   1.3515927E+03   8.7118967E+03   6.7264338E-02   3.6211092E-01   6.4970282E-04
   7.0000000E-01   6.0069623E+03   1.2368613E+03   7.2392763E+03   8.6412435E-02   3.9524255E-01   4.0806360E-03
   7.5000000E-01   5.1311554E+03   8.8277942E+02   6.0139348E+03   1.0445697E-01   4.1916497E-01   2.7600074E-02
   8.0000000E-01   4.5200004E+03   6.0478878E+02   5.1247892E+03   1.2246333E-01   4.4638230E-01   5.5332482E-02
   8.5000000E-01   3.7560567E+03   5.0555100E+02   4.2616077E+03   1.3957463E-01   4.8599024E-01   6.5371559E-02
   9.0000000E-01   3.2538344E+03   3.6782476E+02   3.6216591E+03   1.5778584E-01   5.1996911E-01   8.8956268E-02
   9.5000000E-01   2.2248186E+03   2.4124539E+02   2.4660640E+03   1.7713774E-01   5.5472623E-01   1.0554240E-01
   1.0000000E+00   7.7337513E+02   3.1438013E+01   8.0481314E+02   1.9843824E-01   5.9383873E-01   1.6749165E-01
