   0.0000000E+00   3.4789997E+07   2.0020928E+07   5.4803286E+07   8.3657620E-02   1.5392043E-02   5.8710246E-02
   5.0000000E-02   1.5504047E+07   7.5168243E+06   2.3006929E+07   6.3734211E-02   1.8753146E-02   4.9051572E-02
   1.0000000E-01   9.5218901E+06   4.6467514E+06   1.4159124E+07   4.1361469E-02   1.6650476E-02   3.3257680E-02
   1.5000000E-01   7.1021514E+06   3.5032549E+06   1.0595093E+07   3.0232974E-02   1.3432715E-02   2.4669234E-02
   2.0000000E-01   5.7367718E+06   2.8468204E+06   8.5733744E+06   2.3412621E-02   1.2064797E-02   1.9660321E-02
   2.5000000E-01   4.8273859E+06   2.3929264E+06   7.2124055E+06   1.9268162E-02   1.1832938E-02   1.6800255E-02
   3.0000000E-01   4.1450632E+06   2.0716244E+06   6.2100031E+06   1.5879402E-02   1.0539073E-02   1.4102112E-02
   3.5000000E-01   3.6309518E+06   1.8079456E+06   5.4328313E+06   1.4662423E-02   1.0522510E-02   1.3274701E-02
   4.0000000E-01   3.2053726E+06   1.6133377E+06   4.8131399E+06   1.3745298E-02   1.0300115E-02   1.2590103E-02
   4.5000000E-01   2.8609410E+06   1.4338233E+06   4.2898057E+06   1.3051500E-02   1.0217767E-02   1.2092973E-02
   5.0000000E-01   2.5548443E+06   1.2822413E+06   3.8336797E+06   1.3480952E-02   1.1166250E-02   1.2702862E-02
   5.5000000E-01   2.2827970E+06   1.1518246E+06   3.4307092E+06   1.3624716E-02   1.1710192E-02   1.2975584E-02
   6.0000000E-01   2.0515550E+06   1.0288837E+06   3.0769107E+06   1.3861697E-02   1.2217405E-02   1.3313735E-02
   6.5000000E-01   1.8296060E+06   9.2384792E+05   2.7505255E+06   1.5243451E-02   1.3967756E-02   1.4816747E-02
   7.0000000E-01   1.6323659E+06   8.1636482E+05   2.4462479E+06   1.7037637E-02   1.5417481E-02   1.6494530E-02
   7.5000000E-01   1.4388625E+06   7.2675664E+05   2.1636372E+06   1.8687735E-02   1.7325519E-02   1.8236177E-02
   8.0000000E-01   1.2615058E+06   6.3611446E+05   1.8957661E+06   2.0965740E-02   1.9208659E-02   2.0376706E-02
   8.5000000E-01   1.0796734E+06   5.4253860E+05   1.6209987E+06   2.4735895E-02   2.2040603E-02   2.3832702E-02
   9.0000000E-01   8.9343219E+05   4.4847387E+05   1.3410997E+06   2.9116191E-02   2.7065944E-02   2.8432012E-02
   9.5000000E-01   6.7776886E+05   3.4056142E+05   1.0177908E+06   3.7801539E-02   3.4627754E-02   3.6748260E-02
   1.0000000E+00   4.0474556E+05   2.0381264E+05   6.0840101E+05   5.1019792E-02   4.7884304E-02   4.9966763E-02
