   0.0000000E+00   2.8039174E+09   1.5084232E+09   4.1462852E+09   6.7811418E-04   1.3539720E-04   4.9226007E-04
   5.0000000E-02   4.8880303E+06   1.5502965E+06   6.4364169E+06   1.6368300E-01   5.4635944E-02   1.3742213E-01
   1.0000000E-01   2.3519281E+06   7.5417161E+05   3.1050493E+06   1.6838671E-01   5.6636667E-02   1.4127948E-01
   1.5000000E-01   1.5140304E+06   4.8854201E+05   2.0017236E+06   1.7370129E-01   5.9293164E-02   1.4579259E-01
   2.0000000E-01   1.0944767E+06   3.5536116E+05   1.4494559E+06   1.7953090E-01   6.0373149E-02   1.5034090E-01
   2.5000000E-01   8.3868289E+05   2.7812645E+05   1.1163764E+06   1.8519878E-01   6.2451760E-02   1.5462753E-01
   3.0000000E-01   6.7154898E+05   2.1990969E+05   8.9116158E+05   1.9267899E-01   6.4172571E-02   1.6099437E-01
   3.5000000E-01   5.5244045E+05   1.7965410E+05   7.3189447E+05   2.0046882E-01   6.6598677E-02   1.6762723E-01
   4.0000000E-01   4.5712483E+05   1.5112558E+05   6.0805942E+05   2.0818617E-01   7.0688187E-02   1.7403935E-01
   4.5000000E-01   3.8652016E+05   1.2841328E+05   5.1486978E+05   2.1713717E-01   7.1105488E-02   1.8073261E-01
   5.0000000E-01   3.2585383E+05   1.1038350E+05   4.3614184E+05   2.2685308E-01   7.5377632E-02   1.8854739E-01
   5.5000000E-01   2.7793083E+05   9.3878267E+04   3.7172807E+05   2.3650256E-01   7.9265825E-02   1.9681563E-01
   6.0000000E-01   2.3730002E+05   8.1529772E+04   3.1872899E+05   2.4575469E-01   8.2737120E-02   2.0406331E-01
   6.5000000E-01   2.0374771E+05   6.9611924E+04   2.7333025E+05   2.5795460E-01   8.6085259E-02   2.1418075E-01
   7.0000000E-01   1.7066867E+05   6.0601655E+04   2.3120211E+05   2.6754082E-01   9.0221828E-02   2.2109130E-01
   7.5000000E-01   1.4550157E+05   5.0199591E+04   1.9565448E+05   2.8275976E-01   9.4947062E-02   2.3458733E-01
   8.0000000E-01   1.2081452E+05   4.2243701E+04   1.6304230E+05   2.9413473E-01   9.7501492E-02   2.4320953E-01
   8.5000000E-01   9.6788674E+04   3.4456109E+04   1.3122606E+05   3.1034553E-01   1.0055467E-01   2.5528399E-01
   9.0000000E-01   7.4311211E+04   2.6157999E+04   1.0046567E+05   3.2306683E-01   1.1142922E-01   2.6794535E-01
   9.5000000E-01   4.8935957E+04   1.7875613E+04   6.6804869E+04   3.3987661E-01   1.0859928E-01   2.7798118E-01
   1.0000000E+00   2.1723667E+04   7.6645877E+03   2.9388255E+04   3.5324352E-01   1.2029173E-01   2.9248762E-01
