   0.0000000E+00   2.5926030E+09   1.5085632E+09   3.9478132E+09   1.1885549E-03   1.3121004E-04   8.0424501E-04
   5.0000000E-02   7.6684671E+06   2.1555309E+06   9.8184594E+06   1.6697074E-01   3.2285693E-02   1.3741484E-01
   1.0000000E-01   3.6859967E+06   1.0076418E+06   4.6906463E+06   1.6859768E-01   3.0433986E-02   1.3894793E-01
   1.5000000E-01   2.3753557E+06   6.1514447E+05   2.9889298E+06   1.7239074E-01   2.7607567E-02   1.4262640E-01
   2.0000000E-01   1.6922149E+06   4.2088525E+05   2.1118906E+06   1.7426711E-01   2.3747812E-02   1.4430574E-01
   2.5000000E-01   1.2797585E+06   3.1568701E+05   1.5945415E+06   1.7592150E-01   2.3363932E-02   1.4573151E-01
   3.0000000E-01   1.0059123E+06   2.4135317E+05   1.2466925E+06   1.7778440E-01   2.1154837E-02   1.4750272E-01
   3.5000000E-01   8.2012997E+05   1.8434690E+05   1.0040494E+06   1.7846011E-01   2.0667303E-02   1.4952158E-01
   4.0000000E-01   6.7607428E+05   1.4842790E+05   8.2416796E+05   1.7939865E-01   1.8558213E-02   1.5045185E-01
   4.5000000E-01   5.6277895E+05   1.1913985E+05   6.8163586E+05   1.8015928E-01   1.7840950E-02   1.5179078E-01
   5.0000000E-01   4.6967260E+05   9.7479220E+04   5.6704996E+05   1.7974384E-01   1.5592614E-02   1.5153186E-01
   5.5000000E-01   3.9586175E+05   7.9027664E+04   4.7473315E+05   1.8072730E-01   1.6814686E-02   1.5343927E-01
   6.0000000E-01   3.3873477E+05   6.4160663E+04   4.0282647E+05   1.7874382E-01   1.6051087E-02   1.5283908E-01
   6.5000000E-01   2.8315378E+05   5.3549517E+04   3.3661026E+05   1.7836345E-01   1.5314967E-02   1.5243400E-01
   7.0000000E-01   2.3896887E+05   4.3144631E+04   2.8204984E+05   1.7764355E-01   1.4021303E-02   1.5262907E-01
   7.5000000E-01   1.9973309E+05   3.4267120E+04   2.3396201E+05   1.7795494E-01   1.5820754E-02   1.5421605E-01
   8.0000000E-01   1.6324920E+05   2.7824263E+04   1.9104561E+05   1.7679876E-01   1.5394901E-02   1.5327478E-01
   8.5000000E-01   1.3194881E+05   2.1023432E+04   1.5296101E+05   1.7838921E-01   1.4523417E-02   1.5585213E-01
   9.0000000E-01   9.8078349E+04   1.5197529E+04   1.1326173E+05   1.7468374E-01   1.4013349E-02   1.5310291E-01
   9.5000000E-01   6.4918464E+04   9.4923359E+03   7.4410799E+04   1.7634963E-01   1.6375089E-02   1.5594026E-01
   1.0000000E+00   2.9608321E+04   4.0680789E+03   3.3670112E+04   1.7532354E-01   1.4164751E-02   1.5582247E-01
