   0.0000000E+00   1.0435420E+08   5.8066344E+07   1.6237522E+08   8.5180840E-04   3.2855120E-04   6.6398185E-04
   5.0000000E-02   4.2223106E+07   2.1415189E+07   6.3582209E+07   1.7857494E-04   1.0090503E-04   1.4980792E-04
   1.0000000E-01   2.1156944E+07   1.0601725E+07   3.1733395E+07   5.1926803E-05   1.6574206E-04   9.0311146E-05
   1.5000000E-01   1.3321481E+07   6.6577484E+06   1.9961850E+07   1.5941348E-04   1.8360212E-04   1.6863749E-04
   2.0000000E-01   9.1809484E+06   4.5867977E+06   1.3756621E+07   2.5615458E-06   1.2216977E-04   4.2998310E-05
   2.5000000E-01   6.7116531E+06   3.3489638E+06   1.0053168E+07   6.4986461E-05   5.1267980E-05   5.7629612E-05
   3.0000000E-01   5.0604057E+06   2.5258632E+06   7.5814412E+06   1.2922264E-04   1.2587878E-04   6.1840485E-05
   3.5000000E-01   3.9130107E+06   1.9471652E+06   5.8562835E+06   1.3366058E-04   7.3332221E-05   1.1226300E-04
   4.0000000E-01   3.0658096E+06   1.5259298E+06   4.5892885E+06   2.4051372E-04   3.7713440E-04   1.3212290E-04
   4.5000000E-01   2.4358982E+06   1.2136236E+06   3.6477818E+06   2.5891506E-04   3.0681085E-04   1.6711894E-04
   5.0000000E-01   1.9419768E+06   9.6582859E+05   2.9068377E+06   4.2221107E-04   2.2088326E-04   3.3959265E-04
   5.5000000E-01   1.5617325E+06   7.7975505E+05   2.3405442E+06   2.7258526E-04   2.5100581E-04   1.0545656E-04
   6.0000000E-01   1.2685073E+06   6.3128808E+05   1.8991482E+06   2.2403254E-04   2.8181759E-04   1.9607235E-04
   6.5000000E-01   1.0163586E+06   5.0743493E+05   1.5233381E+06   6.4001902E-04   6.8344509E-04   6.4197037E-04
   7.0000000E-01   8.2093939E+05   4.1073798E+05   1.2313636E+06   3.2453819E-04   1.6793120E-04   2.4357815E-04
   7.5000000E-01   6.5978000E+05   3.3068153E+05   9.9022386E+05   5.2772443E-04   8.1208152E-04   5.7482821E-04
   8.0000000E-01   5.2022578E+05   2.5928330E+05   7.7934595E+05   1.3423366E-03   6.6377087E-04   1.0822963E-03
   8.5000000E-01   4.0213399E+05   2.0198073E+05   6.0405854E+05   1.0834980E-03   1.1629577E-03   1.1032608E-03
   9.0000000E-01   2.9846857E+05   1.4763213E+05   4.4604057E+05   2.4959889E-03   1.5883249E-03   2.1555003E-03
   9.5000000E-01   1.9633354E+05   9.7868563E+04   2.9416524E+05   4.0123198E-03   4.0172223E-03   3.9105113E-03
   1.0000000E+00   1.0537393E+05   5.3551512E+04   1.5892545E+05   6.7965678E-03   9.1508155E-03   7.5876578E-03
