   0.0000000E+00   1.9813644E+07   5.6453404E+07   7.6247186E+07   6.4753322E-02   1.2939567E-04   1.6924134E-02
   5.0000000E-02   1.0669429E+07   9.8876600E+06   2.0544229E+07   4.3162488E-02   7.5421343E-04   2.2763048E-02
   1.0000000E-01   7.6870246E+06   5.5236951E+06   1.3200502E+07   2.5308512E-02   1.0156623E-03   1.5149352E-02
   1.5000000E-01   6.3167960E+06   3.9308088E+06   1.0236337E+07   1.7800565E-02   1.5612325E-03   1.1567450E-02
   2.0000000E-01   5.3996020E+06   3.0578917E+06   8.4481831E+06   1.4202152E-02   1.6404774E-03   9.6482133E-03
   2.5000000E-01   4.7270546E+06   2.5027178E+06   7.2209234E+06   1.1975233E-02   1.8099829E-03   8.4622930E-03
   3.0000000E-01   4.1868254E+06   2.1113707E+06   6.2901853E+06   1.0918760E-02   2.0060276E-03   7.9276546E-03
   3.5000000E-01   3.7263083E+06   1.8092097E+06   5.5281878E+06   1.0485704E-02   2.6970121E-03   7.9230889E-03
   4.0000000E-01   3.3398506E+06   1.5692439E+06   4.9028078E+06   1.0177323E-02   3.1037256E-03   7.9215468E-03
   4.5000000E-01   2.9987691E+06   1.3824411E+06   4.3753604E+06   1.0960252E-02   3.6652176E-03   8.6607075E-03
   5.0000000E-01   2.6978991E+06   1.2109208E+06   3.9050511E+06   1.1569042E-02   4.3645802E-03   9.3391411E-03
   5.5000000E-01   2.4195660E+06   1.0730921E+06   3.4880108E+06   1.2459840E-02   4.9993744E-03   1.0166349E-02
   6.0000000E-01   2.1734570E+06   9.5583154E+05   3.1253203E+06   1.2937837E-02   5.4776066E-03   1.0660903E-02
   6.5000000E-01   1.9403877E+06   8.4194434E+05   2.7790412E+06   1.4463058E-02   6.9180174E-03   1.2180560E-02
   7.0000000E-01   1.7227295E+06   7.4049793E+05   2.4603763E+06   1.6480193E-02   7.7860692E-03   1.3868917E-02
   7.5000000E-01   1.5158384E+06   6.4448839E+05   2.1577166E+06   1.8135791E-02   9.5828794E-03   1.5589573E-02
   8.0000000E-01   1.3216346E+06   5.5771871E+05   1.8774355E+06   2.0823928E-02   1.0856536E-02   1.7879817E-02
   8.5000000E-01   1.1287868E+06   4.7195994E+05   1.5992151E+06   2.4303093E-02   1.3149697E-02   2.1020548E-02
   9.0000000E-01   9.3141009E+05   3.8875894E+05   1.3193556E+06   2.9127568E-02   1.6955332E-02   2.5545947E-02
   9.5000000E-01   7.0059671E+05   2.9123009E+05   9.9124379E+05   3.6718905E-02   2.3480220E-02   3.2835783E-02
   1.0000000E+00   4.0814087E+05   1.6882213E+05   5.7682467E+05   5.1270455E-02   3.2615634E-02   4.5826481E-02
