   0.0000000E+00   6.9073245E+07   4.0975395E+07   1.1004406E+08   8.9607470E-04   2.4054190E-04   6.5199357E-04
   5.0000000E-02   2.9831430E+07   1.5029574E+07   4.4855338E+07   1.5096439E-04   1.3436361E-04   1.3057926E-04
   1.0000000E-01   1.5594001E+07   7.7453071E+06   2.3334852E+07   2.0998724E-04   1.1706870E-04   1.7418364E-04
   1.5000000E-01   1.0309909E+07   5.1537129E+06   1.5461139E+07   2.3830360E-04   2.4400031E-04   1.4224712E-04
   2.0000000E-01   7.5524591E+06   3.7674044E+06   1.1317794E+07   1.5041823E-04   2.4599345E-04   1.5469775E-04
   2.5000000E-01   5.8346202E+06   2.9186852E+06   8.7520322E+06   6.9224513E-05   3.9895554E-04   9.5843695E-05
   3.0000000E-01   4.6779564E+06   2.3352699E+06   7.0123137E+06   3.1359826E-04   2.0732132E-04   2.7680559E-04
   3.5000000E-01   3.8392174E+06   1.9155798E+06   5.7540605E+06   2.4653610E-04   4.2114598E-04   2.9637769E-04
   4.0000000E-01   3.2001921E+06   1.5886767E+06   4.7882799E+06   2.1799207E-04   7.9875108E-05   1.2458883E-04
   4.5000000E-01   2.6888060E+06   1.3458283E+06   4.0341392E+06   6.9538728E-05   4.1731617E-04   1.4945251E-04
   5.0000000E-01   2.2899595E+06   1.1427771E+06   3.4323291E+06   1.0922091E-04   4.5498432E-04   2.2028326E-04
   5.5000000E-01   1.9513206E+06   9.7969417E+05   2.9307775E+06   5.5753732E-04   1.7417552E-04   3.5626314E-04
   6.0000000E-01   1.6709943E+06   8.3807810E+05   2.5087965E+06   2.6886414E-04   7.5886249E-04   4.1984094E-04
   6.5000000E-01   1.4301125E+06   7.0975269E+05   2.1396546E+06   4.2523508E-04   2.4290186E-04   3.6562587E-04
   7.0000000E-01   1.2149388E+06   6.0889953E+05   1.8236928E+06   5.4091660E-04   1.8821924E-04   4.2358927E-04
   7.5000000E-01   1.0247202E+06   5.1399407E+05   1.5385699E+06   7.5993091E-04   8.1058617E-04   6.4031951E-04
   8.0000000E-01   8.5600292E+05   4.2639997E+05   1.2823154E+06   7.0945982E-04   3.3203354E-04   5.8308647E-04
   8.5000000E-01   6.9354107E+05   3.4326913E+05   1.0367503E+06   4.1795268E-04   1.0372604E-03   4.4407723E-04
   9.0000000E-01   5.3188521E+05   2.6426440E+05   7.9612132E+05   1.0159207E-03   1.2638805E-03   1.0977912E-03
   9.5000000E-01   3.5883576E+05   1.7899738E+05   5.3782308E+05   1.7838961E-03   1.3025039E-03   1.5433687E-03
   1.0000000E+00   1.8718822E+05   9.4100262E+04   2.8128848E+05   3.1051616E-03   5.1793828E-03   3.6781569E-03
