   0.0000000E+00   3.9048729E+07   4.7395069E+07   8.6410694E+07   7.9239016E-03   6.0041734E-04   3.9050567E-03
   5.0000000E-02   2.2779210E+07   1.5919250E+07   3.8654216E+07   4.1956387E-03   5.6413301E-04   2.7032103E-03
   1.0000000E-01   1.4870610E+07   8.3446847E+06   2.3187379E+07   2.0406627E-03   5.4364632E-04   1.5022423E-03
   1.5000000E-01   1.0694321E+07   5.5178594E+06   1.6187670E+07   1.4910834E-03   6.0042220E-04   1.1873107E-03
   2.0000000E-01   8.1663197E+06   4.0207950E+06   1.2169799E+07   1.1968858E-03   3.8072985E-04   9.1588838E-04
   2.5000000E-01   6.4010590E+06   3.0855814E+06   9.4740481E+06   1.0155208E-03   6.1739569E-04   8.8812728E-04
   3.0000000E-01   5.1203328E+06   2.4370866E+06   7.5473502E+06   1.0092777E-03   6.0106228E-04   8.7953362E-04
   3.5000000E-01   4.1691047E+06   1.9634991E+06   6.1241458E+06   1.0671031E-03   6.3182520E-04   9.2677923E-04
   4.0000000E-01   3.4269402E+06   1.6044330E+06   5.0252457E+06   1.0330179E-03   9.6331892E-04   1.0109572E-03
   4.5000000E-01   2.8443464E+06   1.3271966E+06   4.1667047E+06   1.1788553E-03   1.2473408E-03   1.1987561E-03
   5.0000000E-01   2.3694415E+06   1.1043189E+06   3.4708128E+06   1.6978683E-03   1.4876482E-03   1.6338222E-03
   5.5000000E-01   1.9898245E+06   9.2416356E+05   2.9110886E+06   1.9631243E-03   2.0881999E-03   1.9967244E-03
   6.0000000E-01   1.6693974E+06   7.7379542E+05   2.4410124E+06   2.8337669E-03   2.3092432E-03   2.6512273E-03
   6.5000000E-01   1.4035556E+06   6.4730519E+05   2.0491811E+06   3.3474338E-03   3.0663502E-03   3.2415741E-03
   7.0000000E-01   1.1684110E+06   5.4260013E+05   1.7099107E+06   3.5849191E-03   3.6717079E-03   3.5750929E-03
   7.5000000E-01   9.7580230E+05   4.4937716E+05   1.4242330E+06   4.5220919E-03   4.2733979E-03   4.4347379E-03
   8.0000000E-01   8.0093134E+05   3.6898084E+05   1.1692238E+06   5.9151058E-03   5.5955483E-03   5.7898420E-03
   8.5000000E-01   6.4808642E+05   2.9804291E+05   9.4566122E+05   8.4475524E-03   7.8443360E-03   8.2639489E-03
   9.0000000E-01   5.0298267E+05   2.3390118E+05   7.3662920E+05   1.0689158E-02   1.0885498E-02   1.0741351E-02
   9.5000000E-01   3.6455864E+05   1.6863723E+05   5.3302498E+05   1.5593039E-02   1.4825973E-02   1.5345751E-02
   1.0000000E+00   2.1777112E+05   1.0027469E+05   3.1802694E+05   2.6092518E-02   2.6263102E-02   2.6148644E-02
