   0.0000000E+00   7.4807407E+07   3.6249639E+07   1.1105552E+08   9.6021287E-04   1.9548087E-04   5.9177040E-04
   5.0000000E-02   2.4804807E+07   1.2231758E+07   3.7035865E+07   8.1976172E-04   1.7150686E-04   4.9216943E-04
   1.0000000E-01   1.2819199E+07   6.3350034E+06   1.9153915E+07   1.0252476E-03   1.2372543E-04   6.4867816E-04
   1.5000000E-01   8.6615303E+06   4.2828807E+06   1.2944050E+07   1.5434922E-03   1.0708536E-04   1.0187614E-03
   2.0000000E-01   6.5358410E+06   3.2498166E+06   9.7853870E+06   1.1329038E-03   1.3279474E-04   7.1405485E-04
   2.5000000E-01   5.2106692E+06   2.5932070E+06   7.8036979E+06   7.6644414E-04   1.6318439E-04   4.8014035E-04
   3.0000000E-01   4.3025735E+06   2.1554036E+06   6.4578285E+06   8.1273753E-04   9.3996462E-05   5.1073748E-04
   3.5000000E-01   3.6581809E+06   1.8344926E+06   5.4925735E+06   1.3951342E-03   8.3682045E-05   9.0050463E-04
   4.0000000E-01   3.1475755E+06   1.5739469E+06   4.7214189E+06   1.7054670E-03   6.9850355E-05   1.1212131E-03
   4.5000000E-01   2.7429753E+06   1.3820803E+06   4.1249495E+06   1.6947226E-03   8.7146270E-05   1.0967478E-03
   5.0000000E-01   2.3995281E+06   1.2102651E+06   3.6097041E+06   1.3173085E-03   1.6647257E-04   8.3120252E-04
   5.5000000E-01   2.1106666E+06   1.0704414E+06   3.1810270E+06   1.3349944E-03   1.1195217E-04   8.5548604E-04
   6.0000000E-01   1.8623091E+06   9.4091872E+05   2.8031483E+06   9.3660670E-04   1.8247476E-04   5.6489274E-04
   6.5000000E-01   1.6382822E+06   8.2496618E+05   2.4632190E+06   1.5380343E-03   2.4994576E-04   9.3882851E-04
   7.0000000E-01   1.4286066E+06   7.2235881E+05   2.1509154E+06   1.0847385E-03   2.0857820E-04   6.4976083E-04
   7.5000000E-01   1.2438192E+06   6.2926469E+05   1.8730415E+06   1.4860135E-03   9.0515971E-05   9.6689916E-04
   8.0000000E-01   1.0543259E+06   5.3725138E+05   1.5915335E+06   1.3786964E-03   2.3541411E-04   8.4830961E-04
   8.5000000E-01   8.7191819E+05   4.4649889E+05   1.3184058E+06   1.1829342E-03   1.6548409E-04   7.3702297E-04
   9.0000000E-01   6.8446882E+05   3.4790210E+05   1.0323568E+06   2.0187576E-03   1.1819847E-04   1.3048536E-03
   9.5000000E-01   4.6326486E+05   2.3675889E+05   7.0001705E+05   1.7252355E-03   1.9040615E-04   1.0848277E-03
   1.0000000E+00   2.2058797E+05   1.1230287E+05   3.3289084E+05   4.8154865E-04   2.9272809E-04   3.5122263E-04
