   0.0000000E+00   1.0341404E+08   5.8912284E+07   1.6227845E+08   4.2283851E-04   1.2029982E-04   3.1222794E-04
   5.0000000E-02   4.2874559E+07   2.1789394E+07   6.4602456E+07   5.1524157E-05   8.0029443E-05   6.0572792E-05
   1.0000000E-01   2.1475063E+07   1.0705462E+07   3.2155187E+07   1.3381173E-04   1.2200697E-04   1.2313188E-04
   1.5000000E-01   1.3497867E+07   6.7237022E+06   2.0204232E+07   7.1770893E-05   1.2128877E-05   4.6786567E-05
   2.0000000E-01   9.3232647E+06   4.6382525E+06   1.3949899E+07   1.0187779E-04   8.5978217E-05   9.5844138E-05
   2.5000000E-01   6.7801661E+06   3.3730662E+06   1.0145886E+07   3.6283307E-05   6.4920940E-05   3.4332618E-05
   3.0000000E-01   5.0903056E+06   2.5217676E+06   7.6069909E+06   6.6336684E-05   9.1355598E-06   4.5019704E-05
   3.5000000E-01   3.9100459E+06   1.9527493E+06   5.8592847E+06   9.5999990E-05   1.6992017E-04   8.3222358E-06
   4.0000000E-01   3.0477217E+06   1.5195796E+06   4.5649537E+06   1.6355030E-04   2.3446098E-04   1.6535184E-04
   4.5000000E-01   2.4121169E+06   1.1992714E+06   3.6097968E+06   1.3293727E-04   2.4366127E-04   9.6955155E-05
   5.0000000E-01   1.9226936E+06   9.6283648E+05   2.8846133E+06   1.5557395E-04   1.5415164E-04   5.3051214E-05
   5.5000000E-01   1.5402610E+06   7.6984114E+05   2.3093151E+06   6.5862137E-05   5.5624847E-04   2.1010674E-04
   6.0000000E-01   1.2406075E+06   6.1650259E+05   1.8565318E+06   3.4162018E-04   3.1346372E-04   3.0451571E-04
   6.5000000E-01   1.0020640E+06   4.9729798E+05   1.4989555E+06   4.4205002E-04   4.3898072E-04   4.4021123E-04
   7.0000000E-01   8.0802510E+05   3.9866040E+05   1.2063217E+06   2.9239821E-04   7.4290698E-04   4.3999589E-04
   7.5000000E-01   6.4358439E+05   3.1838204E+05   9.6179666E+05   2.4564464E-04   5.7503770E-04   3.0447095E-04
   8.0000000E-01   5.0445751E+05   2.5290516E+05   7.5719954E+05   8.3393950E-04   1.1188449E-03   8.5658110E-04
   8.5000000E-01   3.8946525E+05   1.9415405E+05   5.8351070E+05   1.7894802E-03   1.3655393E-03   1.6504918E-03
   9.0000000E-01   2.8740553E+05   1.4153826E+05   4.2891550E+05   1.7871243E-03   2.2153275E-03   1.7871540E-03
   9.5000000E-01   1.8863379E+05   9.3951676E+04   2.8257541E+05   3.4683742E-03   2.8520969E-03   3.2159746E-03
   1.0000000E+00   1.0310411E+05   5.1287975E+04   1.5438580E+05   7.7646702E-03   5.9690760E-03   7.1495330E-03
