   0.0000000E+00   1.8446796E+09   1.3066473E+09   3.0713038E+09   3.1187466E-03   2.7129679E-04   1.9434448E-03
   5.0000000E-02   1.4742522E+07   4.6979356E+06   1.9421932E+07   1.5651089E-01   2.7621717E-02   1.2535497E-01
   1.0000000E-01   7.2894555E+06   2.1865024E+06   9.4661540E+06   1.5439228E-01   2.5068590E-02   1.2456124E-01
   1.5000000E-01   4.7706800E+06   1.3756929E+06   6.1407707E+06   1.5275810E-01   2.3966990E-02   1.2395089E-01
   2.0000000E-01   3.4633230E+06   9.5456360E+05   4.4140669E+06   1.5238818E-01   2.2647481E-02   1.2436513E-01
   2.5000000E-01   2.6659472E+06   7.1396907E+05   3.3769750E+06   1.5125790E-01   2.1471155E-02   1.2385312E-01
   3.0000000E-01   2.1392122E+06   5.5348784E+05   2.6903552E+06   1.5006734E-01   2.0159552E-02   1.2338080E-01
   3.5000000E-01   1.7310146E+06   4.3781251E+05   2.1671537E+06   1.4945627E-01   1.9050176E-02   1.2314660E-01
   4.0000000E-01   1.4466070E+06   3.5272714E+05   1.7979734E+06   1.4915728E-01   1.8936805E-02   1.2363540E-01
   4.5000000E-01   1.2103061E+06   2.8616766E+05   1.4955896E+06   1.4849902E-01   1.9168178E-02   1.2378513E-01
   5.0000000E-01   1.0267658E+06   2.3489996E+05   1.2610292E+06   1.4736015E-01   1.9141273E-02   1.2350999E-01
   5.5000000E-01   8.7365068E+05   1.9170936E+05   1.0647697E+06   1.4831169E-01   1.8496935E-02   1.2496481E-01
   6.0000000E-01   7.4207053E+05   1.5811513E+05   8.9970820E+05   1.4778390E-01   1.8387015E-02   1.2507242E-01
   6.5000000E-01   6.2784911E+05   1.3166766E+05   7.5913480E+05   1.4788214E-01   1.9660754E-02   1.2566723E-01
   7.0000000E-01   5.3344644E+05   1.0685208E+05   6.4002114E+05   1.4934301E-01   1.9149733E-02   1.2762656E-01
   7.5000000E-01   4.5059947E+05   8.6631219E+04   5.3698453E+05   1.4753985E-01   2.1019522E-02   1.2715405E-01
   8.0000000E-01   3.7159098E+05   6.9168738E+04   4.4060454E+05   1.5133169E-01   2.2399874E-02   1.3112758E-01
   8.5000000E-01   2.9972808E+05   5.4790493E+04   3.5436129E+05   1.5300118E-01   2.3246044E-02   1.3293828E-01
   9.0000000E-01   2.2880822E+05   3.9608360E+04   2.6835645E+05   1.5536961E-01   2.4573258E-02   1.3606942E-01
   9.5000000E-01   1.5181371E+05   2.5816607E+04   1.7757336E+05   1.5924999E-01   2.7966953E-02   1.4018619E-01
   1.0000000E+00   6.8484569E+04   1.0934141E+04   7.9412422E+04   1.6799321E-01   3.0224925E-02   1.4903664E-01
