   0.0000000E+00   8.5899870E+07   3.9632586E+08   4.8113023E+08   3.6818066E-02   7.9956984E-04   7.1975196E-03
   5.0000000E-02   2.5810985E+07   1.5738578E+07   4.1472149E+07   4.3288497E-02   7.4811726E-03   2.9725646E-02
   1.0000000E-01   1.5442804E+07   7.7469305E+06   2.3146476E+07   3.0390594E-02   6.5440045E-03   2.2422927E-02
   1.5000000E-01   1.1008323E+07   4.9342701E+06   1.5905690E+07   2.3834910E-02   6.4365326E-03   1.8449167E-02
   2.0000000E-01   8.3104504E+06   3.4823897E+06   1.1766516E+07   1.9961006E-02   6.5340751E-03   1.5992139E-02
   2.5000000E-01   6.5363025E+06   2.5967084E+06   9.1143707E+06   1.7273506E-02   5.9853535E-03   1.4065632E-02
   3.0000000E-01   5.2052791E+06   1.9902750E+06   7.1813363E+06   1.5544896E-02   6.4216393E-03   1.3030767E-02
   3.5000000E-01   4.2193612E+06   1.5694951E+06   5.7780611E+06   1.4253990E-02   6.6164863E-03   1.2183042E-02
   4.0000000E-01   3.4380492E+06   1.2425067E+06   4.6719854E+06   1.3554886E-02   7.0936434E-03   1.1834367E-02
   4.5000000E-01   2.8301639E+06   9.9848152E+05   3.8225905E+06   1.3151480E-02   7.1989685E-03   1.1610677E-02
   5.0000000E-01   2.3248208E+06   8.1037241E+05   3.1310934E+06   1.3555235E-02   7.8240624E-03   1.2069117E-02
   5.5000000E-01   1.9218799E+06   6.6223504E+05   2.5807987E+06   1.3741734E-02   8.1783376E-03   1.2307517E-02
   6.0000000E-01   1.5911940E+06   5.3780577E+05   2.1262517E+06   1.4914270E-02   9.7473070E-03   1.3602204E-02
   6.5000000E-01   1.3102272E+06   4.3556056E+05   1.7440492E+06   1.5576267E-02   1.0700496E-02   1.4364465E-02
   7.0000000E-01   1.0741549E+06   3.5341947E+05   1.4260647E+06   1.7241018E-02   1.2905067E-02   1.6165498E-02
   7.5000000E-01   8.7218606E+05   2.8429741E+05   1.1554140E+06   1.9036930E-02   1.4243338E-02   1.7856084E-02
   8.0000000E-01   7.0041703E+05   2.2641780E+05   9.2621413E+05   2.1128587E-02   1.6513279E-02   1.9997636E-02
   8.5000000E-01   5.5309151E+05   1.7846699E+05   7.3107917E+05   2.4856470E-02   1.9417964E-02   2.3519426E-02
   9.0000000E-01   4.1775343E+05   1.3292267E+05   5.5041084E+05   2.9313315E-02   2.4795326E-02   2.8232952E-02
   9.5000000E-01   2.8696139E+05   9.1053381E+04   3.7785729E+05   3.7077592E-02   3.3107729E-02   3.6136792E-02
   1.0000000E+00   1.4726823E+05   4.6811202E+04   1.9407314E+05   5.1945861E-02   4.2116595E-02   4.9576284E-02
