   0.0000000E+00   5.0433018E+07   5.7914065E+07   1.0829463E+08   1.2377489E-03   1.1030999E-04   6.3070124E-04
   5.0000000E-02   3.1358426E+07   2.1479806E+07   5.2756617E+07   4.9138141E-04   9.1783660E-05   3.2868287E-04
   1.0000000E-01   1.9759341E+07   1.0726948E+07   3.0441534E+07   2.3132687E-04   1.0470876E-04   1.8546918E-04
   1.5000000E-01   1.3529486E+07   6.7623238E+06   2.0256159E+07   1.7278813E-04   8.3701834E-05   1.3649190E-04
   2.0000000E-01   9.7591105E+06   4.6963281E+06   1.4431868E+07   9.7387510E-05   1.0953046E-04   9.4837063E-05
   2.5000000E-01   7.2436253E+06   3.4182789E+06   1.0645670E+07   1.0672582E-04   1.1198159E-04   1.0812587E-04
   3.0000000E-01   5.5053074E+06   2.5718908E+06   8.0662059E+06   6.7956162E-05   1.0225503E-04   7.7225684E-05
   3.5000000E-01   4.2427343E+06   1.9641812E+06   6.1998035E+06   1.9348039E-04   1.6349787E-04   1.2156976E-04
   4.0000000E-01   3.3258131E+06   1.5337921E+06   4.8541144E+06   2.8279622E-04   4.8820765E-04   3.1353213E-04
   4.5000000E-01   2.6269620E+06   1.2015420E+06   3.8248611E+06   2.9136350E-04   8.6620448E-05   2.0633416E-04
   5.0000000E-01   2.0865977E+06   9.5361822E+05   3.0378986E+06   4.9941892E-04   3.8204500E-04   4.6066945E-04
   5.5000000E-01   1.6587186E+06   7.6114839E+05   2.4178414E+06   4.5446839E-04   6.7599750E-04   5.2000343E-04
   6.0000000E-01   1.3291772E+06   6.0967484E+05   1.9375258E+06   8.3661510E-04   8.7841100E-04   8.4628391E-04
   6.5000000E-01   1.0677730E+06   4.8689170E+05   1.5537783E+06   1.2258859E-03   1.1358944E-03   1.1874674E-03
   7.0000000E-01   8.5597166E+05   3.9025247E+05   1.2454102E+06   1.3909578E-03   1.2842017E-03   1.3452428E-03
   7.5000000E-01   6.8251581E+05   3.1196066E+05   9.9400538E+05   2.1282981E-03   1.5900387E-03   1.9596688E-03
   8.0000000E-01   5.3747420E+05   2.4528164E+05   7.8245345E+05   2.3855774E-03   3.1675582E-03   2.6263374E-03
   8.5000000E-01   4.1824047E+05   1.8910603E+05   6.0713679E+05   3.7291268E-03   5.2040121E-03   4.1708462E-03
   9.0000000E-01   3.1187649E+05   1.4313688E+05   4.5492495E+05   6.5108585E-03   6.2578823E-03   6.4213714E-03
   9.5000000E-01   2.1464808E+05   9.7285553E+04   3.1186662E+05   9.4054427E-03   9.0110608E-03   9.2831123E-03
   1.0000000E+00   1.2748743E+05   5.8669621E+04   1.8613819E+05   1.8632576E-02   1.5903452E-02   1.7728478E-02
