   0.0000000E+00   3.2268341E+09   1.6581164E+09   4.6710662E+09   3.3643071E-05   1.8910526E-06   2.3233255E-05
   5.0000000E-02   2.6075946E+05   6.6017470E+04   3.2677693E+05   1.7584494E-01   2.3999390E-02   1.4516817E-01
   1.0000000E-01   1.2299494E+05   3.3931834E+04   1.5692677E+05   1.8629179E-01   2.0684877E-02   1.5048291E-01
   1.5000000E-01   8.1593434E+04   2.0265729E+04   1.0185916E+05   1.9181898E-01   2.3017188E-02   1.5823428E-01
   2.0000000E-01   5.5370005E+04   1.5151551E+04   7.0521555E+04   2.0148694E-01   2.1866096E-02   1.6289541E-01
   2.5000000E-01   4.4436060E+04   1.1471888E+04   5.5907948E+04   2.1208104E-01   2.4192487E-02   1.7352773E-01
   3.0000000E-01   3.3528641E+04   9.2840383E+03   4.2812680E+04   2.1767011E-01   2.4214509E-02   1.7571854E-01
   3.5000000E-01   2.8811592E+04   7.4939242E+03   3.6305516E+04   2.2327815E-01   2.0504279E-02   1.8142301E-01
   4.0000000E-01   2.3698171E+04   6.2388738E+03   2.9937045E+04   2.3959786E-01   2.8629535E-02   1.9563164E-01
   4.5000000E-01   1.9523006E+04   5.1212524E+03   2.4644259E+04   2.5013823E-01   3.0540123E-02   2.0450418E-01
   5.0000000E-01   1.6730368E+04   4.5772962E+03   2.1307664E+04   2.6213145E-01   3.3768883E-02   2.1307470E-01
   5.5000000E-01   1.4740641E+04   4.1090913E+03   1.8849733E+04   2.6943405E-01   3.1683889E-02   2.1760636E-01
   6.0000000E-01   1.2217794E+04   3.2414557E+03   1.5459250E+04   2.8392147E-01   4.0719270E-02   2.3292660E-01
   6.5000000E-01   1.0646241E+04   2.7031855E+03   1.3349427E+04   2.9721488E-01   3.2403501E-02   2.4359202E-01
   7.0000000E-01   8.4352120E+03   2.5010062E+03   1.0936218E+04   3.1234855E-01   3.1634629E-02   2.4815202E-01
   7.5000000E-01   7.2617095E+03   2.0541598E+03   9.3158693E+03   3.2457540E-01   3.3264981E-02   2.6034112E-01
   8.0000000E-01   6.2030639E+03   1.7427466E+03   7.9458105E+03   3.3964460E-01   3.8505409E-02   2.7359604E-01
   8.5000000E-01   4.7521794E+03   1.4192876E+03   6.1714670E+03   3.5963546E-01   3.2956246E-02   2.8450709E-01
   9.0000000E-01   3.6853211E+03   1.1353053E+03   4.8206264E+03   3.7551544E-01   2.6400948E-02   2.9329552E-01
   9.5000000E-01   2.3923501E+03   6.9022986E+02   3.0825800E+03   3.9741045E-01   2.5185241E-02   3.1406415E-01
   1.0000000E+00   1.0814677E+03   3.2066774E+02   1.4021354E+03   4.0967009E-01   4.9843527E-02   3.2737792E-01
