   0.0000000E+00   1.4350500E+09   1.4127871E+09   2.7794651E+09   2.5142292E-02   2.1542815E-07   1.2670914E-02
   5.0000000E-02   4.7357445E+07   2.2261257E+07   6.9323628E+07   2.0563374E-01   2.6956824E-06   1.3987363E-01
   1.0000000E-01   9.4259833E+06   3.8311141E+06   1.3237840E+07   2.0720563E-01   1.8059842E-05   1.4735622E-01
   1.5000000E-01   2.5473916E+06   6.9417020E+05   3.2396095E+06   1.6677427E-01   6.2153823E-05   1.3107819E-01
   2.0000000E-01   1.0639667E+06   1.3435860E+05   1.1979911E+06   9.4417497E-02   1.0972167E-04   8.3856710E-02
   2.5000000E-01   7.2553009E+05   2.9895665E+04   7.5526023E+05   3.6837872E-02   1.4561899E-04   3.5386633E-02
   3.0000000E-01   6.4088512E+05   6.7800006E+03   6.4751658E+05   1.1159165E-02   4.5876861E-04   1.1049656E-02
   3.5000000E-01   6.3415514E+05   1.7370625E+03   6.3571941E+05   3.1734803E-03   3.4543182E-03   3.1751063E-03
   4.0000000E-01   6.4717175E+05   3.8992961E+02   6.4748210E+05   8.8654340E-04   8.8084657E-03   8.9142081E-04
   4.5000000E-01   6.7001402E+05   9.9029742E+01   6.6992913E+05   2.5212667E-04   7.6196406E-02   2.6269947E-04
   5.0000000E-01   7.0522192E+05   1.2732395E+01   7.0503730E+05   4.3519694E-05   5.4390170E-06   4.3531199E-05
   5.5000000E-01   7.5240933E+05   5.7874525E+00   7.5204472E+05   8.5972797E-06   2.5722475E-05   8.6023764E-06
   6.0000000E-01   8.1215706E+05   0.0000000E+00   8.1175387E+05   1.3143312E-06   0.0000000E+00   1.3156867E-06
   6.5000000E-01   8.9820194E+05   0.0000000E+00   8.9779548E+05   1.2929972E-05   0.0000000E+00   1.2960773E-05
   7.0000000E-01   1.0214428E+06   0.0000000E+00   1.0206061E+06   4.9816789E-06   0.0000000E+00   4.9656345E-06
   7.5000000E-01   1.1719236E+06   4.2441318E+00   1.1708753E+06   3.6568318E-06   7.1604856E-01   1.0808263E-06
   8.0000000E-01   1.3163109E+06   0.0000000E+00   1.3149660E+06   1.9202685E-06   0.0000000E+00   2.3523757E-06
   8.5000000E-01   1.3052802E+06   0.0000000E+00   1.3038048E+06   9.2820089E-07   0.0000000E+00   9.2250874E-07
   9.0000000E-01   9.7586030E+05   0.0000000E+00   9.7515648E+05   4.3540693E-06   0.0000000E+00   4.3409336E-06
   9.5000000E-01   4.9046863E+05   0.0000000E+00   4.9019722E+05   9.8646975E-06   0.0000000E+00   9.8680234E-06
   1.0000000E+00   1.5503342E+05   0.0000000E+00   1.5500198E+05   1.2829573E-05   0.0000000E+00   1.2832875E-05
