   0.0000000E+00   8.7829082E+07   2.4205150E+08   3.2929591E+08   3.7163957E-02   8.0794739E-04   1.0480375E-02
   5.0000000E-02   1.5992207E+07   9.6505828E+06   2.5614206E+07   7.6553063E-02   9.1641945E-03   5.1186851E-02
   1.0000000E-01   9.8618451E+06   5.2130565E+06   1.5058668E+07   5.7728334E-02   9.3399696E-03   4.0986245E-02
   1.5000000E-01   7.4105088E+06   3.6536033E+06   1.1047475E+07   4.7614343E-02   9.1191554E-03   3.4906330E-02
   2.0000000E-01   6.0003005E+06   2.8073659E+06   8.7934538E+06   4.1509849E-02   9.4809373E-03   3.1291452E-02
   2.5000000E-01   5.0396349E+06   2.2776600E+06   7.3057976E+06   3.7569870E-02   9.4369930E-03   2.8825556E-02
   3.0000000E-01   4.3017141E+06   1.9106975E+06   6.2024061E+06   3.6012089E-02   1.0646400E-02   2.8217979E-02
   3.5000000E-01   3.7412325E+06   1.6298376E+06   5.3613753E+06   3.4295905E-02   1.1362919E-02   2.7345290E-02
   4.0000000E-01   3.2693370E+06   1.4042877E+06   4.6662797E+06   3.4087136E-02   1.1824472E-02   2.7397848E-02
   4.5000000E-01   2.8811289E+06   1.2221261E+06   4.0969453E+06   3.3566100E-02   1.2966474E-02   2.7437003E-02
   5.0000000E-01   2.5487073E+06   1.0729717E+06   3.6168406E+06   3.4838789E-02   1.4454229E-02   2.8804023E-02
   5.5000000E-01   2.2574479E+06   9.4152592E+05   3.1940429E+06   3.5959306E-02   1.5562628E-02   2.9958856E-02
   6.0000000E-01   1.9878718E+06   8.2933519E+05   2.8129469E+06   3.7499265E-02   1.6943527E-02   3.1460734E-02
   6.5000000E-01   1.7575799E+06   7.2795022E+05   2.4820532E+06   3.9541228E-02   1.9041544E-02   3.3548848E-02
   7.0000000E-01   1.5411291E+06   6.3299559E+05   2.1713191E+06   4.2489250E-02   2.0943469E-02   3.6220836E-02
   7.5000000E-01   1.3426056E+06   5.5284061E+05   1.8931799E+06   4.5311618E-02   2.4329308E-02   3.9199485E-02
   8.0000000E-01   1.1505868E+06   4.7078430E+05   1.6194453E+06   5.0176138E-02   2.6513748E-02   4.3314897E-02
   8.5000000E-01   9.6841102E+05   3.9549816E+05   1.3623775E+06   5.5508492E-02   3.0772454E-02   4.8338107E-02
   9.0000000E-01   7.8545794E+05   3.1995449E+05   1.1045884E+06   6.2720546E-02   3.5509174E-02   5.4854643E-02
   9.5000000E-01   5.7146006E+05   2.3368637E+05   8.0461703E+05   7.4192550E-02   4.3809577E-02   6.5384820E-02
   1.0000000E+00   3.0509335E+05   1.2340049E+05   4.2841838E+05   8.9360784E-02   5.6434933E-02   7.9868430E-02
