   0.0000000E+00   1.3631099E+08   7.1828026E+07   2.0809623E+08   9.0649135E-05   5.9396394E-05   7.7737362E-05
   5.0000000E-02   4.9641445E+07   2.4879737E+07   7.4475728E+07   3.2469441E-05   3.8349529E-05   3.2711477E-05
   1.0000000E-01   2.3616143E+07   1.1807069E+07   3.5404335E+07   2.0427224E-05   7.0422420E-05   1.4735641E-05
   1.5000000E-01   1.4358513E+07   7.1828111E+06   2.1529059E+07   7.3234386E-05   7.5678998E-05   4.6272291E-05
   2.0000000E-01   9.6757134E+06   4.8377851E+06   1.4505525E+07   7.4567235E-05   2.7763903E-05   4.1926243E-05
   2.5000000E-01   6.8735200E+06   3.4355313E+06   1.0304404E+07   1.2497887E-05   2.0461974E-04   7.7235001E-05
   3.0000000E-01   5.0365218E+06   2.5215766E+06   7.5551276E+06   1.4316844E-04   8.9446480E-05   1.2225924E-04
   3.5000000E-01   3.8001653E+06   1.9056576E+06   5.7037403E+06   7.6724686E-05   7.5836336E-05   7.0530299E-05
   4.0000000E-01   2.8968746E+06   1.4539839E+06   4.3496250E+06   1.1916515E-04   1.8298286E-04   1.2401345E-04
   4.5000000E-01   2.2452801E+06   1.1208894E+06   3.3651863E+06   2.2836607E-04   1.1856671E-04   1.8298824E-04
   5.0000000E-01   1.7491001E+06   8.8001861E+05   2.6286603E+06   3.9045048E-04   3.4449208E-04   3.5648551E-04
   5.5000000E-01   1.3814070E+06   6.9085399E+05   2.0717691E+06   7.7997469E-05   2.7229402E-04   1.2176795E-04
   6.0000000E-01   1.0886145E+06   5.4461230E+05   1.6329562E+06   3.1541315E-04   3.1274604E-04   2.5998207E-04
   6.5000000E-01   8.6121923E+05   4.2786725E+05   1.2889200E+06   4.2359717E-04   6.1673464E-04   8.2565208E-05
   7.0000000E-01   6.7918690E+05   3.3913645E+05   1.0182006E+06   4.1042179E-04   2.6440346E-04   3.4706573E-04
   7.5000000E-01   5.3226082E+05   2.6538981E+05   7.9753603E+05   1.3696173E-04   7.6580440E-04   3.0714949E-04
   8.0000000E-01   4.0994334E+05   2.0448625E+05   6.1440174E+05   3.3203494E-05   1.1200835E-03   3.5360720E-04
   8.5000000E-01   3.1028473E+05   1.5523411E+05   4.6549263E+05   1.4881477E-03   1.0180076E-03   1.2765315E-03
   9.0000000E-01   2.2209188E+05   1.1126699E+05   3.3333411E+05   7.9344202E-04   1.7419680E-03   1.0689722E-03
   9.5000000E-01   1.4085380E+05   7.0155499E+04   2.1099925E+05   1.8027943E-03   6.8790270E-04   1.4191846E-03
   1.0000000E+00   6.8855537E+04   3.4506364E+04   1.0336190E+05   5.9965959E-03   1.6294674E-03   4.5317231E-03
