   0.0000000E+00   3.2370302E+09   1.6585137E+09   4.6679213E+09   7.7587878E-05   4.4900745E-09   5.2153597E-05
   5.0000000E-02   4.7300849E+05   1.1242705E+05   5.8543554E+05   2.1705035E-01   2.0403128E-05   1.7537192E-01
   1.0000000E-01   1.6555297E+05   4.4690708E+04   2.1024368E+05   2.5228776E-01   8.4663858E-05   1.9867790E-01
   1.5000000E-01   7.5184795E+04   1.9247138E+04   9.4410712E+04   2.8129885E-01   4.0238015E-06   2.2400849E-01
   2.0000000E-01   3.6732961E+04   1.0042677E+04   4.6775638E+04   3.0406317E-01   2.9256014E-04   2.3884396E-01
   2.5000000E-01   1.7774424E+04   4.8637751E+03   2.2638199E+04   3.2161078E-01   2.9988897E-06   2.5251395E-01
   3.0000000E-01   8.2866674E+03   2.2175589E+03   1.0504226E+04   3.3883725E-01   5.7746676E-05   2.6729275E-01
   3.5000000E-01   3.5559762E+03   9.5492966E+02   4.5109058E+03   3.4871826E-01   8.9223252E-07   2.7489666E-01
   4.0000000E-01   1.7586621E+03   4.2971835E+02   2.1883805E+03   3.6423572E-01   2.3098713E-05   2.9271760E-01
   4.5000000E-01   6.3661977E+02   2.0513304E+02   8.4175281E+02   3.7117475E-01   2.9810515E-06   2.8072113E-01
   5.0000000E-01   3.1830989E+02   5.0929582E+01   3.6923947E+02   3.7957361E-01   3.8998376E-06   3.2721809E-01
   5.5000000E-01   7.5236882E+01   2.3149810E+01   9.8386692E+01   3.9251439E-01   1.9527255E-05   3.0016266E-01
   6.0000000E-01   5.3051648E+01   5.3051648E+00   5.8356812E+01   4.1202881E-01   2.5882675E-06   3.7457141E-01
   6.5000000E-01   1.4691226E+01   0.0000000E+00   1.4691226E+01   3.7292981E-01   0.0000000E+00   3.7292981E-01
   7.0000000E-01   4.5472841E+00   0.0000000E+00   4.5472841E+00   4.2793271E-01   0.0000000E+00   4.2793271E-01
   7.5000000E-01   0.0000000E+00   0.0000000E+00   0.0000000E+00   0.0000000E+00   0.0000000E+00   0.0000000E+00
   8.0000000E-01   0.0000000E+00   0.0000000E+00   0.0000000E+00   0.0000000E+00   0.0000000E+00   0.0000000E+00
   8.5000000E-01   0.0000000E+00   0.0000000E+00   0.0000000E+00   0.0000000E+00   0.0000000E+00   0.0000000E+00
   9.0000000E-01   0.0000000E+00   0.0000000E+00   0.0000000E+00   0.0000000E+00   0.0000000E+00   0.0000000E+00
   9.5000000E-01   0.0000000E+00   0.0000000E+00   0.0000000E+00   0.0000000E+00   0.0000000E+00   0.0000000E+00
   1.0000000E+00   0.0000000E+00   0.0000000E+00   0.0000000E+00   0.0000000E+00   0.0000000E+00   0.0000000E+00
