   0.0000000E+00   9.9573444E+07   5.0952500E+07   1.5049895E+08   2.5807117E-03   1.6676418E-03   2.2647903E-03
   5.0000000E-02   3.6318712E+07   1.8221140E+07   5.4512542E+07   5.5929864E-04   2.4117658E-04   4.5231640E-04
   1.0000000E-01   1.8145032E+07   9.0810946E+06   2.7213299E+07   2.3665073E-04   6.5932667E-05   1.7223183E-04
   1.5000000E-01   1.1659076E+07   5.8271930E+06   1.7478014E+07   2.0180235E-04   2.5261627E-04   2.1522656E-04
   2.0000000E-01   8.2913996E+06   4.1429464E+06   1.2429094E+07   4.8731981E-05   3.6185875E-05   2.7980942E-05
   2.5000000E-01   6.2372822E+06   3.1151461E+06   9.3484303E+06   2.1605905E-04   2.9509819E-04   2.2350426E-04
   3.0000000E-01   4.8540136E+06   2.4306037E+06   7.2816782E+06   2.7742971E-04   1.5625193E-04   1.7603687E-04
   3.5000000E-01   3.8620357E+06   1.9374522E+06   5.7972143E+06   3.9034969E-05   2.3402427E-04   8.5294185E-05
   4.0000000E-01   3.1351216E+06   1.5714720E+06   4.7049464E+06   1.7224977E-04   3.3899762E-04   2.2008005E-04
   4.5000000E-01   2.5678766E+06   1.2825837E+06   3.8491941E+06   5.8293614E-05   1.5105569E-04   7.4151972E-05
   5.0000000E-01   2.1207142E+06   1.0621874E+06   3.1819911E+06   4.7587594E-04   2.7531339E-04   4.0778438E-04
   5.5000000E-01   1.7661627E+06   8.8245918E+05   2.6479158E+06   1.7742129E-04   1.3111931E-04   1.3314282E-04
   6.0000000E-01   1.4699604E+06   7.3688739E+05   2.2062270E+06   4.9955877E-04   6.8046886E-04   5.3642087E-04
   6.5000000E-01   1.2259436E+06   6.1808434E+05   1.8435676E+06   4.0246264E-04   5.5855021E-04   4.0067050E-04
   7.0000000E-01   1.0188554E+06   5.1038717E+05   1.5289015E+06   7.6268632E-04   3.8309840E-04   5.3674709E-04
   7.5000000E-01   8.4137367E+05   4.1951970E+05   1.2606684E+06   1.0264999E-03   7.2955304E-04   8.2191621E-04
   8.0000000E-01   6.8657851E+05   3.4105313E+05   1.0274685E+06   5.6540215E-04   1.4683570E-03   8.4195595E-04
   8.5000000E-01   5.4049393E+05   2.7273914E+05   8.1312448E+05   1.3789318E-03   1.0796647E-03   1.2462606E-03
   9.0000000E-01   4.0894332E+05   2.0359808E+05   6.1248481E+05   2.3605692E-03   2.6248395E-03   2.4248633E-03
   9.5000000E-01   2.7467128E+05   1.3634720E+05   4.1097492E+05   3.0824524E-03   3.7193606E-03   3.2342717E-03
   1.0000000E+00   1.4349567E+05   7.1917600E+04   2.1540069E+05   8.1088754E-03   4.9471482E-03   6.8738404E-03
