   0.0000000E+00   3.2159174E+09   1.6544546E+09   4.6603654E+09   3.8734134E-05   7.8926587E-06   2.8415384E-05
   5.0000000E-02   3.2836848E+05   1.0045860E+05   4.2876342E+05   1.6991983E-01   5.1922806E-02   1.4228709E-01
   1.0000000E-01   1.5721325E+05   4.5359159E+04   2.0257241E+05   1.7208387E-01   5.4962916E-02   1.4585862E-01
   1.5000000E-01   1.0143475E+05   2.8138594E+04   1.2955212E+05   1.7544943E-01   5.5908848E-02   1.4947649E-01
   2.0000000E-01   7.3784232E+04   1.9942114E+04   9.3726346E+04   1.8226331E-01   5.6025756E-02   1.5540380E-01
   2.5000000E-01   5.6659160E+04   1.4654987E+04   7.1314147E+04   1.9070702E-01   4.6487056E-02   1.6106995E-01
   3.0000000E-01   4.5401600E+04   1.1766855E+04   5.7168456E+04   1.9524300E-01   4.7254335E-02   1.6478268E-01
   3.5000000E-01   3.6560164E+04   9.0490953E+03   4.5609259E+04   1.9836611E-01   5.3223041E-02   1.6956862E-01
   4.0000000E-01   2.9722186E+04   7.4564091E+03   3.7178595E+04   2.0464474E-01   5.3244735E-02   1.7428031E-01
   4.5000000E-01   2.5408202E+04   6.2954622E+03   3.1703665E+04   2.1588585E-01   4.2971241E-02   1.8154971E-01
   5.0000000E-01   2.1562312E+04   5.2266483E+03   2.6788960E+04   2.2264179E-01   4.7222461E-02   1.8841661E-01
   5.5000000E-01   1.7553343E+04   4.1727532E+03   2.1726097E+04   2.2666720E-01   4.5483136E-02   1.9186866E-01
   6.0000000E-01   1.4812020E+04   3.6393430E+03   1.8451363E+04   2.3497559E-01   4.6699852E-02   1.9784012E-01
   6.5000000E-01   1.2683425E+04   3.1194369E+03   1.5802862E+04   2.4151806E-01   4.6113898E-02   2.0294585E-01
   7.0000000E-01   1.1345474E+04   2.7420123E+03   1.4087486E+04   2.4847086E-01   3.8971949E-02   2.0769364E-01
   7.5000000E-01   9.4983670E+03   2.1220659E+03   1.1620433E+04   2.5627253E-01   4.2444600E-02   2.1722418E-01
   8.0000000E-01   7.5439443E+03   1.7228523E+03   9.2667966E+03   2.6617254E-01   3.9699963E-02   2.2406410E-01
   8.5000000E-01   6.3961563E+03   1.3855842E+03   7.7817405E+03   2.7617352E-01   4.7037516E-02   2.3537242E-01
   9.0000000E-01   4.5023165E+03   1.1706730E+03   5.6729895E+03   2.8249270E-01   3.4427338E-02   2.3130215E-01
   9.5000000E-01   2.9586066E+03   7.1033364E+02   3.6689403E+03   2.9495706E-01   4.1086894E-02   2.4580516E-01
   1.0000000E+00   1.3203966E+03   2.5150411E+02   1.5719007E+03   2.8381639E-01   3.1660052E-02   2.4347138E-01
