   0.0000000E+00   6.5780088E+08   3.3997431E+08   9.9258241E+08   1.8767990E-02   4.3618832E-06   1.2356747E-02
   5.0000000E-02   1.3999192E+08   8.1241723E+07   2.1917259E+08   6.5922768E-03   1.0953322E-05   4.1917666E-03
   1.0000000E-01   3.4766952E+07   2.2403700E+07   5.6920970E+07   4.2971589E-03   3.4050967E-05   2.6205074E-03
   1.5000000E-01   1.0993681E+07   7.6310975E+06   1.8584013E+07   3.2746632E-03   7.7636477E-05   1.9650356E-03
   2.0000000E-01   3.8855929E+06   2.7817897E+06   6.6598227E+06   2.9514442E-03   1.6237623E-04   1.7921327E-03
   2.5000000E-01   1.5575921E+06   1.0388489E+06   2.5951932E+06   2.3023585E-03   2.9592947E-04   1.4828046E-03
   3.0000000E-01   7.4926964E+05   3.9930914E+05   1.1482180E+06   1.6266116E-03   8.2843780E-04   1.3483961E-03
   3.5000000E-01   4.7587328E+05   1.5398923E+05   6.2970790E+05   4.2208773E-04   1.6564295E-03   6.8841751E-04
   4.0000000E-01   3.7325813E+05   6.0797188E+04   4.3396778E+05   4.2379548E-04   3.5405291E-03   8.4637661E-04
   4.5000000E-01   3.4430519E+05   2.4375464E+04   3.6863822E+05   2.4154621E-04   7.6513142E-03   6.2924660E-04
   5.0000000E-01   3.4019051E+05   9.8867051E+03   3.5003902E+05   1.1949547E-04   1.7546419E-02   5.8146071E-04
   5.5000000E-01   3.4288341E+05   3.9007430E+03   3.4671470E+05   2.6982436E-04   3.2132112E-02   1.3011813E-04
   6.0000000E-01   3.5536116E+05   1.7984509E+03   3.5713308E+05   2.2181222E-04   6.0790719E-02   8.8515878E-05
   6.5000000E-01   3.6953819E+05   8.4719400E+02   3.7034131E+05   1.3810848E-04   1.0537342E-01   1.0638218E-04
   7.0000000E-01   3.9196225E+05   5.0929582E+02   3.9240788E+05   1.4753455E-04   1.7017929E-01   7.5059001E-05
   7.5000000E-01   4.2065288E+05   2.3767138E+02   4.2080991E+05   1.1340107E-04   2.4884132E-01   2.7448450E-05
   8.0000000E-01   4.5133159E+05   1.1936621E+02   4.5131169E+05   8.7417319E-05   3.6413869E-01   1.0603250E-05
   8.5000000E-01   4.7569353E+05   1.0485502E+02   4.7570851E+05   8.7268667E-05   4.2264158E-01   7.5872332E-06
   9.0000000E-01   4.6238401E+05   6.0125201E+01   4.6233096E+05   9.7922970E-05   5.7921188E-01   2.6016088E-05
   9.5000000E-01   3.5793444E+05   3.3506304E+01   3.5786743E+05   1.0674358E-04   5.7057594E-01   5.3376057E-05
   1.0000000E+00   1.7238092E+05   2.5150411E+01   1.7239978E+05   1.6847699E-04   4.9088187E-01   9.8697019E-05
