   0.0000000E+00   1.7267420E+08   9.0057761E+07   2.6267339E+08   3.6711837E-05   3.0459115E-05   2.0095659E-05
   5.0000000E-02   5.9388922E+07   2.9738419E+07   8.9074438E+07   3.2543270E-05   1.5255275E-05   2.6749452E-05
   1.0000000E-01   2.7075025E+07   1.3523396E+07   4.0578813E+07   3.7140136E-05   4.8454182E-05   3.8054073E-05
   1.5000000E-01   1.5838315E+07   7.9151573E+06   2.3741864E+07   7.2996573E-05   2.4519637E-05   4.0503637E-05
   2.0000000E-01   1.0278115E+07   5.1396383E+06   1.5411005E+07   6.1948130E-05   9.2195783E-05   6.6893014E-05
   2.5000000E-01   7.0391176E+06   3.5112254E+06   1.0546625E+07   4.9473025E-05   1.2251732E-04   7.3020636E-05
   3.0000000E-01   4.9812526E+06   2.4897987E+06   7.4685685E+06   5.1120037E-05   5.3313086E-05   1.6500643E-05
   3.5000000E-01   3.6015854E+06   1.8062358E+06   5.4064570E+06   9.2508848E-05   8.8463978E-05   8.6090317E-05
   4.0000000E-01   2.6563437E+06   1.3257845E+06   3.9812768E+06   9.5080565E-05   1.5737592E-04   7.3457509E-05
   4.5000000E-01   1.9799299E+06   9.8797730E+05   2.9673413E+06   1.6649581E-04   1.7221781E-04   1.5856775E-04
   5.0000000E-01   1.4914537E+06   7.3980311E+05   2.2310022E+06   2.2986881E-04   4.1900636E-04   2.9186434E-04
   5.5000000E-01   1.1295371E+06   5.6432292E+05   1.6935880E+06   1.5460879E-04   2.6884470E-04   1.7949246E-04
   6.0000000E-01   8.5747378E+05   4.2719839E+05   1.2845289E+06   2.8529995E-04   3.2235696E-04   2.3470261E-04
   6.5000000E-01   6.5047360E+05   3.2448020E+05   9.7485586E+05   3.1679066E-04   2.5092629E-04   2.0854756E-04
   7.0000000E-01   4.9287558E+05   2.4772240E+05   7.4052976E+05   5.4166992E-04   4.6252821E-04   5.0922220E-04
   7.5000000E-01   3.7505817E+05   1.8571896E+05   5.6076440E+05   6.6353189E-04   2.7583156E-04   5.0942366E-04
   8.0000000E-01   2.7873203E+05   1.3852050E+05   4.1723264E+05   1.0085648E-03   2.8407359E-04   7.2446209E-04
   8.5000000E-01   2.0205188E+05   1.0026387E+05   3.0231201E+05   1.1819753E-03   2.2491648E-04   8.6154542E-04
   9.0000000E-01   1.4038881E+05   6.9907925E+04   2.1029319E+05   7.2851253E-04   5.1281518E-04   3.1889339E-04
   9.5000000E-01   8.3558020E+04   4.2372072E+04   1.2592674E+05   2.6716478E-03   2.8013889E-03   2.7249866E-03
   1.0000000E+00   3.9649623E+04   1.9302940E+04   5.8952563E+04   4.7587941E-03   7.2546047E-03   3.2085114E-03
