   0.0000000E+00   4.2384617E+07   2.0250009E+08   2.4484447E+08   7.4714458E-05   2.0295923E-05   1.0966859E-05
   5.0000000E-02   3.6162295E+07   5.4714859E+07   9.0828007E+07   3.6413750E-05   2.4837837E-05   2.9712838E-05
   1.0000000E-01   2.7787307E+07   1.9914421E+07   4.7676900E+07   3.1401734E-05   1.0262178E-04   5.8870684E-05
   1.5000000E-01   2.0564622E+07   9.4235217E+06   2.9972802E+07   3.7652611E-05   1.4379111E-04   7.0396692E-05
   2.0000000E-01   1.4815049E+07   4.9672258E+06   1.9773808E+07   3.0177306E-05   2.6594305E-04   8.9384484E-05
   2.5000000E-01   1.0351985E+07   2.7861282E+06   1.3133886E+07   1.1961495E-04   4.7190576E-04   1.9424118E-04
   3.0000000E-01   6.9906793E+06   1.5998679E+06   8.5878840E+06   1.6645241E-04   6.8890610E-04   2.6382619E-04
   3.5000000E-01   4.6440958E+06   9.4517119E+05   5.5881483E+06   2.6809093E-04   1.0561741E-03   3.9894916E-04
   4.0000000E-01   3.0009779E+06   5.6858103E+05   3.5689700E+06   3.8550798E-04   1.7198263E-03   5.9413519E-04
   4.5000000E-01   1.9220400E+06   3.4810369E+05   2.2698678E+06   5.8558816E-04   2.8216129E-03   9.2809189E-04
   5.0000000E-01   1.2272947E+06   2.1538120E+05   1.4425358E+06   8.6210493E-04   3.0578839E-03   1.1896537E-03
   5.5000000E-01   7.7708124E+05   1.3259632E+05   9.0960812E+05   1.3898324E-03   4.3177418E-03   1.8166675E-03
   6.0000000E-01   4.9756610E+05   8.3582871E+04   5.8111714E+05   2.0662538E-03   6.5376740E-03   2.7077996E-03
   6.5000000E-01   3.1715907E+05   5.2251792E+04   3.6940107E+05   3.0539790E-03   8.9158769E-03   3.8752022E-03
   7.0000000E-01   1.9915740E+05   3.3231552E+04   2.3237531E+05   4.2375826E-03   1.3200209E-02   5.5177739E-03
   7.5000000E-01   1.2748948E+05   2.1280077E+04   1.4876955E+05   5.7640583E-03   2.1077083E-02   7.9420649E-03
   8.0000000E-01   8.1153105E+04   1.2827888E+04   9.3977015E+04   7.4905643E-03   2.2872766E-02   9.5903457E-03
   8.5000000E-01   4.9734984E+04   8.0401332E+03   5.7775117E+04   1.1092922E-02   3.5519020E-02   1.4481258E-02
   9.0000000E-01   2.9447201E+04   4.6119566E+03   3.4059158E+04   1.1093547E-02   4.6415508E-02   1.5873302E-02
   9.5000000E-01   1.5007473E+04   2.6302448E+03   1.7637718E+04   1.5404531E-02   6.4921501E-02   2.2767297E-02
   1.0000000E+00   6.1429878E+03   9.9344123E+02   7.1364291E+03   2.2379299E-02   3.8805330E-02   2.4497722E-02
