   0.0000000E+00   8.7451185E+07   6.7687451E+07   1.5508261E+08   5.9426905E-05   6.1232546E-06   3.1025303E-05
   5.0000000E-02   4.5832740E+07   2.4676847E+07   7.0425044E+07   2.8271887E-05   2.0996607E-05   1.4694029E-05
   1.0000000E-01   2.4193270E+07   1.2016389E+07   3.6171430E+07   1.9224490E-05   3.1351470E-05   1.2506772E-05
   1.5000000E-01   1.5049225E+07   7.3600249E+06   2.2384973E+07   3.9537598E-05   4.3446367E-05   1.5755858E-05
   2.0000000E-01   1.0197471E+07   4.9860220E+06   1.5167928E+07   1.8401224E-05   2.5290424E-05   1.5569201E-05
   2.5000000E-01   7.2343179E+06   3.5202400E+06   1.0745620E+07   4.2143363E-05   5.1226178E-05   2.3126708E-05
   3.0000000E-01   5.2883156E+06   2.5727927E+06   7.8548588E+06   1.2056327E-04   2.8134160E-04   4.0790338E-05
   3.5000000E-01   3.9494345E+06   1.9303494E+06   5.8756731E+06   1.3893616E-04   1.2537976E-04   1.2475752E-04
   4.0000000E-01   2.9904657E+06   1.4538565E+06   4.4417121E+06   8.6029750E-05   3.2457271E-04   1.4132902E-04
   4.5000000E-01   2.3030428E+06   1.1184844E+06   3.4198790E+06   4.7505373E-05   1.4288341E-04   7.1073842E-05
   5.0000000E-01   1.7801289E+06   8.6452965E+05   2.6437673E+06   9.9242004E-05   9.1211636E-05   9.7196330E-05
   5.5000000E-01   1.3888497E+06   6.7191166E+05   2.0600553E+06   3.9015158E-04   2.9531900E-04   3.3922832E-04
   6.0000000E-01   1.0808106E+06   5.2935465E+05   1.6096453E+06   2.6702668E-04   2.9709880E-04   2.5643581E-04
   6.5000000E-01   8.4586200E+05   4.1153551E+05   1.2571037E+06   1.4415170E-04   5.3748242E-04   8.6442402E-05
   7.0000000E-01   6.5906062E+05   3.2108373E+05   9.7995791E+05   5.1245701E-04   5.9781398E-04   5.3837349E-04
   7.5000000E-01   5.1467738E+05   2.4978838E+05   7.6435116E+05   4.2496431E-04   1.9672668E-04   2.7060372E-04
   8.0000000E-01   3.9461672E+05   1.9194882E+05   5.8645811E+05   9.4281504E-04   1.0942569E-03   9.7021263E-04
   8.5000000E-01   2.9706551E+05   1.4417191E+05   4.4118125E+05   1.6793798E-03   1.7221383E-03   1.6701542E-03
   9.0000000E-01   2.1311554E+05   1.0465675E+05   3.1774047E+05   1.4637585E-03   2.7566425E-03   1.7653793E-03
   9.5000000E-01   1.3825706E+05   6.7605669E+04   2.0584598E+05   3.2389667E-03   3.9185489E-03   3.4305781E-03
   1.0000000E+00   7.6796779E+04   3.7826218E+04   1.1462300E+05   6.6150646E-03   9.4029115E-03   7.5350386E-03
