   0.0000000E+00   3.2365719E+09   1.6623533E+09   4.6795658E+09   1.9086214E-04   3.3043630E-09   1.2743344E-04
   5.0000000E-02   7.2510992E+05   1.8258255E+05   9.0762881E+05   2.6073742E-01   2.2864925E-05   2.0827016E-01
   1.0000000E-01   1.1685156E+05   3.0844228E+04   1.4769579E+05   3.1416816E-01   3.1628824E-05   2.4855187E-01
   1.5000000E-01   1.9586668E+04   4.9231929E+03   2.4509861E+04   3.0966729E-01   2.1143773E-06   2.4746530E-01
   2.0000000E-01   4.2971835E+03   5.8887329E+02   4.8860568E+03   1.6221049E-01   1.0652194E-05   1.4266197E-01
   2.5000000E-01   2.5719439E+03   2.5464791E+01   2.5974087E+03   2.9800199E-02   2.5018105E-06   2.9508016E-02
   3.0000000E-01   2.4191551E+03   0.0000000E+00   2.4191551E+03   3.1018242E-03   0.0000000E+00   3.1018242E-03
   3.5000000E-01   2.4100606E+03   0.0000000E+00   2.4100606E+03   3.5375713E-09   0.0000000E+00   3.5375713E-09
   4.0000000E-01   2.7931693E+03   0.0000000E+00   2.7931693E+03   1.8056958E-06   0.0000000E+00   1.8056958E-06
   4.5000000E-01   2.8011270E+03   0.0000000E+00   2.8011270E+03   9.5489867E-06   0.0000000E+00   9.5489867E-06
   5.0000000E-01   3.0748735E+03   0.0000000E+00   3.0748735E+03   5.2619989E-08   0.0000000E+00   5.2619989E-08
   5.5000000E-01   2.9573882E+03   0.0000000E+00   2.9573882E+03   4.1539410E-06   0.0000000E+00   4.1539410E-06
   6.0000000E-01   2.8594838E+03   0.0000000E+00   2.8594838E+03   4.9399007E-04   0.0000000E+00   4.9399007E-04
   6.5000000E-01   3.5405853E+03   0.0000000E+00   3.5405853E+03   3.6086941E-06   0.0000000E+00   3.6086941E-06
   7.0000000E-01   3.6423746E+03   0.0000000E+00   3.6423746E+03   9.6494767E-07   0.0000000E+00   9.6494767E-07
   7.5000000E-01   4.0276811E+03   0.0000000E+00   4.0276811E+03   4.7761618E-06   0.0000000E+00   4.7761618E-06
   8.0000000E-01   4.7627117E+03   0.0000000E+00   4.7627117E+03   2.8573825E-06   0.0000000E+00   2.8573825E-06
   8.5000000E-01   6.1377636E+03   0.0000000E+00   6.1377636E+03   3.1580906E-06   0.0000000E+00   3.1580906E-06
   9.0000000E-01   7.0877001E+03   0.0000000E+00   7.0877001E+03   1.6919837E-05   0.0000000E+00   1.6919837E-05
   9.5000000E-01   6.8721429E+03   0.0000000E+00   6.8721429E+03   2.1576939E-05   0.0000000E+00   2.1576939E-05
   1.0000000E+00   3.4204559E+03   0.0000000E+00   3.4204559E+03   8.8694517E-05   0.0000000E+00   8.8694517E-05
