   0.0000000E+00   3.2355721E+09   1.6590953E+09   4.6923150E+09   1.6878080E-05   3.0415864E-06   1.2435079E-05
   5.0000000E-02   1.4992396E+05   4.0361694E+04   1.9028565E+05   1.6870325E-01   4.4927077E-02   1.4244895E-01
   1.0000000E-01   6.8118316E+04   1.9321410E+04   8.7439726E+04   1.7887228E-01   3.5415434E-02   1.4717286E-01
   1.5000000E-01   4.5369769E+04   1.1692583E+04   5.7062352E+04   1.8434297E-01   2.2526142E-02   1.5118479E-01
   2.0000000E-01   3.1162538E+04   8.3397190E+03   3.9502257E+04   1.8475987E-01   3.7119465E-02   1.5359001E-01
   2.5000000E-01   2.4344340E+04   6.1752118E+03   3.0519552E+04   2.0064021E-01   2.5715725E-02   1.6524531E-01
   3.0000000E-01   1.9607889E+04   4.8913619E+03   2.4499251E+04   2.0315283E-01   3.1205133E-02   1.6882286E-01
   3.5000000E-01   1.6115575E+04   4.2653525E+03   2.0380927E+04   2.0740838E-01   2.4873795E-02   1.6920725E-01
   4.0000000E-01   1.3241691E+04   3.3104228E+03   1.6552114E+04   2.1429176E-01   3.0298162E-02   1.7749304E-01
   4.5000000E-01   1.1459156E+04   2.5606262E+03   1.4019782E+04   2.3107034E-01   3.3478572E-02   1.9498143E-01
   5.0000000E-01   9.0336346E+03   2.1836058E+03   1.1217240E+04   2.3077597E-01   2.0888486E-02   1.8991819E-01
   5.5000000E-01   7.6047126E+03   1.9156468E+03   9.5203593E+03   2.4024263E-01   1.3889515E-02   1.9469450E-01
   6.0000000E-01   6.9073245E+03   1.4960565E+03   8.4033810E+03   2.4754965E-01   2.5557623E-02   2.0802400E-01
   6.5000000E-01   5.5777686E+03   1.1606068E+03   6.7383754E+03   2.4973177E-01   1.5740909E-02   2.0941881E-01
   7.0000000E-01   4.6382298E+03   1.0595172E+03   5.6977470E+03   2.6109617E-01   2.2718430E-02   2.1676895E-01
   7.5000000E-01   4.0234370E+03   8.9126768E+02   4.9147046E+03   2.6889309E-01   1.6003565E-02   2.2303229E-01
   8.0000000E-01   3.1910566E+03   6.5651414E+02   3.8475707E+03   2.7614080E-01   1.2221678E-02   2.3110806E-01
   8.5000000E-01   2.4191551E+03   6.1415084E+02   3.0333060E+03   2.8617325E-01   2.2813738E-02   2.3285108E-01
   9.0000000E-01   1.8921754E+03   3.6075120E+02   2.2529266E+03   2.9382085E-01   7.1668729E-03   2.4781931E-01
   9.5000000E-01   1.2129282E+03   2.7475169E+02   1.4876799E+03   3.0174160E-01   1.5263559E-02   2.4883349E-01
   1.0000000E+00   6.2876027E+02   8.1738835E+01   7.1049910E+02   3.0656054E-01   6.4659669E-02   2.7873120E-01
