   0.0000000E+00   2.1421644E+08   1.1084110E+08   3.2495263E+08   4.5153654E-05   3.6617599E-05   4.1703140E-05
   5.0000000E-02   7.1079489E+07   3.5567883E+07   1.0656066E+08   2.0225827E-05   2.1907158E-05   1.8916514E-05
   1.0000000E-01   3.1105847E+07   1.5554563E+07   4.6627178E+07   2.5662030E-05   4.9104056E-05   3.1849381E-05
   1.5000000E-01   1.7454162E+07   8.7354843E+06   2.6172288E+07   1.5382151E-05   2.7311408E-05   1.8063812E-05
   2.0000000E-01   1.0831051E+07   5.4076871E+06   1.6229364E+07   4.0666935E-05   6.6523885E-05   4.6500860E-05
   2.5000000E-01   7.0743736E+06   3.5324631E+06   1.0602520E+07   6.6675914E-05   8.0167713E-05   6.6453787E-05
   3.0000000E-01   4.7722079E+06   2.3935418E+06   7.1632245E+06   1.0307763E-04   5.8591614E-05   7.4318461E-05
   3.5000000E-01   3.2830300E+06   1.6453529E+06   4.9269096E+06   1.5280271E-04   2.3961696E-04   1.7348626E-04
   4.0000000E-01   2.3050570E+06   1.1517964E+06   3.4559859E+06   1.9951974E-04   1.2885538E-04   1.7485854E-04
   4.5000000E-01   1.6254317E+06   8.1630217E+05   2.4412671E+06   2.2156374E-04   1.9518222E-04   1.9331037E-04
   5.0000000E-01   1.1583360E+06   5.8282540E+05   1.7409959E+06   1.8664371E-04   1.4889462E-04   1.6259026E-04
   5.5000000E-01   8.3335843E+05   4.1474621E+05   1.2479426E+06   3.3206937E-04   4.1194722E-04   3.3971324E-04
   6.0000000E-01   6.0123432E+05   3.0183204E+05   9.0299210E+05   4.1320881E-04   5.2246928E-04   3.1509049E-04
   6.5000000E-01   4.3169187E+05   2.1667599E+05   6.4830419E+05   5.9577678E-04   5.6888948E-04   5.8667786E-04
   7.0000000E-01   3.1328968E+05   1.5702227E+05   4.7029376E+05   4.3109562E-04   7.8544348E-04   5.4942201E-04
   7.5000000E-01   2.2515968E+05   1.1273687E+05   3.3787109E+05   6.5633490E-04   1.0780998E-03   7.5298765E-04
   8.0000000E-01   1.6035258E+05   8.0556274E+04   2.4089692E+05   9.0142747E-04   1.1025601E-03   9.4642531E-04
   8.5000000E-01   1.1029625E+05   5.6348339E+04   1.6664459E+05   8.0637613E-04   1.5694571E-03   6.6556483E-04
   9.0000000E-01   7.3207737E+04   3.5972554E+04   1.0917675E+05   1.7936874E-03   2.1432957E-03   1.6965972E-03
   9.5000000E-01   4.1688543E+04   2.0727000E+04   6.2412192E+04   1.1876030E-03   1.3482184E-03   1.0282440E-03
   1.0000000E+00   1.9013711E+04   9.9972883E+03   2.9010999E+04   2.7672596E-03   9.0397056E-03   4.7709697E-03
