   0.0000000E+00   9.9336621E+07   5.1967017E+07   1.5128225E+08   4.6329828E-04   2.6032045E-04   3.9015283E-04
   5.0000000E-02   3.6995248E+07   1.8569307E+07   5.5539409E+07   1.3623595E-04   2.2428797E-05   9.5105537E-05
   1.0000000E-01   1.8516691E+07   9.2452152E+06   2.7750797E+07   8.4027912E-05   1.2801001E-04   5.4745195E-05
   1.5000000E-01   1.1852078E+07   5.9251900E+06   1.7769055E+07   4.9471427E-05   1.6334644E-04   2.6929915E-05
   2.0000000E-01   8.3804945E+06   4.2031070E+06   1.2579320E+07   1.4194605E-04   2.8123976E-05   9.7110311E-05
   2.5000000E-01   6.2956475E+06   3.1448635E+06   9.4374170E+06   7.2419810E-05   2.1586157E-04   1.1784394E-04
   3.0000000E-01   4.8831707E+06   2.4361635E+06   7.3167984E+06   1.0972174E-04   3.2075309E-04   3.9660442E-05
   3.5000000E-01   3.8672287E+06   1.9345784E+06   5.8000336E+06   1.0710259E-04   1.6189161E-04   3.1883464E-05
   4.0000000E-01   3.1280710E+06   1.5668963E+06   4.6935588E+06   1.4826658E-04   3.9053520E-04   2.2534468E-04
   4.5000000E-01   2.5538002E+06   1.2768046E+06   3.8296358E+06   9.6990906E-05   3.7290650E-04   1.8831078E-04
   5.0000000E-01   2.1077462E+06   1.0489711E+06   3.1560871E+06   1.4756879E-04   2.5087587E-04   7.9755527E-05
   5.5000000E-01   1.7469483E+06   8.7193759E+05   2.6182666E+06   3.5702998E-04   1.8840321E-04   3.0373750E-04
   6.0000000E-01   1.4522570E+06   7.2532213E+05   2.1770433E+06   7.5468693E-05   5.7810850E-04   2.2530613E-04
   6.5000000E-01   1.2055816E+06   6.0259979E+05   1.8076769E+06   5.1251182E-04   1.0223173E-04   3.2440959E-04
   7.0000000E-01   9.9690109E+05   5.0049682E+05   1.4971569E+06   8.0277532E-06   1.8154454E-04   6.1985651E-05
   7.5000000E-01   8.2153235E+05   4.0961814E+05   1.2309595E+06   5.4227034E-04   7.7691515E-04   6.0639731E-04
   8.0000000E-01   6.6635389E+05   3.3206883E+05   9.9825163E+05   7.1234094E-04   6.1390046E-04   6.8455036E-04
   8.5000000E-01   5.2586666E+05   2.6243339E+05   7.8821766E+05   3.0638209E-04   7.8954364E-04   3.8058181E-04
   9.0000000E-01   3.9481390E+05   1.9712578E+05   5.9189723E+05   4.4545194E-04   6.7044790E-04   5.0258610E-04
   9.5000000E-01   2.6194558E+05   1.3009828E+05   3.9203046E+05   2.4695868E-03   2.3182699E-03   2.4017298E-03
   1.0000000E+00   1.3540981E+05   6.8440555E+04   2.0384408E+05   3.7115109E-03   4.0054541E-03   3.7804914E-03
