   0.0000000E+00   1.4850251E+08   1.4415924E+08   2.9234242E+08   2.0440699E-06   4.3571640E-06   3.1922674E-06
   5.0000000E-02   8.1696397E+07   4.5881060E+07   1.2711998E+08   4.6828632E-06   2.3269931E-06   3.1994113E-06
   1.0000000E-01   3.9859146E+07   1.8920753E+07   5.8624755E+07   4.2144204E-06   1.6515714E-06   3.2031206E-06
   1.5000000E-01   2.1538396E+07   9.8854106E+06   3.1343805E+07   1.2794699E-05   1.6392074E-05   1.3897707E-05
   2.0000000E-01   1.2351442E+07   5.6228486E+06   1.7940439E+07   2.2498543E-05   8.0953567E-06   1.7630759E-05
   2.5000000E-01   7.3678935E+06   3.3419610E+06   1.0695085E+07   1.7601785E-05   2.5556585E-05   1.6794986E-05
   3.0000000E-01   4.5012838E+06   2.0345944E+06   6.5291830E+06   4.3194931E-05   5.4203304E-05   4.3981114E-05
   3.5000000E-01   2.7847204E+06   1.2621533E+06   4.0438906E+06   4.4354766E-05   4.5461370E-05   4.0314548E-05
   4.0000000E-01   1.7440040E+06   7.9107964E+05   2.5335080E+06   9.3359418E-05   1.3227488E-04   1.0526716E-04
   4.5000000E-01   1.0968746E+06   4.9727078E+05   1.5935371E+06   1.2567106E-04   1.4220295E-04   1.2287931E-04
   5.0000000E-01   6.9898941E+05   3.1522228E+05   1.0138997E+06   1.1859424E-04   1.7116288E-04   1.1988346E-04
   5.5000000E-01   4.4355036E+05   1.9923884E+05   6.4265030E+05   1.3870486E-05   1.9184342E-04   6.8161912E-05
   6.0000000E-01   2.8553458E+05   1.2948316E+05   4.1492224E+05   4.3181680E-04   3.3230009E-04   3.7993888E-04
   6.5000000E-01   1.8376764E+05   8.2496128E+04   2.6623929E+05   5.9091758E-04   7.3366084E-04   6.3383799E-04
   7.0000000E-01   1.1727446E+05   5.2839441E+04   1.7009116E+05   8.1860635E-04   1.1889719E-03   8.8386796E-04
   7.5000000E-01   7.5515837E+04   3.4050670E+04   1.0955377E+05   1.3859026E-03   2.3343100E-03   1.6465047E-03
   8.0000000E-01   4.8311483E+04   2.1696798E+04   7.0008281E+04   1.0742748E-03   1.6953091E-03   1.2437075E-03
   8.5000000E-01   3.0625156E+04   1.3447656E+04   4.4072812E+04   2.4919134E-03   4.3088358E-03   2.8317427E-03
   9.0000000E-01   1.8267451E+04   8.1310492E+03   2.6398500E+04   2.6731364E-03   5.3299418E-04   1.6924405E-03
   9.5000000E-01   9.7637369E+03   4.4931953E+03   1.4256932E+04   4.9109027E-03   9.4669867E-03   5.6681762E-03
   1.0000000E+00   4.8603169E+03   2.2446742E+03   7.1049910E+03   1.1461491E-02   7.5901316E-03   9.6371495E-03
