   0.0000000E+00   2.1469314E+08   1.5010730E+08   3.6471234E+08   1.8820493E-05   1.0940163E-05   1.5512117E-05
   5.0000000E-02   8.8705199E+07   4.4509335E+07   1.3312420E+08   1.9923418E-05   2.9713776E-05   2.0685752E-05
   1.0000000E-01   3.7606881E+07   1.8291678E+07   5.5872425E+07   5.6808696E-05   4.8361608E-05   5.3974262E-05
   1.5000000E-01   1.9722523E+07   9.5773927E+06   2.9286080E+07   8.4318759E-05   8.7354223E-05   8.4426128E-05
   2.0000000E-01   1.1353047E+07   5.4752484E+06   1.6822009E+07   1.0697188E-04   9.0543345E-05   1.0103690E-04
   2.5000000E-01   6.8812486E+06   3.3225441E+06   1.0201068E+07   1.7281553E-04   1.7821586E-04   1.7330824E-04
   3.0000000E-01   4.2768010E+06   2.0745529E+06   6.3502610E+06   2.0499101E-04   2.8060054E-04   2.2918690E-04
   3.5000000E-01   2.7149469E+06   1.3133466E+06   4.0278478E+06   4.2100944E-04   4.7153597E-04   4.3737293E-04
   4.0000000E-01   1.7430968E+06   8.4473873E+05   2.5875570E+06   5.9047788E-04   6.2146543E-04   5.9883039E-04
   4.5000000E-01   1.1356236E+06   5.4340449E+05   1.6788866E+06   8.7918517E-04   8.6458218E-04   8.7453154E-04
   5.0000000E-01   7.4404936E+05   3.5825778E+05   1.1022435E+06   1.1871945E-03   1.0904431E-03   1.1514735E-03
   5.5000000E-01   4.8710673E+05   2.3670681E+05   7.2379617E+05   1.4316064E-03   1.6428319E-03   1.4907843E-03
   6.0000000E-01   3.2180068E+05   1.5670396E+05   4.7847812E+05   1.6806201E-03   2.3506837E-03   1.8888344E-03
   6.5000000E-01   2.1502078E+05   1.0389145E+05   3.1890733E+05   2.7406183E-03   3.1396032E-03   2.8691265E-03
   7.0000000E-01   1.4259828E+05   6.8836787E+04   2.1143507E+05   3.9980728E-03   3.2974025E-03   3.7692939E-03
   7.5000000E-01   9.4716290E+04   4.5798426E+04   1.4050623E+05   5.1509017E-03   5.5351402E-03   5.2712311E-03
   8.0000000E-01   6.1943104E+04   2.9499369E+04   9.1442473E+04   6.9644025E-03   5.9626812E-03   6.6362371E-03
   8.5000000E-01   4.0241859E+04   1.9503034E+04   5.9744893E+04   9.8657010E-03   8.3098636E-03   9.3547043E-03
   9.0000000E-01   2.4304728E+04   1.1915400E+04   3.6220128E+04   1.2839354E-02   1.3020020E-02   1.2791660E-02
   9.5000000E-01   1.3000446E+04   6.2254712E+03   1.9225917E+04   1.4342163E-02   1.6886512E-02   1.5133445E-02
   1.0000000E+00   5.2375730E+03   2.5339039E+03   7.7714769E+03   1.3207441E-02   2.4624627E-02   1.6112848E-02
