   0.0000000E+00   2.0441046E+08   1.0560554E+08   3.0991465E+08   7.2000541E-05   7.8641713E-05   7.4300206E-05
   5.0000000E-02   6.7902565E+07   3.3967166E+07   1.0177729E+08   2.4033183E-05   3.5300292E-05   2.8739407E-05
   1.0000000E-01   3.0044888E+07   1.4981605E+07   4.4995904E+07   1.0252535E-05   5.0166268E-05   1.9776426E-05
   1.5000000E-01   1.7053622E+07   8.5485940E+06   2.5584582E+07   4.1315762E-05   4.3073585E-05   4.2055641E-05
   2.0000000E-01   1.0714152E+07   5.3615003E+06   1.6066055E+07   3.6398217E-05   8.2862356E-05   4.7257509E-06
   2.5000000E-01   7.0830316E+06   3.5392367E+06   1.0617277E+07   5.7600829E-05   1.2326027E-04   5.9552545E-05
   3.0000000E-01   4.8372174E+06   2.4249908E+06   7.2594071E+06   5.9425802E-05   6.6517268E-05   1.8137629E-05
   3.5000000E-01   3.3834158E+06   1.6902710E+06   5.0721498E+06   7.2299922E-05   2.1275019E-04   8.3238227E-05
   4.0000000E-01   2.4010115E+06   1.1975375E+06   3.5975065E+06   1.2327510E-04   2.1926529E-04   5.7699830E-05
   4.5000000E-01   1.7217452E+06   8.6032089E+05   2.5814861E+06   1.9642171E-04   2.3346398E-04   1.9054904E-04
   5.0000000E-01   1.2487997E+06   6.2430118E+05   1.8728144E+06   1.2180919E-04   4.4100224E-04   2.2763280E-04
   5.5000000E-01   9.0721790E+05   4.5451758E+05   1.3615908E+06   4.0772366E-04   4.2852117E-04   4.0209534E-04
   6.0000000E-01   6.6218006E+05   3.2982209E+05   9.9187483E+05   2.7005177E-04   3.7939384E-04   2.8353622E-04
   6.5000000E-01   4.8864975E+05   2.4478030E+05   7.3340557E+05   1.7611540E-04   3.8100542E-04   1.1475557E-04
   7.0000000E-01   3.5570220E+05   1.7633913E+05   5.3200950E+05   8.3899388E-04   1.2036137E-04   5.7425028E-04
   7.5000000E-01   2.5780554E+05   1.3028211E+05   3.8808341E+05   5.5811406E-04   1.0534572E-03   7.1596236E-04
   8.0000000E-01   1.8794209E+05   9.3877543E+04   2.8180372E+05   8.0144469E-04   3.5627753E-04   5.3033392E-04
   8.5000000E-01   1.3136462E+05   6.6054919E+04   1.9741205E+05   1.2950957E-03   3.4153075E-04   7.4806013E-04
   9.0000000E-01   8.7570586E+04   4.4209706E+04   1.3177676E+05   1.6117338E-03   1.7401705E-03   1.6512998E-03
   9.5000000E-01   5.0822362E+04   2.5632322E+04   7.6454684E+04   2.0519126E-03   2.6132561E-03   2.0231185E-03
   1.0000000E+00   2.3150953E+04   1.1820693E+04   3.4971646E+04   2.9810838E-03   3.0415743E-03   2.9985544E-03
