   0.0000000E+00   3.2354086E+09   1.6609965E+09   4.6796942E+09   1.9542688E-04   2.4078491E-10   1.3049289E-04
   5.0000000E-02   9.3137473E+05   2.3306650E+05   1.1643776E+06   2.4126979E-01   3.0335203E-06   1.9299006E-01
   1.0000000E-01   2.3242988E+05   5.9301132E+04   2.9173101E+05   2.9047011E-01   4.4560081E-05   2.3143435E-01
   1.5000000E-01   6.5147423E+04   1.7867795E+04   8.3015218E+04   3.2605601E-01   7.9961513E-06   2.5587900E-01
   2.0000000E-01   1.7586621E+04   4.7905638E+03   2.2377185E+04   3.4855902E-01   6.1847121E-06   2.7393731E-01
   2.5000000E-01   4.1380285E+03   9.5492966E+02   5.0929582E+03   3.6364909E-01   2.5473219E-05   2.9546011E-01
   3.0000000E-01   7.7455406E+02   2.4403758E+02   1.0185916E+03   3.6230186E-01   1.4633735E-05   2.7550388E-01
   3.5000000E-01   1.4551309E+02   9.0945682E+00   1.5460766E+02   3.4393661E-01   2.0489625E-05   3.2370384E-01
   4.0000000E-01   3.1830989E+01   7.9577472E+00   3.9788736E+01   3.2195942E-01   1.3559935E-06   2.5756727E-01
   4.5000000E-01   7.0735530E+00   0.0000000E+00   7.0735530E+00   3.2083964E-01   0.0000000E+00   3.2083964E-01
   5.0000000E-01   0.0000000E+00   0.0000000E+00   0.0000000E+00   0.0000000E+00   0.0000000E+00   0.0000000E+00
   5.5000000E-01   0.0000000E+00   0.0000000E+00   0.0000000E+00   0.0000000E+00   0.0000000E+00   0.0000000E+00
   6.0000000E-01   0.0000000E+00   0.0000000E+00   0.0000000E+00   0.0000000E+00   0.0000000E+00   0.0000000E+00
   6.5000000E-01   0.0000000E+00   0.0000000E+00   0.0000000E+00   0.0000000E+00   0.0000000E+00   0.0000000E+00
   7.0000000E-01   0.0000000E+00   0.0000000E+00   0.0000000E+00   0.0000000E+00   0.0000000E+00   0.0000000E+00
   7.5000000E-01   0.0000000E+00   0.0000000E+00   0.0000000E+00   0.0000000E+00   0.0000000E+00   0.0000000E+00
   8.0000000E-01   0.0000000E+00   0.0000000E+00   0.0000000E+00   0.0000000E+00   0.0000000E+00   0.0000000E+00
   8.5000000E-01   0.0000000E+00   0.0000000E+00   0.0000000E+00   0.0000000E+00   0.0000000E+00   0.0000000E+00
   9.0000000E-01   0.0000000E+00   0.0000000E+00   0.0000000E+00   0.0000000E+00   0.0000000E+00   0.0000000E+00
   9.5000000E-01   0.0000000E+00   0.0000000E+00   0.0000000E+00   0.0000000E+00   0.0000000E+00   0.0000000E+00
   1.0000000E+00   0.0000000E+00   0.0000000E+00   0.0000000E+00   0.0000000E+00   0.0000000E+00   0.0000000E+00
