   0.0000000E+00   1.4809304E+08   7.8699446E+07   2.2670285E+08   7.0964295E-04   3.9931726E-04   6.0311777E-04
   5.0000000E-02   5.4480010E+07   2.7443851E+07   8.1835689E+07   2.0384396E-04   9.9547964E-05   1.7000515E-04
   1.0000000E-01   2.5692828E+07   1.2868409E+07   3.8527146E+07   8.1897006E-05   1.0374552E-04   8.1502753E-05
   1.5000000E-01   1.5383535E+07   7.6792472E+06   2.3039100E+07   1.1746953E-04   1.7603362E-04   1.2248566E-04
   2.0000000E-01   1.0145714E+07   5.0853506E+06   1.5217027E+07   1.0970807E-04   9.6847113E-05   1.0101974E-04
   2.5000000E-01   7.0453182E+06   3.5379635E+06   1.0575057E+07   1.5312982E-04   9.7187747E-05   1.3010495E-04
   3.0000000E-01   5.0910377E+06   2.5425533E+06   7.6284131E+06   1.7343445E-05   1.0970921E-04   3.5093807E-05
   3.5000000E-01   3.7403321E+06   1.8601120E+06   5.5971428E+06   5.7559979E-05   1.3219906E-04   5.6959947E-05
   4.0000000E-01   2.7888721E+06   1.3906004E+06   4.1772602E+06   1.3138454E-04   3.0900117E-04   1.7247324E-04
   4.5000000E-01   2.1014465E+06   1.0511371E+06   3.1512962E+06   1.3036450E-04   3.3835415E-04   1.1833794E-04
   5.0000000E-01   1.5989279E+06   8.0203905E+05   2.4002348E+06   2.8876474E-04   5.6297707E-04   3.4080191E-04
   5.5000000E-01   1.2275129E+06   6.1440174E+05   1.8412954E+06   1.0677917E-04   1.1171866E-04   7.9706115E-05
   6.0000000E-01   9.4577294E+05   4.7401647E+05   1.4193809E+06   5.2127307E-04   3.3417621E-04   3.3407273E-04
   6.5000000E-01   7.2884149E+05   3.6503778E+05   1.0935952E+06   2.6254623E-04   7.6090460E-04   4.2741186E-04
   7.0000000E-01   5.6400419E+05   2.7873487E+05   8.4255263E+05   4.4837041E-04   4.6219595E-04   4.5516665E-04
   7.5000000E-01   4.2853848E+05   2.1397639E+05   6.4244272E+05   5.5261086E-04   4.4719185E-04   4.3863999E-04
   8.0000000E-01   3.2556735E+05   1.6179294E+05   4.8729265E+05   1.1201780E-03   5.2068728E-04   5.8102040E-04
   8.5000000E-01   2.3905821E+05   1.1951226E+05   3.5852179E+05   1.4200879E-03   1.1291782E-03   1.3053659E-03
   9.0000000E-01   1.6883156E+05   8.2997534E+04   2.5181495E+05   1.8133042E-03   1.6624293E-03   1.7417888E-03
   9.5000000E-01   1.0489483E+05   5.2373703E+04   1.5726184E+05   2.9941419E-03   4.1033171E-03   3.3431395E-03
   1.0000000E+00   5.3400610E+04   2.6326192E+04   7.9720515E+04   9.3658324E-03   3.2411437E-03   7.3134953E-03
