   0.0000000E+00   3.2684212E+08   1.7527772E+08   5.0196450E+08   6.9168574E-06   1.5803445E-05   1.0019447E-05
   5.0000000E-02   1.0196306E+08   5.0777366E+07   1.5263481E+08   3.3702395E-05   1.6899966E-05   2.6133972E-05
   1.0000000E-01   3.9439295E+07   1.9634404E+07   5.9044288E+07   6.0156033E-05   3.6570399E-05   5.2123650E-05
   1.5000000E-01   1.9611836E+07   9.7071146E+06   2.9306091E+07   9.7567514E-05   1.0480611E-04   1.0009754E-04
   2.0000000E-01   1.0690851E+07   5.3208521E+06   1.6007152E+07   1.2667947E-04   1.6624810E-04   1.3947453E-04
   2.5000000E-01   6.1359069E+06   3.0484538E+06   9.1824508E+06   2.5581024E-04   1.8262646E-04   2.3143241E-04
   3.0000000E-01   3.6152151E+06   1.8036287E+06   5.4178040E+06   4.0506072E-04   3.1894025E-04   3.7621941E-04
   3.5000000E-01   2.1711281E+06   1.0752690E+06   3.2461242E+06   6.0254418E-04   6.4106763E-04   6.1524635E-04
   4.0000000E-01   1.3205881E+06   6.5922773E+05   1.9796488E+06   8.2681609E-04   8.2667987E-04   8.2576657E-04
   4.5000000E-01   8.1226317E+05   4.0126852E+05   1.2134751E+06   1.1682287E-03   1.1694074E-03   1.1685097E-03
   5.0000000E-01   5.0403734E+05   2.4959951E+05   7.5361139E+05   1.8208673E-03   1.6452831E-03   1.7627735E-03
   5.5000000E-01   3.1231409E+05   1.5400990E+05   4.6630662E+05   2.3646341E-03   2.6316255E-03   2.4496997E-03
   6.0000000E-01   1.9386133E+05   9.6240994E+04   2.9010233E+05   3.6191857E-03   3.4669426E-03   3.5680489E-03
   6.5000000E-01   1.2289210E+05   6.0336863E+04   1.8322896E+05   5.4713818E-03   5.6914024E-03   5.5430999E-03
   7.0000000E-01   7.6789986E+04   3.8470023E+04   1.1526001E+05   7.8990820E-03   7.0400517E-03   7.6049134E-03
   7.5000000E-01   4.8136943E+04   2.4484396E+04   7.2621339E+04   9.3707846E-03   9.1962283E-03   9.3082228E-03
   8.0000000E-01   2.9837573E+04   1.4777536E+04   4.4615109E+04   1.2382730E-02   1.5328549E-02   1.3340958E-02
   8.5000000E-01   1.8398311E+04   8.9089320E+03   2.7307243E+04   1.8143505E-02   1.4849870E-02   1.7059983E-02
   9.0000000E-01   1.0635087E+04   5.3511429E+03   1.5986230E+04   2.4668219E-02   2.4128179E-02   2.4458497E-02
   9.5000000E-01   5.3744111E+03   2.7374650E+03   8.1118762E+03   2.7531320E-02   3.1669329E-02   2.8921686E-02
   1.0000000E+00   1.9617320E+03   1.1066181E+03   3.0683501E+03   3.0460268E-02   4.3331520E-02   3.2035514E-02
