   0.0000000E+00   6.4198979E+08   6.8995730E+08   1.3182557E+09   3.9359134E-02   6.1059154E-08   1.8949165E-02
   5.0000000E-02   6.0822971E+07   2.3793728E+07   8.4246823E+07   1.4602355E-01   1.5041424E-06   1.0493924E-01
   1.0000000E-01   2.6756652E+07   1.0269696E+07   3.6890747E+07   1.3447897E-01   3.2043010E-06   9.7218957E-02
   1.5000000E-01   1.5069172E+07   5.6987231E+06   2.0698037E+07   1.2622001E-01   5.4309937E-06   9.1647865E-02
   2.0000000E-01   9.3885023E+06   3.5126928E+06   1.2862998E+07   1.2000525E-01   7.6018845E-06   8.7416843E-02
   2.5000000E-01   6.1693804E+06   2.2606368E+06   8.4107531E+06   1.1568892E-01   1.0880791E-05   8.4676062E-02
   3.0000000E-01   4.1605861E+06   1.5017118E+06   5.6519528E+06   1.1091011E-01   5.6687364E-06   8.1517386E-02
   3.5000000E-01   2.8714280E+06   1.0082420E+06   3.8743224E+06   1.0740432E-01   1.4339287E-05   7.9516443E-02
   4.0000000E-01   2.0090128E+06   6.9223647E+05   2.6980026E+06   1.0396807E-01   6.6416285E-06   7.7360146E-02
   4.5000000E-01   1.4147177E+06   4.7382195E+05   1.8869481E+06   1.0105074E-01   1.4414028E-05   7.5714261E-02
   5.0000000E-01   1.0025615E+06   3.2868042E+05   1.3304080E+06   9.9000426E-02   1.5497037E-05   7.4557775E-02
   5.5000000E-01   7.1753993E+05   2.2871433E+05   9.4564658E+05   9.7375749E-02   2.2743491E-05   7.3864908E-02
   6.0000000E-01   5.1354525E+05   1.6015762E+05   6.7331560E+05   9.2986488E-02   3.6607669E-05   7.0898213E-02
   6.5000000E-01   3.6657546E+05   1.1288738E+05   4.7926695E+05   9.3365856E-02   5.9929532E-05   7.1400938E-02
   7.0000000E-01   2.6476562E+05   7.9131838E+04   3.4382924E+05   9.3888951E-02   2.7185538E-05   7.2287664E-02
   7.5000000E-01   1.8823149E+05   5.4851160E+04   2.4304870E+05   9.5339543E-02   5.8116370E-05   7.3816565E-02
   8.0000000E-01   1.3254424E+05   3.8061905E+04   1.7056635E+05   9.2791435E-02   1.8490701E-04   7.2139293E-02
   8.5000000E-01   9.2459660E+04   2.6307376E+04   1.1875206E+05   1.0127050E-01   5.4009737E-05   7.8876566E-02
   9.0000000E-01   6.0570835E+04   1.6958843E+04   7.7522604E+04   1.0688177E-01   9.3838401E-05   8.3522471E-02
   9.5000000E-01   3.5798135E+04   9.5962054E+03   4.5394340E+04   1.2243365E-01   1.5778935E-05   9.6548089E-02
   1.0000000E+00   1.7146293E+04   4.0806541E+03   2.1226947E+04   1.4535799E-01   4.6454773E-06   1.1741536E-01
