   0.0000000E+00   1.4129547E+08   8.6969900E+07   2.2816198E+08   1.3817600E-05   9.3985991E-06   1.0818181E-05
   5.0000000E-02   6.0460544E+07   3.0652987E+07   9.0984170E+07   1.7543011E-05   3.8191698E-05   1.7341791E-05
   1.0000000E-01   2.8676538E+07   1.4207316E+07   4.2833975E+07   1.8364856E-05   2.2439334E-05   1.6437344E-05
   1.5000000E-01   1.6846657E+07   8.3222756E+06   2.5140242E+07   2.4104380E-05   4.2679460E-05   1.6242313E-05
   2.0000000E-01   1.0853906E+07   5.3539245E+06   1.6191437E+07   1.5573049E-05   4.0173588E-05   1.4652850E-05
   2.5000000E-01   7.3254564E+06   3.6139122E+06   1.0930036E+07   4.7549990E-05   8.7980284E-05   1.4820403E-05
   3.0000000E-01   5.1085129E+06   2.5175872E+06   7.6208268E+06   4.9969702E-05   1.1692360E-04   7.1895761E-05
   3.5000000E-01   3.6304425E+06   1.8023979E+06   5.4292662E+06   5.1680535E-05   9.2508988E-05   5.6323638E-05
   4.0000000E-01   2.6238761E+06   1.2935875E+06   3.9157846E+06   1.5404562E-04   1.1276930E-04   1.3806083E-04
   4.5000000E-01   1.9128090E+06   9.4575526E+05   2.8573830E+06   1.2523480E-04   8.7316467E-05   1.0145493E-04
   5.0000000E-01   1.4108576E+06   6.9532248E+05   2.1057218E+06   2.5555249E-05   4.4688127E-05   1.3059881E-05
   5.5000000E-01   1.0430552E+06   5.1437141E+05   1.5569289E+06   1.7065903E-04   9.8442895E-05   9.5042823E-05
   6.0000000E-01   7.8155157E+05   3.8334060E+05   1.1646640E+06   2.4546283E-04   3.3394531E-04   2.7475814E-04
   6.5000000E-01   5.7900568E+05   2.8470616E+05   8.6353065E+05   2.3381096E-04   1.5568039E-04   1.9712477E-04
   7.0000000E-01   4.3224664E+05   2.1429076E+05   6.4641008E+05   1.6313405E-04   4.0486279E-04   2.2753855E-04
   7.5000000E-01   3.2013486E+05   1.5715596E+05   4.7724413E+05   5.4252507E-04   8.7945200E-04   5.9551147E-04
   8.0000000E-01   2.3386227E+05   1.1631043E+05   3.5016077E+05   9.5001551E-04   1.4305500E-03   3.1253347E-04
   8.5000000E-01   1.6839716E+05   8.3385956E+04   2.5177563E+05   1.1557972E-03   6.1531049E-04   8.5554861E-04
   9.0000000E-01   1.1477901E+05   5.5912900E+04   1.7068483E+05   2.4975692E-03   1.2629838E-03   2.0889389E-03
   9.5000000E-01   6.9961162E+04   3.4290351E+04   1.0425151E+05   2.1318185E-03   2.3152951E-03   1.9880972E-03
   1.0000000E+00   3.5028235E+04   1.7768765E+04   5.2797000E+04   4.6178245E-03   8.5449907E-03   5.7760046E-03
