   0.0000000E+00   2.7055322E+07   1.2648871E+07   3.9702155E+07   7.5338987E-02   7.1969649E-04   5.1419725E-02
   5.0000000E-02   1.2916633E+07   6.1804321E+06   1.9090317E+07   4.3143181E-02   1.7644371E-03   2.9749353E-02
   1.0000000E-01   8.2225173E+06   4.0406575E+06   1.2258305E+07   1.9777484E-02   1.4982948E-03   1.3761206E-02
   1.5000000E-01   6.3301650E+06   3.1535385E+06   9.4785257E+06   1.0716532E-02   1.9977074E-03   7.8190841E-03
   2.0000000E-01   5.2280330E+06   2.6226347E+06   7.8458931E+06   7.5081513E-03   2.1883326E-03   5.7247976E-03
   2.5000000E-01   4.4937971E+06   2.2526918E+06   6.7419689E+06   5.4688399E-03   2.2175344E-03   4.3760960E-03
   3.0000000E-01   3.9485068E+06   1.9841316E+06   5.9290097E+06   4.6759955E-03   2.0334447E-03   3.7729896E-03
   3.5000000E-01   3.5074566E+06   1.7597626E+06   5.2636723E+06   3.9606605E-03   2.3149972E-03   3.4044021E-03
   4.0000000E-01   3.1559550E+06   1.5847774E+06   4.7373185E+06   3.6248414E-03   2.3304632E-03   3.1888870E-03
   4.5000000E-01   2.8443676E+06   1.4354715E+06   4.2767904E+06   3.6181954E-03   2.0453183E-03   3.0835607E-03
   5.0000000E-01   2.5881841E+06   1.3002450E+06   3.8859462E+06   3.7101038E-03   1.7263763E-03   3.0473231E-03
   5.5000000E-01   2.3408741E+06   1.1824691E+06   3.5206636E+06   3.7781888E-03   2.5394685E-03   3.3670915E-03
   6.0000000E-01   2.1196468E+06   1.0703647E+06   3.1876772E+06   4.2552959E-03   3.6163821E-03   4.0311240E-03
   6.5000000E-01   1.9285808E+06   9.7355813E+05   2.9002095E+06   5.0752030E-03   3.9561524E-03   4.6900586E-03
   7.0000000E-01   1.7380265E+06   8.7231005E+05   2.6084677E+06   5.3093192E-03   4.1936712E-03   4.9306830E-03
   7.5000000E-01   1.5502031E+06   7.8026666E+05   2.3289970E+06   6.0660844E-03   4.4016747E-03   5.5053157E-03
   8.0000000E-01   1.3725323E+06   6.9109851E+05   2.0624412E+06   7.2787185E-03   5.2715948E-03   6.6009259E-03
   8.5000000E-01   1.1861425E+06   5.9702577E+05   1.7820860E+06   8.6237284E-03   6.6759676E-03   7.9705872E-03
   9.0000000E-01   9.9382713E+05   5.0070145E+05   1.4938212E+06   1.0562281E-02   8.8574027E-03   9.9906126E-03
   9.5000000E-01   7.7561732E+05   3.9026802E+05   1.1653392E+06   1.5105889E-02   1.3882908E-02   1.4690237E-02
   1.0000000E+00   4.9843084E+05   2.5140979E+05   7.4974003E+05   2.3155136E-02   2.0980767E-02   2.2414096E-02
