   0.0000000E+00   3.2422709E+09   1.6615089E+09   4.7020232E+09   8.6797188E-06   7.0371390E-07   5.9465691E-06
   5.0000000E-02   6.9391555E+04   1.7570706E+04   8.6962261E+04   1.7650933E-01   2.1965315E-02   1.4528374E-01
   1.0000000E-01   3.3422538E+04   8.6580289E+03   4.2080567E+04   1.9068455E-01   3.1728020E-02   1.5797943E-01
   1.5000000E-01   2.1347983E+04   5.8144606E+03   2.7162444E+04   1.9596283E-01   1.8978413E-02   1.5807710E-01
   2.0000000E-01   1.5438029E+04   4.3926764E+03   1.9830706E+04   2.0591784E-01   2.4491786E-02   1.6573037E-01
   2.5000000E-01   1.1293635E+04   2.8775214E+03   1.4171156E+04   2.1105648E-01   3.1187058E-02   1.7453313E-01
   3.0000000E-01   8.5413153E+03   2.4828171E+03   1.1024132E+04   2.1594368E-01   1.7802714E-02   1.7131905E-01
   3.5000000E-01   6.8482098E+03   2.1372235E+03   8.9854334E+03   2.3290779E-01   1.9755157E-02   1.8220853E-01
   4.0000000E-01   6.4378174E+03   1.7507044E+03   8.1885218E+03   2.3834363E-01   2.7017574E-02   1.9316216E-01
   4.5000000E-01   5.2697970E+03   1.4359313E+03   6.7057283E+03   2.5045304E-01   3.2696912E-02   2.0382382E-01
   5.0000000E-01   4.3162821E+03   1.2032114E+03   5.5194934E+03   2.5827341E-01   2.4301416E-02   2.0726913E-01
   5.5000000E-01   3.7213319E+03   9.4335475E+02   4.6646867E+03   2.7332460E-01   3.5034021E-02   2.2513432E-01
   6.0000000E-01   2.9974181E+03   8.0638504E+02   3.8038031E+03   2.8399096E-01   2.0311925E-02   2.2809248E-01
   6.5000000E-01   2.7668475E+03   7.5414958E+02   3.5209970E+03   2.9732665E-01   1.6741095E-02   2.3722905E-01
   7.0000000E-01   2.2145274E+03   7.0028175E+02   2.9148091E+03   3.1348169E-01   1.9441560E-02   2.4283867E-01
   7.5000000E-01   1.7782912E+03   6.0691085E+02   2.3852021E+03   3.2836179E-01   3.6224980E-02   2.5402804E-01
   8.0000000E-01   1.5636973E+03   4.7746483E+02   2.0411621E+03   3.4333604E-01   2.7174780E-02   2.6938019E-01
   8.5000000E-01   1.1309363E+03   4.1193044E+02   1.5428667E+03   3.6852468E-01   3.9040201E-02   2.8055552E-01
   9.0000000E-01   9.4078255E+02   2.5818469E+02   1.1989672E+03   3.7233104E-01   5.5526990E-02   3.0411070E-01
   9.5000000E-01   6.5337292E+02   1.4407711E+02   7.9745003E+02   3.9539332E-01   3.7593126E-02   3.3074875E-01
   1.0000000E+00   3.3953055E+02   5.0300822E+01   3.8983137E+02   4.0590551E-01   2.3998729E-06   3.5353092E-01
