   0.0000000E+00   3.5380271E+07   7.6313395E+07   1.1164528E+08   1.1664417E-03   1.7747938E-05   3.8000816E-04
   5.0000000E-02   2.5426021E+07   2.3675698E+07   4.9020486E+07   4.1021022E-04   1.3961462E-05   2.1123061E-04
   1.0000000E-01   1.7943447E+07   1.1488249E+07   2.9379621E+07   2.0007718E-04   3.8614255E-05   1.3039499E-04
   1.5000000E-01   1.3243750E+07   7.0675405E+06   2.0268255E+07   1.4262291E-04   5.8981394E-05   1.1221916E-04
   2.0000000E-01   9.9284514E+06   4.7718472E+06   1.4670330E+07   1.1184940E-04   1.8598147E-05   8.1133511E-05
   2.5000000E-01   7.5650546E+06   3.4165601E+06   1.0962516E+07   1.2442482E-04   1.3119011E-04   1.2557025E-04
   3.0000000E-01   5.8287951E+06   2.5337361E+06   8.3493320E+06   1.7238391E-04   1.8619147E-04   1.6129161E-04
   3.5000000E-01   4.5188090E+06   1.9164984E+06   6.4262492E+06   2.0725521E-04   1.4836876E-04   1.8705330E-04
   4.0000000E-01   3.5457971E+06   1.4734963E+06   5.0129032E+06   3.3872615E-04   1.4424358E-04   2.7758101E-04
   4.5000000E-01   2.7782299E+06   1.1418554E+06   3.9154450E+06   2.2272767E-04   4.9324002E-04   3.0013106E-04
   5.0000000E-01   2.2035893E+06   8.9604233E+05   3.0968623E+06   6.5592760E-04   3.1155376E-04   5.6107416E-04
   5.5000000E-01   1.7414792E+06   7.0228421E+05   2.4416278E+06   7.8067159E-04   9.1442268E-04   8.2237919E-04
   6.0000000E-01   1.3798362E+06   5.5570540E+05   1.9340350E+06   9.8317904E-04   1.1707173E-03   1.0357259E-03
   6.5000000E-01   1.0981593E+06   4.3788177E+05   1.5350715E+06   1.2652387E-03   1.3389574E-03   1.2884109E-03
   7.0000000E-01   8.6916333E+05   3.4574820E+05   1.2143568E+06   1.7319678E-03   2.1392966E-03   1.8395942E-03
   7.5000000E-01   6.8884381E+05   2.7302076E+05   9.6136376E+05   2.2172552E-03   2.4904355E-03   2.2663596E-03
   8.0000000E-01   5.3689726E+05   2.1193868E+05   7.4853355E+05   3.4466422E-03   3.7903018E-03   3.5310675E-03
   8.5000000E-01   4.1195665E+05   1.6125204E+05   5.7297277E+05   4.8409496E-03   4.0865653E-03   4.6072892E-03
   9.0000000E-01   3.0472159E+05   1.1990733E+05   4.2452282E+05   6.5997703E-03   5.7330567E-03   6.3458910E-03
   9.5000000E-01   2.0736716E+05   8.2271378E+04   2.8959498E+05   1.0968446E-02   9.9667573E-03   1.0676551E-02
   1.0000000E+00   1.2076598E+05   4.8062435E+04   1.6881584E+05   1.8679166E-02   1.5140965E-02   1.7657769E-02
