   0.0000000E+00   1.0896791E+08   1.0027220E+08   2.0905982E+08   5.1496625E-05   1.9037277E-05   3.5225106E-05
   5.0000000E-02   6.0744349E+07   3.5258295E+07   9.5724886E+07   2.6360262E-06   1.6490650E-05   7.3951905E-06
   1.0000000E-01   3.2180620E+07   1.5774515E+07   4.7838061E+07   1.7183874E-05   2.0536502E-05   5.0696483E-06
   1.5000000E-01   1.9029244E+07   9.0182496E+06   2.7973540E+07   3.4710800E-06   1.8206620E-05   3.4378682E-06
   2.0000000E-01   1.1997370E+07   5.6060101E+06   1.7566600E+07   5.6186693E-06   4.1342770E-05   9.2598948E-06
   2.5000000E-01   7.8495855E+06   3.6534463E+06   1.1482520E+07   5.8978653E-06   1.8025762E-05   3.7254276E-06
   3.0000000E-01   5.2642619E+06   2.4516334E+06   7.7059534E+06   1.9445818E-05   1.1183006E-05   1.6380598E-05
   3.5000000E-01   3.5958467E+06   1.6682803E+06   5.2586430E+06   2.0876504E-05   2.2051526E-05   9.8061351E-06
   4.0000000E-01   2.4817030E+06   1.1516690E+06   3.6303243E+06   1.5660183E-04   5.3826836E-05   9.1196967E-05
   4.5000000E-01   1.7245959E+06   8.0407199E+05   2.5267297E+06   1.1628878E-04   7.1560822E-05   6.8607601E-05
   5.0000000E-01   1.2126970E+06   5.6327481E+05   1.7752906E+06   1.1255415E-04   3.5946567E-04   1.9096463E-04
   5.5000000E-01   8.5456366E+05   3.9652731E+05   1.2505469E+06   2.9836818E-04   2.9389186E-04   2.7277083E-04
   6.0000000E-01   6.0825836E+05   2.8094031E+05   8.8891749E+05   1.4525739E-04   3.7178986E-04   1.4419009E-04
   6.5000000E-01   4.3227462E+05   2.0102983E+05   6.3316733E+05   3.0744912E-04   1.8234741E-04   2.1215589E-04
   7.0000000E-01   3.0753737E+05   1.4143418E+05   4.4888970E+05   6.6419683E-04   6.8844258E-04   6.1387696E-04
   7.5000000E-01   2.1713403E+05   1.0103156E+05   3.1811466E+05   1.2590732E-03   1.6193143E-04   8.8695509E-04
   8.0000000E-01   1.5407790E+05   7.1870393E+04   2.2591248E+05   7.2477376E-04   6.4480952E-04   4.4240502E-04
   8.5000000E-01   1.0557777E+05   4.8690178E+04   1.5424923E+05   2.0026573E-03   1.8448729E-03   1.8386682E-03
   9.0000000E-01   6.9642666E+04   3.2566638E+04   1.0220577E+05   2.0625322E-03   3.3718970E-03   2.4216667E-03
   9.5000000E-01   4.1507609E+04   1.9517422E+04   6.1025031E+04   4.7290014E-03   3.9776435E-03   4.2408669E-03
   1.0000000E+00   2.3075502E+04   1.0626049E+04   3.3701550E+04   8.4920483E-03   1.1279946E-02   9.3348125E-03
