   0.0000000E+00   1.9092991E+07   5.0351531E+08   5.2251867E+08   2.8197719E-03   1.9521736E-05   9.8200030E-05
   5.0000000E-02   9.0018672E+06   9.0620978E+07   9.9591588E+07   6.1085945E-04   1.3469131E-04   1.4151145E-04
   1.0000000E-01   4.3309880E+06   1.8379436E+07   2.2706508E+07   7.0351189E-04   5.3967826E-04   4.5720134E-04
   1.5000000E-01   2.5527180E+06   4.6213715E+06   7.1733679E+06   5.1030770E-04   1.7488385E-03   1.2672836E-03
   2.0000000E-01   1.9236899E+06   1.2572922E+06   3.1808070E+06   3.4749147E-05   5.5304827E-03   2.1656678E-03
   2.5000000E-01   1.7155757E+06   3.6005941E+05   2.0755460E+06   1.5863301E-04   1.5488257E-02   2.6743066E-03
   3.0000000E-01   1.6625962E+06   1.1233156E+05   1.7748429E+06   8.5187615E-05   4.0134350E-02   2.4650513E-03
   3.5000000E-01   1.6737916E+06   4.0634531E+04   1.7143443E+06   1.1135278E-04   9.3810910E-02   2.1316415E-03
   4.0000000E-01   1.7114249E+06   1.7156903E+04   1.7284625E+06   1.6612081E-04   1.6835839E-01   1.5092249E-03
   4.5000000E-01   1.7776971E+06   9.4148991E+03   1.7870341E+06   3.0443116E-04   2.6335449E-01   1.0846498E-03
   5.0000000E-01   1.8582231E+06   6.6463104E+03   1.8647548E+06   2.7719581E-04   3.3072554E-01   9.0555289E-04
   5.5000000E-01   1.9627103E+06   4.5489376E+03   1.9670567E+06   2.5695698E-04   3.8998099E-01   6.5330205E-04
   6.0000000E-01   2.1058056E+06   3.4536623E+03   2.1090576E+06   2.1477078E-04   4.1881711E-01   4.7339523E-04
   6.5000000E-01   2.3191862E+06   2.6591118E+03   2.3215760E+06   2.7420333E-04   4.4719014E-01   2.3814094E-04
   7.0000000E-01   2.5805337E+06   2.0872034E+03   2.5823299E+06   2.4358888E-04   4.8317103E-01   1.4886554E-04
   7.5000000E-01   2.8730099E+06   1.6764321E+03   2.8740369E+06   1.7233090E-04   5.1475173E-01   1.3355795E-04
   8.0000000E-01   3.0441486E+06   1.1419367E+03   3.0447176E+06   1.7726028E-04   5.3812472E-01   2.4795013E-05
   8.5000000E-01   2.8255320E+06   8.6130910E+02   2.8258204E+06   1.3559769E-04   5.8389800E-01   4.5591948E-05
   9.0000000E-01   2.0318675E+06   6.7906109E+02   2.0322672E+06   1.3046947E-04   6.2699578E-01   7.9911772E-05
   9.5000000E-01   9.4588966E+05   4.2553006E+02   9.4627163E+05   6.0700851E-05   6.7908545E-01   2.5018838E-04
   1.0000000E+00   2.4265116E+05   2.1377849E+02   2.4285865E+05   2.1710085E-04   6.9606419E-01   8.2011820E-04
