   0.0000000E+00   3.1963034E+09   1.6501663E+09   4.6260577E+09   1.0793568E-04   7.5888580E-10   7.2218172E-05
   5.0000000E-02   7.6852739E+05   1.8831213E+05   9.5677586E+05   1.8894679E-01   3.8100108E-06   1.5177166E-01
   1.0000000E-01   3.5606144E+05   8.6516627E+04   4.4257807E+05   1.9836619E-01   2.8057773E-06   1.5958836E-01
   1.5000000E-01   2.1944284E+05   5.3518502E+04   2.7296134E+05   2.1223851E-01   5.0275988E-08   1.7062570E-01
   2.0000000E-01   1.5159508E+05   3.7496905E+04   1.8909199E+05   2.2288357E-01   6.9056254E-06   1.7868443E-01
   2.5000000E-01   1.1065725E+05   2.7756622E+04   1.3841387E+05   2.3194262E-01   3.8715903E-05   1.8543811E-01
   3.0000000E-01   8.4139913E+04   2.1347983E+04   1.0546668E+05   2.4237553E-01   7.4287520E-06   1.9337199E-01
   3.5000000E-01   6.6117511E+04   1.7279680E+04   8.3397190E+04   2.5488697E-01   1.8908718E-05   2.0207114E-01
   4.0000000E-01   5.2226695E+04   1.3345142E+04   6.5571837E+04   2.6542713E-01   7.1184073E-06   2.1140611E-01
   4.5000000E-01   4.2236185E+04   1.1664289E+04   5.3900474E+04   2.7372235E-01   3.2632299E-06   2.1448839E-01
   5.0000000E-01   3.3989130E+04   8.5816345E+03   4.2570764E+04   2.8616591E-01   2.5961927E-05   2.2847387E-01
   5.5000000E-01   2.7426737E+04   7.3327023E+03   3.4759440E+04   2.9736434E-01   9.6557081E-06   2.3463160E-01
   6.0000000E-01   2.1905025E+04   5.6446953E+03   2.7544415E+04   3.0772541E-01   9.1011739E-06   2.4472044E-01
   6.5000000E-01   1.7492353E+04   4.4808238E+03   2.1973176E+04   3.1759111E-01   5.3125776E-05   2.5281632E-01
   7.0000000E-01   1.3719156E+04   3.6833001E+03   1.7402456E+04   3.2976603E-01   4.6983713E-06   2.5996873E-01
   7.5000000E-01   1.1064452E+04   3.1788547E+03   1.4243306E+04   3.4376035E-01   9.4720494E-06   2.6703699E-01
   8.0000000E-01   8.8768670E+03   2.3117255E+03   1.1188592E+04   3.5436492E-01   2.4229066E-05   2.8115299E-01
   8.5000000E-01   6.7032317E+03   1.7975147E+03   8.5007464E+03   3.7157696E-01   3.3851902E-06   2.9300490E-01
   9.0000000E-01   4.4846326E+03   1.4394680E+03   5.9241007E+03   3.8760900E-01   7.9101981E-06   2.9342772E-01
   9.5000000E-01   2.8882434E+03   7.7734625E+02   3.6655896E+03   4.0192996E-01   7.1344575E-06   3.1669587E-01
   1.0000000E+00   1.1946445E+03   2.9551733E+02   1.4901618E+03   4.1360808E-01   1.6172332E-05   3.3158775E-01
