   0.0000000E+00   3.3892618E+07   5.2146799E+07   8.6022610E+07   8.5999650E-04   4.0385323E-05   3.2815325E-04
   5.0000000E-02   2.4926274E+07   1.9779267E+07   4.4662824E+07   1.5633005E-04   8.2041848E-05   1.0595249E-04
   1.0000000E-01   1.7223175E+07   9.7852279E+06   2.6983256E+07   7.6933105E-05   4.8145750E-05   6.8550178E-05
   1.5000000E-01   1.2384589E+07   6.2409534E+06   1.8604300E+07   1.1359793E-04   1.3759433E-04   1.1882007E-04
   2.0000000E-01   9.1660992E+06   4.3875994E+06   1.3539040E+07   6.5562852E-05   1.3739527E-04   8.4890789E-05
   2.5000000E-01   6.9699170E+06   3.2634021E+06   1.0223413E+07   5.2185068E-05   1.1237679E-04   2.2198913E-05
   3.0000000E-01   5.4336346E+06   2.4923346E+06   7.9184677E+06   8.0372351E-05   1.0745297E-04   5.3055185E-05
   3.5000000E-01   4.2831415E+06   1.9524583E+06   6.2305159E+06   6.2500108E-05   1.4941711E-04   8.5518131E-05
   4.0000000E-01   3.4282611E+06   1.5548563E+06   4.9789953E+06   1.1977808E-04   1.9369692E-04   1.4053482E-04
   4.5000000E-01   2.7575964E+06   1.2529880E+06   4.0077832E+06   2.2754884E-04   2.1049303E-04   2.2259906E-04
   5.0000000E-01   2.2420984E+06   1.0124865E+06   3.2527769E+06   4.0624733E-04   4.3821320E-04   4.0845214E-04
   5.5000000E-01   1.8322901E+06   8.2762307E+05   2.6584431E+06   5.1043416E-04   4.9913837E-04   5.0258641E-04
   6.0000000E-01   1.5022847E+06   6.7538992E+05   2.1764385E+06   6.9525538E-04   3.5836471E-04   5.9079862E-04
   6.5000000E-01   1.2331325E+06   5.5607758E+05   1.7884021E+06   6.4641189E-04   4.1249871E-04   5.6937832E-04
   7.0000000E-01   1.0039721E+06   4.5484664E+05   1.4581958E+06   1.0167233E-03   1.2538303E-03   1.0897230E-03
   7.5000000E-01   8.2387087E+05   3.6709618E+05   1.1905172E+06   8.4541723E-04   7.3579334E-04   8.1289390E-04
   8.0000000E-01   6.6093865E+05   2.9853886E+05   9.5910748E+05   1.8685900E-03   1.4662683E-03   1.7109655E-03
   8.5000000E-01   5.2416651E+05   2.3451949E+05   7.5849501E+05   3.1906709E-03   3.0634658E-03   3.1387353E-03
   9.0000000E-01   3.9859825E+05   1.7962227E+05   5.7813564E+05   4.2839744E-03   4.4665701E-03   4.3162032E-03
   9.5000000E-01   2.8200916E+05   1.2659352E+05   4.0855241E+05   6.0258226E-03   5.3134350E-03   5.8043901E-03
   1.0000000E+00   1.7216714E+05   7.8349817E+04   2.5049809E+05   1.1152225E-02   1.0013741E-02   1.0792102E-02
