   0.0000000E+00   6.0426930E+07   3.1231547E+07   9.1647782E+07   7.5915271E-03   4.7512866E-03   6.6258171E-03
   5.0000000E-02   2.3807288E+07   1.1944006E+07   3.5739197E+07   1.8179062E-03   1.2401381E-03   1.6271068E-03
   1.0000000E-01   1.2874966E+07   6.4226659E+06   1.9292508E+07   1.0691701E-03   7.5431982E-04   9.5997157E-04
   1.5000000E-01   8.8465108E+06   4.4270539E+06   1.3268196E+07   7.5164881E-04   7.4691790E-04   7.4135021E-04
   2.0000000E-01   6.6922266E+06   3.3510232E+06   1.0039016E+07   3.9398281E-04   5.6238148E-04   3.6294659E-04
   2.5000000E-01   5.3550545E+06   2.6718805E+06   8.0238410E+06   3.4162074E-04   2.7509400E-04   2.4397589E-04
   3.0000000E-01   4.4094089E+06   2.2043278E+06   6.6110735E+06   4.3377469E-04   4.5384662E-04   3.5825855E-04
   3.5000000E-01   3.7246349E+06   1.8641864E+06   5.5865568E+06   6.8736653E-04   2.4602477E-04   3.9132565E-04
   4.0000000E-01   3.2003433E+06   1.6067487E+06   4.8052299E+06   3.3901892E-04   4.6069341E-04   2.7637227E-04
   4.5000000E-01   2.7684826E+06   1.3827169E+06   4.1495726E+06   5.1692253E-04   2.7471140E-04   3.9703803E-04
   5.0000000E-01   2.4109045E+06   1.2104497E+06   3.6203230E+06   8.6411564E-04   1.1292417E-03   9.2741324E-04
   5.5000000E-01   2.1052090E+06   1.0504979E+06   3.1545609E+06   6.0602084E-04   3.7335627E-04   5.2539024E-04
   6.0000000E-01   1.8487703E+06   9.2717834E+05   2.7750256E+06   5.4969732E-04   8.4326919E-04   6.4877910E-04
   6.5000000E-01   1.6188457E+06   8.0946694E+05   2.4274704E+06   7.3636720E-04   9.8195929E-04   8.1583598E-04
   7.0000000E-01   1.4100673E+06   7.0688441E+05   2.1163015E+06   1.4896432E-03   5.3033465E-04   1.1303614E-03
   7.5000000E-01   1.2207269E+06   6.1132475E+05   1.8316272E+06   1.0892498E-03   1.1925026E-03   1.1198148E-03
   8.0000000E-01   1.0353308E+06   5.1894459E+05   1.5538178E+06   1.3306131E-03   1.0980756E-03   1.2050941E-03
   8.5000000E-01   8.5677412E+05   4.3138479E+05   1.2878818E+06   2.2873830E-03   1.8765346E-03   2.0976113E-03
   9.0000000E-01   6.8084009E+05   3.3919809E+05   1.0198401E+06   2.8343771E-03   3.1944350E-03   2.9548214E-03
   9.5000000E-01   4.7777644E+05   2.3996210E+05   7.1762796E+05   4.0565818E-03   4.4615950E-03   4.1916485E-03
   1.0000000E+00   2.6661322E+05   1.3344808E+05   4.0003615E+05   9.9825302E-03   9.2375170E-03   9.6652796E-03
