   0.0000000E+00   1.2413067E+07   3.6930568E+07   4.9338542E+07   2.6030129E-02   1.6537047E-04   6.4775339E-03
   5.0000000E-02   9.3926881E+06   1.3427712E+07   2.2803529E+07   1.0656237E-02   1.8613053E-04   4.4939731E-03
   1.0000000E-01   7.7262404E+06   7.1651874E+06   1.4879714E+07   5.1257893E-03   2.5010956E-04   2.7688573E-03
   1.5000000E-01   6.6312013E+06   4.8292915E+06   1.1448312E+07   3.0267336E-03   3.6952409E-04   1.9058365E-03
   2.0000000E-01   5.7939561E+06   3.5990821E+06   9.3824704E+06   2.2590224E-03   1.7540569E-04   1.4621723E-03
   2.5000000E-01   5.0956574E+06   2.8217789E+06   7.9076961E+06   2.0079738E-03   4.0634594E-04   1.4397577E-03
   3.0000000E-01   4.4877980E+06   2.2840114E+06   6.7641700E+06   1.9283023E-03   3.1250570E-04   1.3814511E-03
   3.5000000E-01   3.9789281E+06   1.8947260E+06   5.8663603E+06   2.4219316E-03   5.2172495E-04   1.8066939E-03
   4.0000000E-01   3.5239451E+06   1.5955761E+06   5.1136324E+06   2.3000884E-03   6.9461562E-04   1.7934891E-03
   4.5000000E-01   3.1110194E+06   1.3548188E+06   4.4607382E+06   2.5602540E-03   1.0128086E-03   2.0894871E-03
   5.0000000E-01   2.7617202E+06   1.1548983E+06   3.9132508E+06   2.9740714E-03   8.6265526E-04   2.3414793E-03
   5.5000000E-01   2.4427853E+06   1.0034285E+06   3.4423246E+06   3.0645050E-03   1.6360378E-03   2.6543811E-03
   6.0000000E-01   2.1577113E+06   8.5552148E+05   3.0101876E+06   3.8587550E-03   2.2626564E-03   3.4127100E-03
   6.5000000E-01   1.8950408E+06   7.4769033E+05   2.6403022E+06   4.3668424E-03   2.6098830E-03   3.8715999E-03
   7.0000000E-01   1.6533243E+06   6.4026669E+05   2.2915038E+06   5.5699218E-03   3.1928184E-03   4.9052434E-03
   7.5000000E-01   1.4337696E+06   5.4627069E+05   1.9784487E+06   6.4941545E-03   3.4432389E-03   5.6400515E-03
   8.0000000E-01   1.2281947E+06   4.6433057E+05   1.6912322E+06   7.9355645E-03   4.8012445E-03   7.0861735E-03
   8.5000000E-01   1.0368739E+06   3.8712099E+05   1.4229725E+06   1.0008133E-02   6.2222618E-03   8.9777886E-03
   9.0000000E-01   8.4291995E+05   3.1319571E+05   1.1555781E+06   1.2489022E-02   8.1624036E-03   1.1319846E-02
   9.5000000E-01   6.2902054E+05   2.2930374E+05   8.5791216E+05   1.7405737E-02   1.1337035E-02   1.5798587E-02
   1.0000000E+00   3.8448062E+05   1.3857248E+05   5.2297764E+05   2.5977687E-02   1.8690981E-02   2.4046683E-02
