   0.0000000E+00   8.9035604E+07   2.9089347E+08   3.7984759E+08   3.7851209E-05   1.1721802E-05   1.3737693E-05
   5.0000000E-02   6.8374873E+07   6.9029319E+07   1.3730125E+08   1.5313414E-05   6.1473774E-05   3.7016810E-05
   1.0000000E-01   4.4586939E+07   2.1408664E+07   6.5955973E+07   3.1603265E-05   1.2713051E-04   5.9709669E-05
   1.5000000E-01   2.7249979E+07   8.6464424E+06   3.5877981E+07   9.3783601E-05   3.1551930E-04   1.4638220E-04
   2.0000000E-01   1.5700333E+07   3.8984208E+06   1.9590716E+07   1.7157651E-04   5.0638180E-04   2.3849015E-04
   2.5000000E-01   8.5767580E+06   1.8544989E+06   1.0428647E+07   3.1500366E-04   1.3148301E-03   4.9259707E-04
   3.0000000E-01   4.5542505E+06   9.1137426E+05   5.4646486E+06   5.7488368E-04   2.0912233E-03   8.2824755E-04
   3.5000000E-01   2.3819220E+06   4.5320052E+05   2.8348406E+06   1.1087528E-03   3.5513287E-03   1.4990001E-03
   4.0000000E-01   1.2529871E+06   2.3351213E+05   1.4864196E+06   1.9387340E-03   6.3352180E-03   2.6286390E-03
   4.5000000E-01   6.5577495E+05   1.2136802E+05   7.7712176E+05   3.3245157E-03   1.0037894E-02   4.3729161E-03
   5.0000000E-01   3.4414392E+05   6.4088512E+04   4.0822606E+05   5.9506573E-03   1.7701549E-02   7.7949659E-03
   5.5000000E-01   1.8324811E+05   3.3428326E+04   2.1667643E+05   9.5736577E-03   2.9705362E-02   1.2679460E-02
   6.0000000E-01   9.8792778E+04   1.8133053E+04   1.1692583E+05   1.5046031E-02   4.3688394E-02   1.9487885E-02
   6.5000000E-01   5.2956971E+04   9.8039445E+03   6.2760915E+04   2.5448055E-02   6.8812616E-02   3.2222063E-02
   7.0000000E-01   2.8788856E+04   5.6977470E+03   3.4486603E+04   3.9540042E-02   1.0457691E-01   5.0284228E-02
   7.5000000E-01   1.5041203E+04   3.3910613E+03   1.8432264E+04   6.6875435E-02   1.6623465E-01   8.5153213E-02
   8.0000000E-01   8.6421134E+03   1.9695424E+03   1.0611656E+04   9.1549770E-02   2.2701123E-01   1.1668846E-01
   8.5000000E-01   4.8570344E+03   1.2545154E+03   6.1115498E+03   1.4017239E-01   2.9050509E-01   1.7100609E-01
   9.0000000E-01   2.6738030E+03   7.2857596E+02   3.4023790E+03   2.2074612E-01   3.6822862E-01   2.5232712E-01
   9.5000000E-01   1.2966940E+03   4.2553006E+02   1.7222240E+03   2.5649076E-01   4.6953612E-01   3.0911553E-01
   1.0000000E+00   4.4641979E+02   1.6976527E+02   6.1618506E+02   3.5260444E-01   4.1198378E-01   3.6883544E-01
