   0.0000000E+00   5.0581733E+07   5.8907293E+08   6.3873742E+08   5.5330488E-02   1.0596316E-06   4.3629541E-03
   5.0000000E-02   1.2276321E+07   7.1886977E+07   8.3976832E+07   5.1897213E-02   4.4733792E-06   7.5424052E-03
   1.0000000E-01   5.2169080E+06   1.8438005E+07   2.3621299E+07   3.1814005E-02   1.0461449E-05   7.0211801E-03
   1.5000000E-01   2.9906487E+06   5.6428279E+06   8.6236090E+06   1.8531048E-02   2.8261863E-05   6.4382858E-03
   2.0000000E-01   2.1581569E+06   1.8302500E+06   3.9857332E+06   9.9795876E-03   4.2783842E-05   5.4200922E-03
   2.5000000E-01   1.8601648E+06   6.0757718E+05   2.4664560E+06   4.6316733E-03   8.7982142E-05   3.5044488E-03
   3.0000000E-01   1.7616436E+06   2.0850359E+05   1.9691498E+06   1.9072307E-03   8.0322296E-05   1.7164914E-03
   3.5000000E-01   1.7704396E+06   7.2674694E+04   1.8420502E+06   6.8691683E-04   4.2475780E-04   6.7866075E-04
   4.0000000E-01   1.8198413E+06   2.5393171E+04   1.8440726E+06   2.5957395E-04   1.0263987E-03   2.6963415E-04
   4.5000000E-01   1.9012508E+06   8.8914562E+03   1.9088549E+06   9.2305022E-05   7.2999088E-04   9.5309076E-05
   5.0000000E-01   2.0211277E+06   3.1449017E+03   2.0229548E+06   4.7608845E-05   1.7894150E-03   4.9738018E-05
   5.5000000E-01   2.1878654E+06   1.1864278E+03   2.1867889E+06   9.1654671E-06   5.2218998E-03   1.2280206E-05
   6.0000000E-01   2.4037012E+06   4.9868549E+02   2.4015632E+06   7.9558004E-06   1.9292983E-02   9.0589120E-06
   6.5000000E-01   2.6634017E+06   1.3711810E+02   2.6606054E+06   2.8060321E-06   1.6894586E-02   3.3810355E-06
   7.0000000E-01   2.8916180E+06   4.0925557E+01   2.8873617E+06   3.5686057E-06   1.0884566E-01   2.1794941E-06
   7.5000000E-01   2.9786803E+06   4.6685450E+01   2.9736085E+06   3.9638569E-06   2.7548024E-01   3.6626834E-07
   8.0000000E-01   2.7418060E+06   3.5809862E+01   2.7373019E+06   4.4343034E-06   9.6544751E-02   3.3333016E-06
   8.5000000E-01   2.1439107E+06   7.4896444E+00   2.1408437E+06   2.2463085E-06   2.9439190E-01   1.7342332E-06
   9.0000000E-01   1.3757813E+06   0.0000000E+00   1.3747663E+06   6.4506434E-07   0.0000000E+00   6.4281917E-07
   9.5000000E-01   6.7353367E+05   6.7012608E+00   6.7322876E+05   1.3969505E-06   7.6967203E-01   6.3576949E-06
   1.0000000E+00   2.2804506E+05   0.0000000E+00   2.2800734E+05   1.0249831E-05   0.0000000E+00   1.0251162E-05
