   0.0000000E+00   1.7388459E+09   1.5814954E+09   3.2294988E+09   4.6906889E-02   1.3902493E-06   2.4574461E-02
   5.0000000E-02   2.5725232E+07   1.1076993E+07   3.6714181E+07   1.6068674E-01   4.8388779E-05   1.1232466E-01
   1.0000000E-01   7.4449499E+05   6.1815780E+04   8.0621528E+05   4.9684269E-02   2.1805421E-03   4.6029779E-02
   1.5000000E-01   4.9374107E+05   5.5173714E+02   4.9420793E+05   8.2064660E-04   8.4535687E-02   9.1268236E-04
   2.0000000E-01   4.8981525E+05   1.1140846E+02   4.8989483E+05   5.4087439E-05   1.6785927E-01   9.2160882E-05
   2.5000000E-01   5.0276410E+05   7.6394373E+01   5.0271317E+05   5.0572281E-06   2.5339388E-01   4.2542747E-05
   3.0000000E-01   5.0694032E+05   6.3661977E+01   5.0694032E+05   2.5280960E-07   2.5392219E-01   3.1862178E-05
   3.5000000E-01   5.1767192E+05   4.5472841E+01   5.1762644E+05   8.5739251E-06   3.3991581E-01   2.9316268E-05
   4.0000000E-01   5.2202026E+05   1.5915494E+01   5.2196455E+05   2.7473767E-06   3.4642087E-01   1.2631688E-05
   4.5000000E-01   5.4098534E+05   7.0735530E+00   5.4082264E+05   5.7464842E-06   4.9902627E-01   8.5750435E-07
   5.0000000E-01   5.5531706E+05   1.9098593E+01   5.5515154E+05   7.2467974E-06   3.0308583E-01   3.3370176E-06
   5.5000000E-01   5.7579943E+05   5.7874525E+00   5.7564317E+05   8.7109213E-06   5.7625657E-01   2.9203076E-06
   6.0000000E-01   6.0148897E+05   5.3051648E+00   6.0133512E+05   1.7795098E-05   3.2566303E-01   1.5119470E-05
   6.5000000E-01   6.3280495E+05   0.0000000E+00   6.3258458E+05   9.0174512E-06   0.0000000E+00   9.0205500E-06
   7.0000000E-01   6.7757261E+05   9.0945682E+00   6.7730432E+05   7.5201302E-06   6.9448250E-01   2.7861363E-06
   7.5000000E-01   7.3325865E+05   0.0000000E+00   7.3288093E+05   1.2376175E-05   0.0000000E+00   1.2377487E-05
   8.0000000E-01   8.1247405E+05   0.0000000E+00   8.1204035E+05   1.1059844E-05   0.0000000E+00   1.1065265E-05
   8.5000000E-01   9.5164919E+05   0.0000000E+00   9.5096764E+05   9.6231936E-06   0.0000000E+00   9.6295478E-06
   9.0000000E-01   1.2302076E+06   0.0000000E+00   1.2292597E+06   8.6490189E-06   0.0000000E+00   8.6573486E-06
   9.5000000E-01   1.9488070E+06   0.0000000E+00   1.9456474E+06   5.7230343E-06   0.0000000E+00   5.7352308E-06
   1.0000000E+00   1.6842476E+06   0.0000000E+00   1.6830341E+06   1.9955977E-06   0.0000000E+00   1.9608031E-06
