   0.0000000E+00   1.5984046E+08   1.5615825E+08   3.1564474E+08   3.1750394E-06   1.0467331E-06   1.1412355E-06
   5.0000000E-02   8.6921263E+07   4.8593951E+07   1.3500789E+08   4.1755043E-06   6.0526295E-06   3.3360239E-06
   1.0000000E-01   4.1700537E+07   1.9516375E+07   6.1024048E+07   8.8574602E-06   1.0269080E-05   9.2632598E-06
   1.5000000E-01   2.1970215E+07   9.9561178E+06   3.1849366E+07   1.5849074E-05   1.4170990E-05   1.4917730E-05
   2.0000000E-01   1.2307484E+07   5.5419343E+06   1.7816807E+07   1.9644789E-05   3.4682121E-05   2.4172044E-05
   2.5000000E-01   7.1894617E+06   3.2136693E+06   1.0389227E+07   3.5126628E-05   6.0714560E-05   4.3294930E-05
   3.0000000E-01   4.2490656E+06   1.9038114E+06   6.1464896E+06   2.9909199E-05   6.6145637E-05   4.0550058E-05
   3.5000000E-01   2.5642408E+06   1.1476436E+06   3.7091469E+06   9.9084532E-05   8.3771624E-05   9.1729051E-05
   4.0000000E-01   1.5501373E+06   6.9798196E+05   2.2470848E+06   8.1910231E-05   6.6960276E-05   7.7178744E-05
   4.5000000E-01   9.5674049E+05   4.3017105E+05   1.3864871E+06   1.9869629E-04   1.0982015E-04   1.6436222E-04
   5.0000000E-01   5.8658782E+05   2.6439456E+05   8.5084869E+05   2.1215796E-04   3.5740098E-04   2.5655317E-04
   5.5000000E-01   3.6500884E+05   1.6309041E+05   5.2800665E+05   2.3389075E-04   3.0733107E-04   2.3395802E-04
   6.0000000E-01   2.2790457E+05   1.0278226E+05   3.3063909E+05   4.1884457E-04   8.0629825E-05   3.1349006E-04
   6.5000000E-01   1.4237267E+05   6.3182064E+04   2.0552045E+05   2.0656697E-04   8.3016430E-04   3.8730240E-04
   7.0000000E-01   8.9658800E+04   4.0461734E+04   1.3011144E+05   3.5374909E-04   8.6536870E-04   4.6910772E-04
   7.5000000E-01   5.5517488E+04   2.5261073E+04   8.0778561E+04   1.1209316E-03   1.8404170E-03   8.8501491E-04
   8.0000000E-01   3.5308524E+04   1.5712572E+04   5.1021096E+04   2.1772173E-03   2.6986851E-03   2.2754055E-03
   8.5000000E-01   2.1970872E+04   9.7178136E+03   3.1688685E+04   2.9055098E-03   3.8519204E-03   3.1507469E-03
   9.0000000E-01   1.2866793E+04   5.4183416E+03   1.8285135E+04   2.5496846E-03   3.5047626E-03   2.6142434E-03
   9.5000000E-01   6.6375988E+03   3.0792293E+03   9.7168281E+03   2.2393484E-03   1.1068503E-02   4.8480341E-03
   1.0000000E+00   2.8105584E+03   1.4712990E+03   4.2818574E+03   1.0696777E-02   7.2215170E-03   8.8060321E-03
