   0.0000000E+00   2.7164443E+09   1.5155136E+09   4.0835532E+09   9.2091460E-04   4.9609619E-05   6.1280705E-04
   5.0000000E-02   5.9220281E+06   1.5998891E+06   7.5187342E+06   1.7455914E-01   1.9114266E-02   1.4146835E-01
   1.0000000E-01   2.8613194E+06   7.7272908E+05   3.6324569E+06   1.7880012E-01   1.8462648E-02   1.4471162E-01
   1.5000000E-01   1.8421442E+06   4.9161901E+05   2.3325748E+06   1.8461745E-01   1.8209798E-02   1.4956318E-01
   2.0000000E-01   1.3315062E+06   3.5470862E+05   1.6853872E+06   1.9015832E-01   1.7767219E-02   1.5389779E-01
   2.5000000E-01   1.0288412E+06   2.7154380E+05   1.2998248E+06   1.9623947E-01   1.8321865E-02   1.5909477E-01
   3.0000000E-01   8.1294223E+05   2.1925185E+05   1.0318758E+06   2.0300994E-01   1.8122067E-02   1.6377491E-01
   3.5000000E-01   6.6513124E+05   1.7724404E+05   8.4210245E+05   2.0886106E-01   1.7640292E-02   1.6862760E-01
   4.0000000E-01   5.5641364E+05   1.4830058E+05   7.0449140E+05   2.1761037E-01   1.7862337E-02   1.7556908E-01
   4.5000000E-01   4.6469707E+05   1.2418330E+05   5.8873889E+05   2.2420623E-01   1.8144505E-02   1.8078616E-01
   5.0000000E-01   3.9648043E+05   1.0435471E+05   5.0063779E+05   2.3395447E-01   1.7479899E-02   1.8885918E-01
   5.5000000E-01   3.3627993E+05   8.9445078E+04   4.2562662E+05   2.4259889E-01   1.7320008E-02   1.9528395E-01
   6.0000000E-01   2.8617120E+05   7.7561509E+04   3.6366904E+05   2.5238082E-01   1.8441811E-02   2.0250841E-01
   6.5000000E-01   2.4539733E+05   6.6247633E+04   3.1157641E+05   2.6232321E-01   1.7706967E-02   2.1032583E-01
   7.0000000E-01   2.0601471E+05   5.6227168E+04   2.6219185E+05   2.7514192E-01   1.7818060E-02   2.1996230E-01
   7.5000000E-01   1.7350435E+05   4.6579347E+04   2.2002853E+05   2.8571435E-01   2.0776577E-02   2.2965233E-01
   8.0000000E-01   1.4465991E+05   3.8344405E+04   1.8294861E+05   2.9685798E-01   1.9643740E-02   2.3878525E-01
   8.5000000E-01   1.1435564E+05   3.1359141E+04   1.4569605E+05   3.0994777E-01   1.9626642E-02   2.4748903E-01
   9.0000000E-01   8.8193059E+04   2.3823727E+04   1.1201325E+05   3.2550272E-01   2.0772379E-02   2.6067492E-01
   9.5000000E-01   5.7413052E+04   1.5543574E+04   7.2953275E+04   3.4070906E-01   2.2247826E-02   2.7286780E-01
   1.0000000E+00   2.5710007E+04   6.7591729E+03   3.2469180E+04   3.5217832E-01   1.8501753E-02   2.8271490E-01
