   0.0000000E+00   2.3522138E+09   1.5410859E+09   3.7612158E+09   4.2396342E-03   1.9217328E-07   2.5768343E-03
   5.0000000E-02   1.8379913E+07   5.6224348E+06   2.3971408E+07   2.0519887E-01   1.9051675E-05   1.5712394E-01
   1.0000000E-01   6.7903138E+06   2.0248965E+06   8.8069343E+06   2.2329885E-01   2.2450563E-05   1.7199629E-01
   1.5000000E-01   3.2742628E+06   9.1673247E+05   4.1873666E+06   2.2607718E-01   2.5996242E-05   1.7664905E-01
   2.0000000E-01   1.8067747E+06   4.3126215E+05   2.2368909E+06   2.0974251E-01   2.0967149E-05   1.6933503E-01
   2.5000000E-01   1.1011485E+06   2.0716881E+05   1.3078080E+06   1.7059196E-01   3.4232908E-05   1.4363015E-01
   3.0000000E-01   7.8729706E+05   9.7678694E+04   8.8475294E+05   1.2010004E-01   1.2086580E-04   1.0684443E-01
   3.5000000E-01   6.3732005E+05   4.3854008E+04   6.8101945E+05   7.2167642E-02   1.0114420E-04   6.7532945E-02
   4.0000000E-01   5.8163174E+05   1.9934157E+04   6.0144653E+05   3.9598106E-02   1.4664586E-04   3.8282812E-02
   4.5000000E-01   5.6393194E+05   9.0258537E+03   5.7281632E+05   2.0461783E-02   3.6600474E-04   2.0145021E-02
   5.0000000E-01   5.5599824E+05   4.1762257E+03   5.6005351E+05   1.0310739E-02   9.9535217E-06   1.0231546E-02
   5.5000000E-01   5.5047354E+05   1.9040719E+03   5.5223872E+05   5.7637844E-03   1.2778823E-05   5.7519604E-03
   6.0000000E-01   5.2822995E+05   1.0079813E+03   5.2903634E+05   3.0635094E-03   3.4542483E-05   3.0589001E-03
   6.5000000E-01   4.9118643E+05   5.8764902E+02   4.9160269E+05   1.8378049E-03   3.1210776E-06   1.8362447E-03
   7.0000000E-01   4.3467034E+05   2.6828976E+02   4.3479312E+05   1.1737259E-03   4.1584883E-06   1.1733999E-03
   7.5000000E-01   3.5811984E+05   1.7825354E+02   3.5820048E+05   8.0808002E-04   1.8065426E-05   8.0788586E-04
   8.0000000E-01   2.7983020E+05   6.3661977E+01   2.7981031E+05   5.2040189E-04   4.6645018E-04   5.2050330E-04
   8.5000000E-01   2.0184592E+05   3.7448222E+01   2.0186838E+05   4.1428513E-04   8.3639265E-06   4.1376834E-04
   9.0000000E-01   1.2928687E+05   1.4147106E+01   1.2929394E+05   4.5481843E-04   5.3316957E-05   4.5479885E-04
   9.5000000E-01   7.0061681E+04   3.3506304E+00   7.0061681E+04   4.2962679E-04   9.3284165E-06   4.2961855E-04
   1.0000000E+00   2.7061842E+04   6.2876027E+00   2.7068130E+04   8.7826887E-05   1.3955926E-04   8.7829514E-05
