   0.0000000E+00   3.2407929E+09   1.6630632E+09   4.6964612E+09   7.6136532E-05   1.6564674E-09   5.1151890E-05
   5.0000000E-02   2.6139608E+05   6.6335780E+04   3.2773186E+05   2.6683234E-01   5.4096163E-06   2.1282425E-01
   1.0000000E-01   3.8101693E+04   9.9949304E+03   4.8096624E+04   3.1199275E-01   1.6081923E-06   2.4715806E-01
   1.5000000E-01   6.0266672E+03   1.1034743E+03   7.1301415E+03   2.6190132E-01   1.7929813E-05   2.2136620E-01
   2.0000000E-01   1.9894368E+03   9.5492966E+01   2.0849298E+03   6.4419111E-02   5.0050054E-05   6.1470910E-02
   2.5000000E-01   1.8207325E+03   1.2732395E+01   1.8334649E+03   2.9363494E-03   1.3066444E-05   2.9160488E-03
   3.0000000E-01   1.7507044E+03   0.0000000E+00   1.7507044E+03   2.1529506E-06   0.0000000E+00   2.1529506E-06
   3.5000000E-01   2.0371833E+03   0.0000000E+00   2.0371833E+03   5.5314531E-07   0.0000000E+00   5.5314531E-07
   4.0000000E-01   1.7268311E+03   0.0000000E+00   1.7268311E+03   1.0338017E-06   0.0000000E+00   1.0338017E-06
   4.5000000E-01   2.1220659E+03   0.0000000E+00   2.1220659E+03   2.7374553E-06   0.0000000E+00   2.7374553E-06
   5.0000000E-01   2.3427608E+03   0.0000000E+00   2.3427608E+03   1.2022030E-06   0.0000000E+00   1.2022030E-06
   5.5000000E-01   2.1876570E+03   0.0000000E+00   2.1876570E+03   5.0735544E-06   0.0000000E+00   5.0735544E-06
   6.0000000E-01   2.5995307E+03   0.0000000E+00   2.5995307E+03   1.6571402E-06   0.0000000E+00   1.6571402E-06
   6.5000000E-01   2.5611703E+03   0.0000000E+00   2.5611703E+03   9.7030824E-05   0.0000000E+00   9.7030824E-05
   7.0000000E-01   2.9420928E+03   0.0000000E+00   2.9420928E+03   1.8047388E-05   0.0000000E+00   1.8047388E-05
   7.5000000E-01   3.8197186E+03   0.0000000E+00   3.8197186E+03   2.2811535E-06   0.0000000E+00   2.2811535E-06
   8.0000000E-01   4.2255637E+03   0.0000000E+00   4.2255637E+03   9.2880249E-05   0.0000000E+00   9.2880249E-05
   8.5000000E-01   4.9431653E+03   0.0000000E+00   4.9431653E+03   8.8648222E-06   0.0000000E+00   8.8648222E-06
   9.0000000E-01   4.1769331E+03   0.0000000E+00   4.1769331E+03   1.8936931E-05   0.0000000E+00   1.8936931E-05
   9.5000000E-01   2.0740402E+03   0.0000000E+00   2.0740402E+03   1.0384211E-05   0.0000000E+00   1.0384211E-05
   1.0000000E+00   6.0989746E+02   0.0000000E+00   6.0989746E+02   5.6074088E-06   0.0000000E+00   5.6074088E-06
