   0.0000000E+00   6.9319235E+07   4.1036511E+07   1.1034403E+08   1.1884536E-03   1.9624162E-04   8.1843744E-04
   5.0000000E-02   3.0514459E+07   1.5510604E+07   4.6013540E+07   2.5003790E-04   1.3119168E-04   1.9675248E-04
   1.0000000E-01   1.6061726E+07   8.0501525E+06   2.4105385E+07   1.0137580E-04   1.5346046E-04   9.1283747E-05
   1.5000000E-01   1.0668050E+07   5.3074778E+06   1.5970647E+07   2.0694677E-05   1.6191137E-04   6.2483876E-05
   2.0000000E-01   7.7485539E+06   3.8663988E+06   1.1611945E+07   1.3403732E-04   2.9267475E-04   1.8524736E-04
   2.5000000E-01   5.9674318E+06   2.9557110E+06   8.9210547E+06   2.8838889E-04   1.2572351E-04   1.7883608E-04
   3.0000000E-01   4.7428491E+06   2.3705917E+06   7.1114567E+06   1.9147996E-04   9.2262483E-05   1.0806310E-04
   3.5000000E-01   3.8646822E+06   1.9337689E+06   5.7968323E+06   1.5969941E-04   6.8721145E-04   3.2739448E-04
   4.0000000E-01   3.2052930E+06   1.5920906E+06   4.7964366E+06   1.9805013E-04   3.3260290E-04   7.4761215E-05
   4.5000000E-01   2.6871367E+06   1.3367318E+06   4.0231328E+06   1.9345888E-04   3.8134516E-04   2.4565779E-04
   5.0000000E-01   2.2684991E+06   1.1265433E+06   3.3943802E+06   1.8543556E-04   4.7594677E-04   2.4500338E-04
   5.5000000E-01   1.9230547E+06   9.5841370E+05   2.8809418E+06   2.1389843E-04   4.1984307E-04   2.7289497E-04
   6.0000000E-01   1.6299429E+06   8.1271941E+05   2.4422644E+06   4.2094583E-04   7.0683013E-04   5.1166137E-04
   6.5000000E-01   1.3879388E+06   6.9361683E+05   2.0812569E+06   4.1180098E-04   2.2379268E-04   3.1772364E-04
   7.0000000E-01   1.1728492E+06   5.8431691E+05   1.7567886E+06   5.4988326E-04   2.7395454E-04   3.0722829E-04
   7.5000000E-01   9.8673094E+05   4.9199249E+05   1.4785452E+06   6.4077352E-04   5.8327057E-04   5.5234512E-04
   8.0000000E-01   8.1752324E+05   4.0506525E+05   1.2224413E+06   7.5220759E-04   2.1108189E-04   5.4179200E-04
   8.5000000E-01   6.5894266E+05   3.2845835E+05   9.8731488E+05   7.1220368E-04   1.2982221E-03   8.5413632E-04
   9.0000000E-01   5.0765475E+05   2.5237022E+05   7.5998607E+05   1.6131080E-03   1.9373931E-03   1.7083915E-03
   9.5000000E-01   3.4525566E+05   1.7193425E+05   5.1715305E+05   2.0998861E-03   1.1490330E-03   1.7810480E-03
   1.0000000E+00   1.8389352E+05   9.2358596E+04   2.7625211E+05   4.3317663E-03   6.7331928E-03   5.0835608E-03
