   0.0000000E+00   4.6514496E+07   1.0016626E+08   1.4660742E+08   7.4210675E-06   3.9530905E-06   3.6324337E-06
   5.0000000E-02   3.5276757E+07   3.4676870E+07   6.9764869E+07   3.4639264E-05   6.0082039E-06   1.5241694E-05
   1.0000000E-01   2.4786950E+07   1.5469733E+07   4.0164150E+07   2.3543094E-05   6.5952736E-06   1.5714557E-05
   1.5000000E-01   1.7516508E+07   8.7618191E+06   2.6202803E+07   2.1719936E-06   2.2136604E-05   6.5382879E-06
   2.0000000E-01   1.2412908E+07   5.4401865E+06   1.7806160E+07   9.2333120E-06   1.9561133E-05   1.0816468E-05
   2.5000000E-01   8.7934379E+06   3.5702655E+06   1.2336953E+07   3.2991133E-05   1.8370999E-05   2.1172380E-05
   3.0000000E-01   6.2634791E+06   2.4183169E+06   8.6654986E+06   4.5592641E-05   4.5424751E-05   4.5624179E-05
   3.5000000E-01   4.4754643E+06   1.6813219E+06   6.1480645E+06   7.3069147E-05   1.6987767E-05   5.7214735E-05
   4.0000000E-01   3.2231979E+06   1.1781843E+06   4.3962415E+06   3.8345099E-05   9.6466310E-05   5.2722918E-05
   4.5000000E-01   2.3109510E+06   8.3338480E+05   3.1411103E+06   5.1225762E-05   7.0430610E-05   5.4258079E-05
   5.0000000E-01   1.6705794E+06   5.9471746E+05   2.2639791E+06   5.2597859E-05   1.8026604E-04   8.6626648E-05
   5.5000000E-01   1.2137503E+06   4.2829463E+05   1.6409511E+06   2.3223729E-04   1.6888475E-04   2.1078265E-04
   6.0000000E-01   8.8358050E+05   3.0958820E+05   1.1925374E+06   2.2168806E-04   5.6736341E-04   3.0852316E-04
   6.5000000E-01   6.4352465E+05   2.2598533E+05   8.6917698E+05   3.3640219E-04   4.1835883E-04   3.4133370E-04
   7.0000000E-01   4.7096676E+05   1.6329297E+05   6.3405510E+05   8.9362322E-04   7.2888248E-04   7.1640674E-04
   7.5000000E-01   3.3835492E+05   1.1889086E+05   4.5713119E+05   8.2855038E-04   7.9094444E-04   8.1747887E-04
   8.0000000E-01   2.4355879E+05   8.5935712E+04   3.2942288E+05   1.1243378E-03   1.2182124E-03   1.0980804E-03
   8.5000000E-01   1.7212701E+05   6.0654885E+04   2.3274070E+05   1.7779643E-03   2.0328700E-03   1.8401443E-03
   9.0000000E-01   1.1913985E+05   4.1666764E+04   1.6079247E+05   3.1114712E-03   4.2148940E-03   3.3915895E-03
   9.5000000E-01   7.3616700E+04   2.5354220E+04   9.8964219E+04   5.3021526E-03   5.9012554E-03   5.4383607E-03
   1.0000000E+00   4.1114634E+04   1.4071655E+04   5.5186289E+04   1.3061528E-02   6.8135726E-03   1.1247451E-02
