   0.0000000E+00   1.6419697E+06   1.3095197E+09   1.3065918E+09   5.2612881E-03   5.7001042E-06   1.2487290E-05
   5.0000000E-02   1.4502835E+06   4.5831467E+07   4.7226556E+07   2.2800176E-04   5.8558123E-05   5.6509281E-05
   1.0000000E-01   1.4461455E+06   2.7377833E+05   1.7197328E+06   1.6958571E-05   2.8884232E-03   4.7035551E-04
   1.5000000E-01   1.4559494E+06   3.6499534E+03   1.4592174E+06   2.3332440E-05   1.1144792E-01   2.8297024E-04
   2.0000000E-01   1.4742363E+06   7.6394373E+02   1.4746183E+06   7.6316897E-06   2.4496526E-01   1.2135073E-04
   2.5000000E-01   1.5095910E+06   4.8383103E+02   1.5095655E+06   2.9794665E-06   2.7974806E-01   9.0369651E-05
   3.0000000E-01   1.5348266E+06   2.4403758E+02   1.5344871E+06   8.0584102E-06   2.9055573E-01   4.2170614E-05
   3.5000000E-01   1.5762797E+06   8.1851114E+01   1.5756339E+06   5.2084956E-06   3.3972334E-01   2.2388649E-05
   4.0000000E-01   1.6266272E+06   1.4323945E+02   1.6257280E+06   1.1807857E-05   3.5910378E-01   3.2869409E-05
   4.5000000E-01   1.6906711E+06   7.0735530E+01   1.6897657E+06   5.6387711E-06   4.0119109E-01   2.2399015E-05
   5.0000000E-01   1.7737882E+06   7.0028175E+01   1.7726741E+06   7.3909873E-06   4.4280939E-01   1.5643184E-05
   5.5000000E-01   1.8767782E+06   8.1024335E+01   1.8751867E+06   3.6688923E-06   4.7899773E-01   1.9338851E-05
   6.0000000E-01   2.0166788E+06   4.2441318E+01   2.0145886E+06   7.8593907E-06   4.7839556E-01   1.7506116E-05
   6.5000000E-01   2.2085613E+06   3.4279526E+01   2.2063087E+06   2.2739953E-06   4.8208637E-01   7.8654249E-06
   7.0000000E-01   2.5070632E+06   1.3641852E+01   2.5034072E+06   2.3853797E-06   5.4444394E-01   4.1683496E-06
   7.5000000E-01   3.0262060E+06   3.3953055E+01   3.0204680E+06   1.0547229E-05   5.5380962E-01   5.6479806E-06
   8.0000000E-01   4.3645657E+06   7.9577472E+00   4.3514036E+06   4.9898606E-06   7.3014459E-01   3.6227528E-06
   8.5000000E-01   5.5246051E+06   0.0000000E+00   5.5025556E+06   4.3277555E-06   0.0000000E+00   4.3090283E-06
   9.0000000E-01   9.5954162E+05   1.0610330E+01   9.5884487E+05   3.3847732E-06   6.9224401E-01   1.0518470E-05
   9.5000000E-01   1.5516769E+04   0.0000000E+00   1.5516769E+04   4.9176599E-04   0.0000000E+00   4.9176599E-04
   1.0000000E+00   2.0749089E+02   0.0000000E+00   2.0749089E+02   1.5631152E-02   0.0000000E+00   1.5631152E-02
