   0.0000000E+00   1.5746153E+08   9.5438471E+07   2.5279815E+08   2.2163286E-05   2.1103928E-05   2.1753569E-05
   5.0000000E-02   6.4252633E+07   3.2305461E+07   9.6454644E+07   1.0849375E-05   1.1767492E-05   1.0447473E-05
   1.0000000E-01   2.9669442E+07   1.4701174E+07   4.4331432E+07   3.6937556E-05   2.6833645E-05   2.9082565E-05
   1.5000000E-01   1.7169550E+07   8.5046884E+06   2.5651448E+07   2.7389779E-05   2.4459970E-05   1.4155470E-05
   2.0000000E-01   1.0880007E+07   5.3758243E+06   1.6244277E+07   1.8420866E-05   4.1630671E-05   9.2188642E-06
   2.5000000E-01   7.2578983E+06   3.5980604E+06   1.0849771E+07   6.3323257E-05   7.8726590E-05   6.0770850E-05
   3.0000000E-01   5.0024415E+06   2.4833476E+06   7.4820436E+06   2.7554883E-05   9.0993309E-05   4.8045617E-05
   3.5000000E-01   3.5273192E+06   1.7433742E+06   5.2684379E+06   1.0824983E-04   1.1969100E-04   1.1166255E-04
   4.0000000E-01   2.5176482E+06   1.2531621E+06   3.7694257E+06   1.1789866E-04   1.8179821E-04   1.3490989E-04
   4.5000000E-01   1.8104830E+06   8.9703970E+05   2.7066456E+06   1.4850576E-04   2.7909989E-04   1.7784744E-04
   5.0000000E-01   1.3240673E+06   6.5419048E+05   1.9778312E+06   1.5031179E-04   3.7517957E-04   1.8561740E-04
   5.5000000E-01   9.6868065E+05   4.8135400E+05   1.4496585E+06   2.9930707E-04   2.5189359E-04   2.6469229E-04
   6.0000000E-01   7.1336959E+05   3.5450172E+05   1.0677228E+06   4.3863437E-04   2.0621077E-04   3.4425572E-04
   6.5000000E-01   5.2761088E+05   2.6101411E+05   7.8850256E+05   2.7499042E-04   6.7723584E-04   4.0809404E-04
   7.0000000E-01   3.9291263E+05   1.9114054E+05   5.8396677E+05   6.0428481E-04   4.1261673E-04   4.8361502E-04
   7.5000000E-01   2.8535845E+05   1.4180069E+05   4.2712094E+05   1.0064347E-03   1.0628425E-03   9.2067730E-04
   8.0000000E-01   2.0700488E+05   1.0281807E+05   3.0980305E+05   2.8185050E-04   6.9197036E-04   3.7941565E-04
   8.5000000E-01   1.4720147E+05   7.2125275E+04   2.1931926E+05   1.0195941E-03   1.9941091E-03   1.2930671E-03
   9.0000000E-01   9.8785705E+04   4.9058627E+04   1.4784080E+05   1.4130436E-03   1.4441063E-03   1.2728186E-03
   9.5000000E-01   5.8723148E+04   2.9683235E+04   8.8403032E+04   2.2309105E-03   3.0250585E-03   2.4103786E-03
   1.0000000E+00   2.9293941E+04   1.4040217E+04   4.3334158E+04   4.2056485E-03   5.9416199E-03   4.6510569E-03
