   0.0000000E+00   9.8112274E+07   5.2771195E+07   1.5084680E+08   7.2133945E-04   4.3598638E-04   6.1687982E-04
   5.0000000E-02   3.8171849E+07   1.9180781E+07   5.7319271E+07   6.3283787E-05   2.0894339E-04   1.1247910E-04
   1.0000000E-01   1.9221142E+07   9.6048417E+06   2.8810896E+07   1.7083062E-04   1.3994523E-04   1.5760636E-04
   1.5000000E-01   1.2270061E+07   6.1246430E+06   1.8383606E+07   1.3704719E-04   9.3953870E-05   1.1986597E-04
   2.0000000E-01   8.6353334E+06   4.3238101E+06   1.2952125E+07   6.6697743E-05   5.2573632E-05   4.4458532E-05
   2.5000000E-01   6.4185661E+06   3.2110083E+06   9.6247870E+06   8.9583258E-05   1.8123851E-04   1.1700856E-04
   3.0000000E-01   4.9447213E+06   2.4715808E+06   7.4131189E+06   1.6309785E-04   1.6683899E-04   9.4764474E-05
   3.5000000E-01   3.8960675E+06   1.9476563E+06   5.8412865E+06   1.8925201E-04   3.0065530E-04   2.1616167E-04
   4.0000000E-01   3.1156570E+06   1.5632835E+06   4.6770943E+06   6.1531756E-05   2.7292150E-04   7.6148887E-05
   4.5000000E-01   2.5230656E+06   1.2633366E+06   3.7850441E+06   2.0539670E-04   3.9391048E-04   2.6366500E-04
   5.0000000E-01   2.0700010E+06   1.0314450E+06   3.1004656E+06   2.1562541E-04   3.4021077E-04   2.5059507E-04
   5.5000000E-01   1.6949828E+06   8.5227761E+05   2.5465370E+06   1.0855810E-04   4.8729714E-04   1.5282345E-04
   6.0000000E-01   1.3972319E+06   7.0134809E+05   2.0979645E+06   6.0130225E-05   4.6713318E-04   1.2539721E-04
   6.5000000E-01   1.1547352E+06   5.7820746E+05   1.7325509E+06   5.8822113E-04   5.6034709E-04   5.5174674E-04
   7.0000000E-01   9.4681730E+05   4.7451819E+05   1.4210263E+06   3.3370731E-04   9.5734405E-04   2.9230686E-04
   7.5000000E-01   7.7452859E+05   3.8656826E+05   1.1609101E+06   1.7222195E-04   1.0175141E-03   4.1292902E-04
   8.0000000E-01   6.2616329E+05   3.1186013E+05   9.3790406E+05   7.3757845E-04   1.3800612E-03   9.5328172E-04
   8.5000000E-01   4.9123829E+05   2.4290040E+05   7.3404881E+05   1.0480946E-03   7.5528057E-04   9.4459028E-04
   9.0000000E-01   3.6862761E+05   1.8362590E+05   5.5214740E+05   1.4225888E-03   1.9644754E-03   1.5973999E-03
   9.5000000E-01   2.4469654E+05   1.2190263E+05   3.6657237E+05   2.8900435E-03   2.8691947E-03   2.7954603E-03
   1.0000000E+00   1.3190133E+05   6.6208456E+04   1.9810350E+05   6.9444250E-03   7.7975776E-03   7.2296444E-03
