   0.0000000E+00   3.2379398E+09   1.6613403E+09   4.7168437E+09   8.1104738E-06   5.8337328E-07   5.6320763E-06
   5.0000000E-02   6.6717752E+04   1.7125072E+04   8.3842824E+04   1.7692600E-01   2.1271683E-02   1.4513327E-01
   1.0000000E-01   3.3581693E+04   8.4352120E+03   4.2016905E+04   1.8608252E-01   1.5889776E-02   1.5191504E-01
   1.5000000E-01   2.0881129E+04   4.7958690E+03   2.5676997E+04   2.0016934E-01   1.4369791E-02   1.6546628E-01
   2.0000000E-01   1.5278875E+04   3.8356341E+03   1.9114509E+04   1.9822685E-01   1.8679768E-02   1.6219783E-01
   2.5000000E-01   1.0873466E+04   2.5592115E+03   1.3432677E+04   2.0105754E-01   1.5994560E-02   1.6579909E-01
   3.0000000E-01   8.5094843E+03   1.9416903E+03   1.0451175E+04   2.1809448E-01   1.5309559E-02   1.8041972E-01
   3.5000000E-01   6.9573447E+03   1.3459961E+03   8.3033407E+03   2.3074088E-01   6.2125192E-03   1.9434417E-01
   4.0000000E-01   5.8807751E+03   1.2891550E+03   7.1699302E+03   2.3265382E-01   1.0712768E-02   1.9274877E-01
   4.5000000E-01   4.9231929E+03   1.0398123E+03   5.9630052E+03   2.2579768E-01   5.3467226E-03   1.8735605E-01
   5.0000000E-01   3.9088454E+03   1.0567888E+03   4.9656342E+03   2.3798426E-01   6.6983346E-03   1.8876187E-01
   5.5000000E-01   3.3856597E+03   7.5236882E+02   4.1380285E+03   2.5468162E-01   1.1108494E-02   2.1039559E-01
   6.0000000E-01   2.6684979E+03   7.4802823E+02   3.4165261E+03   2.5765538E-01   1.0033783E-02   2.0344009E-01
   6.5000000E-01   2.2477575E+03   5.1908997E+02   2.7668475E+03   2.6597953E-01   6.5449885E-03   2.1730685E-01
   7.0000000E-01   2.2418111E+03   3.7287730E+02   2.6146884E+03   2.8587249E-01   1.4875913E-02   2.4722602E-01
   7.5000000E-01   1.7146293E+03   3.8197186E+02   2.0966011E+03   2.8138358E-01   4.1017117E-03   2.3086664E-01
   8.0000000E-01   1.4323945E+03   3.1035214E+02   1.7427466E+03   2.8392434E-01   9.8966196E-03   2.3512489E-01
   8.5000000E-01   1.0410606E+03   2.4715826E+02   1.2882188E+03   2.9243319E-01   1.0583265E-02   2.3835733E-01
   9.0000000E-01   8.0638504E+02   1.7330205E+02   9.7968709E+02   3.0053941E-01   2.4286924E-02   2.5167164E-01
   9.5000000E-01   5.1599708E+02   1.0051891E+02   6.1651599E+02   3.3127763E-01   9.4091760E-06   2.7726651E-01
   1.0000000E+00   2.3264130E+02   5.6588424E+01   2.8922972E+02   3.3024968E-01   2.6575155E-06   2.6563613E-01
