   0.0000000E+00   3.2298950E+09   1.6557273E+09   4.6744352E+09   2.2215278E-04   1.9245107E-09   1.4806907E-04
   5.0000000E-02   1.2665550E+06   3.2193862E+05   1.5883663E+06   2.1964468E-01   1.5653248E-05   1.7514669E-01
   1.0000000E-01   4.4744821E+05   1.1086733E+05   5.5831554E+05   2.5570093E-01   5.5611408E-07   2.0492508E-01
   1.5000000E-01   1.9440246E+05   5.0632493E+04   2.4503495E+05   2.8501885E-01   7.0618242E-06   2.2612580E-01
   2.0000000E-01   9.0845642E+04   2.4875918E+04   1.1568973E+05   3.0675108E-01   8.3066609E-06   2.4078965E-01
   2.5000000E-01   3.9788736E+04   1.1128114E+04   5.0904117E+04   3.2563269E-01   3.0143526E-05   2.5443764E-01
   3.0000000E-01   1.8133053E+04   5.0399065E+03   2.3172960E+04   3.4141751E-01   5.8221680E-06   2.6716106E-01
   3.5000000E-01   8.3670027E+03   2.1917909E+03   1.0558794E+04   3.5126569E-01   1.4571665E-04   2.7838032E-01
   4.0000000E-01   3.2706341E+03   9.3901416E+02   4.2096482E+03   3.6282143E-01   8.1479598E-06   2.8189143E-01
   4.5000000E-01   1.3510486E+03   4.0319252E+02   1.7542412E+03   3.6960657E-01   7.5644808E-05   2.8467406E-01
   5.0000000E-01   4.3926764E+02   7.6394373E+01   5.1566202E+02   3.8005299E-01   4.0056661E-05   3.2374291E-01
   5.5000000E-01   1.4468631E+02   4.0512167E+01   1.8519848E+02   3.8834377E-01   1.4864833E-03   3.0371874E-01
   6.0000000E-01   5.3051648E+01   1.5915494E+01   6.8967142E+01   3.5315930E-01   8.2801760E-06   2.7166290E-01
   6.5000000E-01   4.4073677E+01   4.8970752E+00   4.8970752E+01   3.8842929E-01   1.9046033E-05   3.4958826E-01
   7.0000000E-01   1.8189136E+01   0.0000000E+00   1.8189136E+01   4.2042539E-01   0.0000000E+00   4.2042539E-01
   7.5000000E-01   4.2441318E+00   0.0000000E+00   4.2441318E+00   2.2015716E-01   0.0000000E+00   2.2015716E-01
   8.0000000E-01   0.0000000E+00   0.0000000E+00   0.0000000E+00   0.0000000E+00   0.0000000E+00   0.0000000E+00
   8.5000000E-01   0.0000000E+00   0.0000000E+00   0.0000000E+00   0.0000000E+00   0.0000000E+00   0.0000000E+00
   9.0000000E-01   3.5367765E+00   0.0000000E+00   3.5367765E+00   2.8640783E-01   0.0000000E+00   2.8640783E-01
   9.5000000E-01   0.0000000E+00   3.3506304E+00   3.3506304E+00   0.0000000E+00   9.7676640E-02   9.7676640E-02
   1.0000000E+00   0.0000000E+00   0.0000000E+00   0.0000000E+00   0.0000000E+00   0.0000000E+00   0.0000000E+00
