   0.0000000E+00   4.9369609E+07   2.9916036E+07   7.9280552E+07   4.9074702E-03   1.6774779E-04   3.0189241E-03
   5.0000000E-02   2.3613692E+07   1.2162302E+07   3.5766890E+07   6.8541037E-04   5.3494664E-04   6.1848189E-04
   1.0000000E-01   1.3233702E+07   6.6346285E+06   1.9862696E+07   1.6322877E-04   5.1457683E-04   1.2964247E-04
   1.5000000E-01   9.1012860E+06   4.5394597E+06   1.3635419E+07   3.1566574E-04   2.3748359E-04   2.7943626E-04
   2.0000000E-01   6.8886079E+06   3.4439538E+06   1.0329235E+07   1.1713078E-04   4.4266216E-04   2.2154557E-04
   2.5000000E-01   5.4765471E+06   2.7391330E+06   8.2134137E+06   3.1001012E-04   1.0507477E-04   1.7145188E-04
   3.0000000E-01   4.5070452E+06   2.2468646E+06   6.7516922E+06   2.0706283E-04   1.5042077E-04   1.1139776E-04
   3.5000000E-01   3.7898066E+06   1.8866227E+06   5.6744649E+06   9.6748877E-05   5.6773986E-04   2.1268849E-04
   4.0000000E-01   3.2190838E+06   1.6069318E+06   4.8247503E+06   3.1814733E-04   2.4061556E-04   1.4475085E-04
   4.5000000E-01   2.7833441E+06   1.3895075E+06   4.1714652E+06   2.6269187E-04   5.5198594E-04   2.9278127E-04
   5.0000000E-01   2.4078233E+06   1.2031604E+06   3.6100734E+06   8.3769210E-05   3.6032741E-05   4.3709281E-05
   5.5000000E-01   2.1014298E+06   1.0460415E+06   3.1465511E+06   4.3557734E-04   5.1001472E-04   4.6032175E-04
   6.0000000E-01   1.8298415E+06   9.1501360E+05   2.7440859E+06   3.7301157E-05   1.4526843E-04   5.1926135E-05
   6.5000000E-01   1.5991007E+06   7.9575513E+05   2.3943368E+06   4.2876924E-04   2.5028755E-04   3.4127164E-04
   7.0000000E-01   1.3887542E+06   6.9115535E+05   2.0794548E+06   5.7747672E-04   4.3688733E-04   4.8849940E-04
   7.5000000E-01   1.1926053E+06   5.9539652E+05   1.7876538E+06   8.3240691E-04   9.9353176E-04   8.3895045E-04
   8.0000000E-01   1.0095278E+06   5.0254367E+05   1.5117531E+06   7.8409607E-04   1.1831528E-03   8.7070455E-04
   8.5000000E-01   8.3799010E+05   4.1527457E+05   1.2530587E+06   1.3280750E-03   4.4978666E-04   1.0250001E-03
   9.0000000E-01   6.5822594E+05   3.2704219E+05   9.8516202E+05   1.5513430E-03   1.9321129E-03   1.6291744E-03
   9.5000000E-01   4.6037326E+05   2.2901894E+05   6.8932184E+05   3.4033687E-03   3.3282389E-03   3.3722507E-03
   1.0000000E+00   2.6414219E+05   1.3188247E+05   3.9599951E+05   7.1328315E-03   6.5645918E-03   6.9449426E-03
