   0.0000000E+00   1.8390871E+09   1.2334554E+09   2.9937355E+09   2.8179998E-03   4.4071944E-04   1.8694971E-03
   5.0000000E-02   1.3825344E+07   4.6201407E+06   1.8426450E+07   1.5133850E-01   4.5693354E-02   1.2485536E-01
   1.0000000E-01   6.9186245E+06   2.2123174E+06   9.1240346E+06   1.4960308E-01   4.4737222E-02   1.2419461E-01
   1.5000000E-01   4.5335604E+06   1.4284262E+06   5.9556416E+06   1.5004906E-01   4.3564883E-02   1.2453029E-01
   2.0000000E-01   3.3470125E+06   1.0301304E+06   4.3727184E+06   1.5052644E-01   4.3675416E-02   1.2539151E-01
   2.5000000E-01   2.5903040E+06   7.8817348E+05   3.3753708E+06   1.5208629E-01   4.2167244E-02   1.2646674E-01
   3.0000000E-01   2.1045695E+06   6.2327198E+05   2.7259953E+06   1.5290891E-01   4.2981092E-02   1.2781063E-01
   3.5000000E-01   1.7250941E+06   5.1053268E+05   2.2334986E+06   1.5568308E-01   4.2696909E-02   1.2989894E-01
   4.0000000E-01   1.4484134E+06   4.2303384E+05   1.8700308E+06   1.5936385E-01   4.3370954E-02   1.3313471E-01
   4.5000000E-01   1.2307770E+06   3.5663440E+05   1.5862372E+06   1.6162354E-01   4.3191689E-02   1.3501135E-01
   5.0000000E-01   1.0483918E+06   3.0124211E+05   1.3488700E+06   1.6510874E-01   4.3398239E-02   1.3795244E-01
   5.5000000E-01   9.0678963E+05   2.5748376E+05   1.1634805E+06   1.6969117E-01   4.4982477E-02   1.4212590E-01
   6.0000000E-01   7.7260706E+05   2.1927838E+05   9.9124882E+05   1.7443981E-01   4.4130993E-02   1.4563848E-01
   6.5000000E-01   6.6404829E+05   1.8591746E+05   8.4947114E+05   1.7945852E-01   4.6822581E-02   1.5045591E-01
   7.0000000E-01   5.6721912E+05   1.5870476E+05   7.2556465E+05   1.8581783E-01   4.8348127E-02   1.5577872E-01
   7.5000000E-01   4.7966329E+05   1.3286255E+05   6.1222026E+05   1.9122450E-01   4.9867670E-02   1.6057965E-01
   8.0000000E-01   4.0192989E+05   1.0992434E+05   5.1158367E+05   1.9913781E-01   5.1296797E-02   1.6739311E-01
   8.5000000E-01   3.2434279E+05   8.7849784E+04   4.1198287E+05   2.0597014E-01   5.3422809E-02   1.7345117E-01
   9.0000000E-01   2.5108637E+05   6.8525045E+04   3.1955129E+05   2.1664436E-01   5.6564683E-02   1.8230366E-01
   9.5000000E-01   1.6896894E+05   4.5675793E+04   2.1459782E+05   2.3027414E-01   5.8565189E-02   1.9373708E-01
   1.0000000E+00   7.7859384E+04   2.0503872E+04   9.8363256E+04   2.3816344E-01   6.0732221E-02   2.0116864E-01
