   0.0000000E+00   3.2254422E+09   1.6569369E+09   4.6579325E+09   1.3320731E-04   8.5328545E-10   8.9304605E-05
   5.0000000E-02   8.0666091E+05   1.9455100E+05   1.0012119E+06   2.0745964E-01   3.4721823E-06   1.6714769E-01
   1.0000000E-01   3.1745045E+05   7.9577472E+04   3.9702792E+05   2.3446907E-01   2.3796083E-05   1.8747852E-01
   1.5000000E-01   1.6577579E+05   4.1168079E+04   2.0692265E+05   2.5819625E-01   4.7575253E-06   2.0685078E-01
   2.0000000E-01   9.0002120E+04   2.3586763E+04   1.1358888E+05   2.8395193E-01   3.4983754E-07   2.2498916E-01
   2.5000000E-01   5.1464342E+04   1.4069297E+04   6.5533639E+04   2.9786829E-01   7.6273175E-06   2.3391785E-01
   3.0000000E-01   3.0419815E+04   8.3821603E+03   3.8801975E+04   3.1418270E-01   2.0103074E-05   2.4631602E-01
   3.5000000E-01   1.7825354E+04   5.2111876E+03   2.3036541E+04   3.3089584E-01   2.5648318E-05   2.5603994E-01
   4.0000000E-01   9.7561980E+03   2.7215495E+03   1.2477748E+04   3.3942518E-01   3.6860656E-06   2.6539320E-01
   4.5000000E-01   5.2061350E+03   1.5420346E+03   6.7481696E+03   3.4635146E-01   7.4549543E-05   2.6718912E-01
   5.0000000E-01   3.2276622E+03   7.6394373E+02   3.9916060E+03   3.5373423E-01   6.6550839E-04   2.8616127E-01
   5.5000000E-01   1.6262741E+03   4.1669658E+02   2.0429707E+03   3.6519689E-01   3.8811668E-05   2.9071705E-01
   6.0000000E-01   7.8516439E+02   1.8568077E+02   9.7084515E+02   3.7371020E-01   4.7802267E-06   3.0223471E-01
   6.5000000E-01   3.8686894E+02   1.1752980E+02   5.0439874E+02   3.8157860E-01   5.2682167E-04   2.9278983E-01
   7.0000000E-01   1.9098593E+02   4.5472841E+01   2.3645877E+02   3.7521042E-01   2.4158528E-06   3.0305411E-01
   7.5000000E-01   7.6394373E+01   3.3953055E+01   1.1034743E+02   3.7383796E-01   1.8802666E-07   2.5881083E-01
   8.0000000E-01   4.3767609E+01   7.9577472E+00   5.1725357E+01   3.8456556E-01   9.7210958E-07   3.2540178E-01
   8.5000000E-01   2.2468933E+01   1.1234467E+01   3.3703400E+01   3.9156848E-01   6.8887724E-02   2.8400468E-01
   9.0000000E-01   1.4147106E+01   0.0000000E+00   1.4147106E+01   2.6462879E-01   0.0000000E+00   2.6462879E-01
   9.5000000E-01   0.0000000E+00   3.3506304E+00   3.3506304E+00   0.0000000E+00   8.1057363E-07   8.1057363E-07
   1.0000000E+00   0.0000000E+00   0.0000000E+00   0.0000000E+00   0.0000000E+00   0.0000000E+00   0.0000000E+00
