   0.0000000E+00   3.1740843E+07   1.8075927E+07   4.9812187E+07   3.8671986E-02   2.7695917E-03   2.5636517E-02
   5.0000000E-02   1.6259842E+07   8.5229382E+06   2.4773867E+07   1.4727622E-02   3.3951513E-03   1.0824998E-02
   1.0000000E-01   1.0121650E+07   5.1362165E+06   1.5251723E+07   5.0196841E-03   2.9351321E-03   4.3151307E-03
   1.5000000E-01   7.4599105E+06   3.7502422E+06   1.1204444E+07   2.7004030E-03   2.0900876E-03   2.4957049E-03
   2.0000000E-01   5.9517105E+06   2.9888980E+06   8.9352132E+06   1.7578853E-03   2.1451087E-03   1.8715660E-03
   2.5000000E-01   4.9305055E+06   2.4667361E+06   7.3929890E+06   1.2060304E-03   1.3453975E-03   1.2461259E-03
   3.0000000E-01   4.1942527E+06   2.0976091E+06   6.2878192E+06   1.4660252E-03   1.2347546E-03   1.3708635E-03
   3.5000000E-01   3.6484043E+06   1.8151121E+06   5.4601150E+06   1.2693061E-03   8.4142471E-04   1.1061962E-03
   4.0000000E-01   3.1963565E+06   1.5965389E+06   4.7900147E+06   1.1234800E-03   1.3822032E-03   1.2026356E-03
   4.5000000E-01   2.8356813E+06   1.4150714E+06   4.2482911E+06   1.3044627E-03   9.1412631E-04   1.1615585E-03
   5.0000000E-01   2.5257126E+06   1.2590748E+06   3.7828838E+06   1.4269150E-03   1.2152751E-03   1.3483994E-03
   5.5000000E-01   2.2586864E+06   1.1269559E+06   3.3836630E+06   1.5592576E-03   1.0060148E-03   1.3327829E-03
   6.0000000E-01   2.0202969E+06   1.0071908E+06   3.0258060E+06   1.5012623E-03   1.7143268E-03   1.5614362E-03
   6.5000000E-01   1.8051305E+06   8.9792281E+05   2.7016674E+06   1.7203555E-03   1.6777505E-03   1.6935030E-03
   7.0000000E-01   1.6084153E+06   7.9769822E+05   2.4048585E+06   2.4181993E-03   2.3717663E-03   2.4109214E-03
   7.5000000E-01   1.4135675E+06   7.0175871E+05   2.1142864E+06   3.1421110E-03   3.3392875E-03   3.2047185E-03
   8.0000000E-01   1.2278247E+06   6.1219347E+05   1.8392423E+06   3.6958478E-03   3.9123135E-03   3.7719798E-03
   8.5000000E-01   1.0509918E+06   5.2120435E+05   1.5715146E+06   4.2904414E-03   5.2723723E-03   4.6126089E-03
   9.0000000E-01   8.5680533E+05   4.2680051E+05   1.2832592E+06   5.5484948E-03   5.9918772E-03   5.6896045E-03
   9.5000000E-01   6.4178980E+05   3.2093008E+05   9.6238816E+05   9.3234789E-03   9.3996126E-03   9.3512650E-03
   1.0000000E+00   4.0639920E+05   2.0149880E+05   6.0784770E+05   1.6748514E-02   1.7077781E-02   1.6839554E-02
