   0.0000000E+00   8.1520486E+08   1.0632548E+09   1.8511401E+09   1.2315170E-02   7.8902601E-06   5.3359826E-03
   5.0000000E-02   2.4954031E+07   1.3907150E+07   3.8784659E+07   1.5352261E-01   2.5890853E-04   9.8657215E-02
   1.0000000E-01   1.2231026E+07   6.0981171E+06   1.8294733E+07   1.3990786E-01   3.8699167E-04   9.3515811E-02
   1.5000000E-01   7.8224230E+06   3.4543201E+06   1.1254143E+07   1.2703832E-01   3.9293252E-04   8.8276611E-02
   2.0000000E-01   5.5943122E+06   2.1600031E+06   7.7408985E+06   1.1430025E-01   4.8148621E-04   8.2627774E-02
   2.5000000E-01   4.2883217E+06   1.4209226E+06   5.7005481E+06   1.0214544E-01   6.3712492E-04   7.6877299E-02
   3.0000000E-01   3.4010032E+06   9.6108365E+05   4.3557843E+06   8.9973973E-02   6.8794170E-04   7.0326589E-02
   3.5000000E-01   2.7906592E+06   6.6108416E+05   3.4476599E+06   7.7950339E-02   9.7922104E-04   6.3210639E-02
   4.0000000E-01   2.3503127E+06   4.5844581E+05   2.8053446E+06   6.7268823E-02   9.6403733E-04   5.6467263E-02
   4.5000000E-01   2.0063779E+06   3.2166982E+05   2.3255084E+06   5.7882481E-02   1.5762162E-03   5.0102642E-02
   5.0000000E-01   1.7387487E+06   2.2330712E+05   1.9603560E+06   4.9077064E-02   1.5351288E-03   4.3678866E-02
   5.5000000E-01   1.5151088E+06   1.6006936E+05   1.6735403E+06   4.2245598E-02   1.9062033E-03   3.8395295E-02
   6.0000000E-01   1.3265087E+06   1.1208222E+05   1.4373336E+06   3.7026867E-02   2.0902282E-03   3.4320299E-02
   6.5000000E-01   1.1551074E+06   8.0507916E+04   1.2347583E+06   3.1804071E-02   2.3389521E-03   2.9899335E-02
   7.0000000E-01   9.9502761E+05   5.7163908E+04   1.0513912E+06   2.7883838E-02   2.3987794E-03   2.6501601E-02
   7.5000000E-01   8.5265457E+05   4.0183440E+04   8.9227354E+05   2.5580668E-02   2.5776894E-03   2.4556740E-02
   8.0000000E-01   7.0992256E+05   2.8011270E+04   7.3745239E+05   2.3032184E-02   3.6844617E-03   2.2296231E-02
   8.5000000E-01   5.7424227E+05   1.9345751E+04   5.9328843E+05   2.1937633E-02   3.7906107E-03   2.1350096E-02
   9.0000000E-01   4.3418530E+05   1.3117904E+04   4.4712282E+05   2.1874481E-02   5.7596424E-03   2.1405939E-02
   9.5000000E-01   2.8704515E+05   7.6561904E+03   2.9461758E+05   2.2850763E-02   7.1170731E-03   2.2446299E-02
   1.0000000E+00   1.3327831E+05   3.0117617E+03   1.3627121E+05   2.4613443E-02   9.2004125E-03   2.4275401E-02
