   0.0000000E+00   1.9733833E+09   1.3720047E+09   3.2515808E+09   2.6927447E-03   3.8939954E-04   1.7522856E-03
   5.0000000E-02   1.4263657E+07   4.5518314E+06   1.8796644E+07   1.5093051E-01   4.2743685E-02   1.2475402E-01
   1.0000000E-01   7.0451527E+06   2.0545630E+06   9.0914715E+06   1.4898651E-01   3.9030513E-02   1.2416190E-01
   1.5000000E-01   4.5393961E+06   1.2497483E+06   5.7829267E+06   1.4643101E-01   3.5655086E-02   1.2254775E-01
   2.0000000E-01   3.2800401E+06   8.5267261E+05   4.1289249E+06   1.4446834E-01   3.3622817E-02   1.2161655E-01
   2.5000000E-01   2.5020812E+06   6.1473278E+05   3.1142039E+06   1.4199521E-01   3.1004652E-02   1.2011409E-01
   3.0000000E-01   1.9775002E+06   4.6719403E+05   2.4431769E+06   1.3899008E-01   2.9801638E-02   1.1811743E-01
   3.5000000E-01   1.6194698E+06   3.5785307E+05   1.9758040E+06   1.3624337E-01   2.7653733E-02   1.1659366E-01
   4.0000000E-01   1.3201425E+06   2.7868031E+05   1.5976928E+06   1.3283463E-01   2.5801747E-02   1.1417320E-01
   4.5000000E-01   1.1022435E+06   2.2324133E+05   1.3246077E+06   1.3068524E-01   2.6487824E-02   1.1313080E-01
   5.0000000E-01   9.2209281E+05   1.7709489E+05   1.0986975E+06   1.2711504E-01   2.6093150E-02   1.1084668E-01
   5.5000000E-01   7.7690183E+05   1.4108073E+05   9.1750220E+05   1.2430075E-01   2.4569239E-02   1.0898178E-01
   6.0000000E-01   6.5194109E+05   1.1377456E+05   7.6524349E+05   1.2237880E-01   2.5056149E-02   1.0792410E-01
   6.5000000E-01   5.5202770E+05   9.0923995E+04   6.4262848E+05   1.1970541E-01   2.6202952E-02   1.0649149E-01
   7.0000000E-01   4.6141746E+05   7.2929342E+04   5.3412399E+05   1.1659243E-01   2.5078945E-02   1.0410999E-01
   7.5000000E-01   3.8153047E+05   5.7126014E+04   4.3853341E+05   1.1506303E-01   2.7150035E-02   1.0361514E-01
   8.0000000E-01   3.1248084E+05   4.4022257E+04   3.5637577E+05   1.1362331E-01   3.0595051E-02   1.0337119E-01
   8.5000000E-01   2.4876479E+05   3.3909365E+04   2.8259552E+05   1.1391862E-01   3.0977099E-02   1.0396948E-01
   9.0000000E-01   1.8738903E+05   2.4287044E+04   2.1164071E+05   1.1311183E-01   3.1472474E-02   1.0372856E-01
   9.5000000E-01   1.2151731E+05   1.5020876E+04   1.3653149E+05   1.1403565E-01   3.7652488E-02   1.0562727E-01
   1.0000000E+00   5.4262011E+04   6.1555630E+03   6.0411287E+04   1.1783236E-01   3.8529303E-02   1.0980469E-01
