   0.0000000E+00   5.9455194E+06   8.5785686E+08   8.6333230E+08   1.2004621E-04   7.9257674E-06   7.1567576E-06
   5.0000000E-02   5.9715571E+06   8.9802731E+07   9.5698721E+07   3.8966144E-05   9.7166857E-05   9.3070741E-05
   1.0000000E-01   6.1287067E+06   6.4923758E+06   1.2615321E+07   3.7664569E-05   9.7147156E-04   4.8431749E-04
   1.5000000E-01   6.3623568E+06   5.3898352E+05   6.8986453E+06   7.6793355E-06   7.0501157E-03   5.5280457E-04
   2.0000000E-01   6.8032054E+06   5.1407047E+04   6.8526071E+06   2.1961968E-05   4.5282431E-02   3.2764063E-04
   2.5000000E-01   7.5472547E+06   8.6580289E+03   7.5527933E+06   1.4534200E-05   1.8150651E-01   1.9333243E-04
   3.0000000E-01   8.9232447E+06   3.4165261E+03   8.9190855E+06   3.5083733E-05   3.3306845E-01   9.4047410E-05
   3.5000000E-01   1.1239495E+07   2.1281290E+03   1.1227717E+07   1.7187727E-05   4.1300253E-01   6.1091044E-05
   4.0000000E-01   1.2520051E+07   1.5199297E+03   1.2502966E+07   2.1927440E-05   4.3739665E-01   3.2619449E-05
   4.5000000E-01   7.5401175E+06   9.4078255E+02   7.5337584E+06   2.2805257E-05   4.5091174E-01   7.6395976E-05
   5.0000000E-01   1.7544413E+06   7.3211274E+02   1.7547342E+06   2.8585050E-04   5.1707728E-01   5.0211799E-04
   5.5000000E-01   2.4546901E+05   6.8870684E+02   2.4615193E+05   2.2626123E-03   4.8633357E-01   3.6138450E-03
   6.0000000E-01   3.0563054E+04   4.2971835E+02   3.0992773E+04   1.7917697E-02   5.6084031E-01   2.5439111E-02
   6.5000000E-01   4.7060892E+03   3.8686894E+02   5.0929582E+03   9.0718181E-02   5.6777963E-01   1.2691660E-01
   7.0000000E-01   1.2550504E+03   2.5010062E+02   1.5051510E+03   2.6875419E-01   5.7816625E-01   3.1914559E-01
   7.5000000E-01   6.9603762E+02   2.2918312E+02   9.2522074E+02   3.8603710E-01   6.2534787E-01   4.4531590E-01
   8.0000000E-01   5.2123244E+02   1.5915494E+02   6.8038738E+02   4.5052811E-01   7.0992174E-01   5.1120393E-01
   8.5000000E-01   3.4826846E+02   5.9917155E+01   4.0818562E+02   5.0039748E-01   7.1677993E-01   5.3212763E-01
   9.0000000E-01   3.1123633E+02   8.8419413E+01   3.9965575E+02   5.3453203E-01   7.8120643E-01   5.8891684E-01
   9.5000000E-01   1.6753152E+02   4.6908825E+01   2.1444034E+02   6.0048516E-01   8.3073916E-01   6.5085292E-01
   1.0000000E+00   4.4013219E+01   1.8862808E+01   6.2876027E+01   6.5839435E-01   8.8335631E-01   7.2572660E-01
