   0.0000000E+00   2.3267689E+07   2.6458936E+07   4.9717967E+07   9.6082615E-02   1.1631907E-04   4.4999435E-02
   5.0000000E-02   1.1175478E+07   7.9327917E+06   1.9096620E+07   6.8389909E-02   5.4844561E-04   4.0224151E-02
   1.0000000E-01   7.4881127E+06   4.6777866E+06   1.2158801E+07   4.1426857E-02   7.2809944E-04   2.5775818E-02
   1.5000000E-01   5.9489783E+06   3.4778963E+06   9.4182166E+06   2.8715521E-02   7.5194954E-04   1.8390879E-02
   2.0000000E-01   5.0344210E+06   2.8033711E+06   7.8299617E+06   2.2023101E-02   1.5410766E-03   1.4690688E-02
   2.5000000E-01   4.4040210E+06   2.3530103E+06   6.7496975E+06   1.7846927E-02   1.6956073E-03   1.2228322E-02
   3.0000000E-01   3.9218324E+06   2.0351143E+06   5.9506229E+06   1.5951798E-02   1.9371124E-03   1.1158379E-02
   3.5000000E-01   3.5314117E+06   1.7909296E+06   5.3164026E+06   1.4222796E-02   2.3739104E-03   1.0234409E-02
   4.0000000E-01   3.1871255E+06   1.5843636E+06   4.7656083E+06   1.3467185E-02   3.1210311E-03   1.0035408E-02
   4.5000000E-01   2.9090765E+06   1.4187425E+06   4.3224007E+06   1.3448377E-02   3.2540859E-03   1.0100730E-02
   5.0000000E-01   2.6433790E+06   1.2639576E+06   3.9030776E+06   1.3777233E-02   4.1080149E-03   1.0643907E-02
   5.5000000E-01   2.4102077E+06   1.1409268E+06   3.5470775E+06   1.4513220E-02   4.3141175E-03   1.1231441E-02
   6.0000000E-01   2.1837915E+06   1.0238491E+06   3.2036882E+06   1.5259667E-02   4.9620340E-03   1.1966665E-02
   6.5000000E-01   1.9809012E+06   9.1810365E+05   2.8956503E+06   1.6521378E-02   5.9125596E-03   1.3162320E-02
   7.0000000E-01   1.7870508E+06   8.2086663E+05   2.6049071E+06   1.8312378E-02   7.0571648E-03   1.4758559E-02
   7.5000000E-01   1.5963962E+06   7.2950684E+05   2.3236367E+06   2.0300475E-02   7.2385566E-03   1.6206349E-02
   8.0000000E-01   1.4089470E+06   6.3835456E+05   2.0451808E+06   2.2982267E-02   9.0003696E-03   1.8631323E-02
   8.5000000E-01   1.2158876E+06   5.4928303E+05   1.7634892E+06   2.6342132E-02   1.0918065E-02   2.1547922E-02
   9.0000000E-01   1.0158754E+06   4.5544132E+05   1.4703264E+06   3.0999541E-02   1.4022533E-02   2.5743640E-02
   9.5000000E-01   7.7777848E+05   3.4750393E+05   1.1245855E+06   3.9104648E-02   1.8098171E-02   3.2617184E-02
   1.0000000E+00   4.6452809E+05   2.0345425E+05   6.6778742E+05   5.3184324E-02   2.6748827E-02   4.5144662E-02
