   0.0000000E+00   1.9954057E+08   2.0633356E+08   4.0550591E+08   4.3096917E-06   9.0610386E-06   2.7295923E-06
   5.0000000E-02   1.0512050E+08   5.6996377E+07   1.6168971E+08   1.1255231E-05   1.8408252E-05   1.3355595E-05
   1.0000000E-01   4.6412446E+07   2.1036623E+07   6.7323178E+07   1.4277098E-05   2.4907257E-05   1.7729447E-05
   1.5000000E-01   2.2504700E+07   9.9122760E+06   3.2366089E+07   3.1133194E-05   4.1098006E-05   3.3670139E-05
   2.0000000E-01   1.1580145E+07   5.0471375E+06   1.6610906E+07   6.1779863E-05   7.1634260E-05   6.4798410E-05
   2.5000000E-01   6.1779111E+06   2.6900750E+06   8.8628804E+06   9.2417058E-05   1.1022324E-04   9.7758528E-05
   3.0000000E-01   3.3872204E+06   1.4614562E+06   4.8464696E+06   1.4036702E-04   2.0625920E-04   1.5905583E-04
   3.5000000E-01   1.8729354E+06   8.1132643E+05   2.6835979E+06   2.5918979E-04   2.8404756E-04   2.6555073E-04
   4.0000000E-01   1.0491335E+06   4.5377462E+05   1.5025500E+06   4.3945760E-04   5.9109490E-04   4.8504550E-04
   4.5000000E-01   5.9167442E+05   2.5525623E+05   8.4678918E+05   6.1879452E-04   7.7060325E-04   6.6352265E-04
   5.0000000E-01   3.3668910E+05   1.4678542E+05   4.8343632E+05   1.1256904E-03   1.5439885E-03   1.2483052E-03
   5.5000000E-01   1.9280319E+05   8.1892453E+04   2.7468407E+05   1.9091729E-03   1.9739858E-03   1.9273729E-03
   6.0000000E-01   1.0934475E+05   4.7672211E+04   1.5700105E+05   2.4736981E-03   2.8474432E-03   2.5873420E-03
   6.5000000E-01   6.2094913E+04   2.6933913E+04   8.9023930E+04   3.5874429E-03   4.5475413E-03   3.8780601E-03
   7.0000000E-01   3.6496502E+04   1.5924589E+04   5.2421091E+04   5.1719328E-03   5.7328730E-03   5.3423178E-03
   7.5000000E-01   2.1140021E+04   8.9720947E+03   3.0112115E+04   7.5178424E-03   9.5903722E-03   8.1318087E-03
   8.0000000E-01   1.1988346E+04   5.4351413E+03   1.7423487E+04   1.6045702E-02   1.2484610E-02   1.4934484E-02
   8.5000000E-01   6.9204314E+03   2.9059820E+03   9.8264134E+03   1.8186485E-02   2.0676235E-02   1.8900224E-02
   9.0000000E-01   3.9788736E+03   1.5880127E+03   5.5668862E+03   1.3995896E-02   3.8938641E-02   2.0969203E-02
   9.5000000E-01   1.8428467E+03   8.0415129E+02   2.6469980E+03   3.7708712E-02   4.1221208E-02   3.8768869E-02
   1.0000000E+00   7.9852554E+02   3.3324294E+02   1.1317685E+03   4.6114143E-02   9.3412456E-02   5.5395730E-02
