   0.0000000E+00   1.0333918E+08   5.3355867E+07   1.5666398E+08   6.5108370E-04   6.5488974E-04   6.5280703E-04
   5.0000000E-02   3.7851820E+07   1.8960065E+07   5.6784701E+07   2.0328141E-04   1.9320073E-04   1.8552119E-04
   1.0000000E-01   1.8783530E+07   9.3983540E+06   2.8170011E+07   1.5207727E-04   1.3385755E-04   7.6007740E-05
   1.5000000E-01   1.2012124E+07   6.0037276E+06   1.8007257E+07   1.4939577E-04   1.9222137E-04   1.6450560E-04
   2.0000000E-01   8.4821627E+06   4.2524291E+06   1.2728862E+07   5.3642165E-05   1.3881822E-04   6.9893920E-05
   2.5000000E-01   6.3210868E+06   3.1777003E+06   9.4948911E+06   2.8190211E-04   1.1326952E-04   1.8266155E-04
   3.0000000E-01   4.8968050E+06   2.4525140E+06   7.3463800E+06   5.7515569E-05   1.5541873E-04   6.2181054E-05
   3.5000000E-01   3.8652733E+06   1.9351331E+06   5.7982056E+06   2.4591283E-04   2.3198843E-04   2.0254817E-04
   4.0000000E-01   3.1181000E+06   1.5582781E+06   4.6747786E+06   3.3710896E-05   1.5805176E-04   7.0873196E-05
   4.5000000E-01   2.5474128E+06   1.2737559E+06   3.8200157E+06   2.3152708E-04   1.3403901E-04   1.9838533E-04
   5.0000000E-01   2.0792384E+06   1.0417137E+06   3.1202199E+06   4.9617733E-05   2.7280099E-04   6.8507679E-05
   5.5000000E-01   1.7159854E+06   8.5918204E+05   2.5745945E+06   1.1048039E-04   7.6580382E-04   3.2348483E-04
   6.0000000E-01   1.4261450E+06   7.1339081E+05   2.1390053E+06   3.9690210E-04   8.0868367E-04   4.6424541E-04
   6.5000000E-01   1.1820413E+06   5.9433353E+05   1.7760614E+06   5.6351457E-04   2.4167503E-04   3.7208071E-04
   7.0000000E-01   9.7204109E+05   4.8861932E+05   1.4604467E+06   4.9199112E-04   3.5285862E-04   4.3848070E-04
   7.5000000E-01   8.0015042E+05   3.9753509E+05   1.1974691E+06   5.6712515E-04   9.0826538E-05   3.7215841E-04
   8.0000000E-01   6.4489185E+05   3.2273439E+05   9.6758646E+05   7.9505980E-04   6.4892908E-04   6.4270212E-04
   8.5000000E-01   5.0702271E+05   2.5463667E+05   7.6159198E+05   8.7416349E-04   1.6528086E-03   1.1240685E-03
   9.0000000E-01   3.8333706E+05   1.9129363E+05   5.7458825E+05   1.4993759E-03   1.4286299E-03   1.4168140E-03
   9.5000000E-01   2.5205452E+05   1.2670409E+05   3.7873851E+05   2.6760027E-03   1.4454488E-03   2.2569017E-03
   1.0000000E+00   1.3012823E+05   6.6095279E+04   1.9622350E+05   5.9448030E-03   7.5918942E-03   6.4739713E-03
