   0.0000000E+00   3.2342464E+09   1.6628534E+09   4.6904143E+09   3.0667107E-05   6.2828454E-12   2.0308659E-05
   5.0000000E-02   2.0327269E+05   4.8701413E+04   2.5197411E+05   2.0491311E-01   5.2202645E-04   1.6540851E-01
   1.0000000E-01   8.1678317E+04   2.0276340E+04   1.0195466E+05   2.2531853E-01   2.3509274E-05   1.8051274E-01
   1.5000000E-01   4.4011647E+04   9.7827238E+03   5.3794371E+04   2.3160888E-01   1.5153615E-05   1.8949263E-01
   2.0000000E-01   2.5878594E+04   5.7136625E+03   3.1592256E+04   2.3112425E-01   7.8611324E-06   1.8932252E-01
   2.5000000E-01   1.7137804E+04   2.7756622E+03   1.9913466E+04   2.1526879E-01   4.8548300E-05   1.8527006E-01
   3.0000000E-01   1.1257560E+04   1.6021598E+03   1.2859719E+04   1.8193170E-01   9.3332811E-06   1.5926413E-01
   3.5000000E-01   9.3946889E+03   9.6402423E+02   1.0358713E+04   1.2693259E-01   1.0658360E-05   1.1511873E-01
   4.0000000E-01   7.3847894E+03   4.4563384E+02   7.8304232E+03   8.9151172E-02   2.0305256E-05   8.4078683E-02
   4.5000000E-01   6.6279192E+03   2.2635370E+02   6.8542729E+03   5.1740719E-02   8.0165882E-06   5.0032312E-02
   5.0000000E-01   5.8505357E+03   8.9126768E+01   5.9396625E+03   2.8626815E-02   5.9550628E-05   2.8196366E-02
   5.5000000E-01   5.2839441E+03   5.2087072E+01   5.3360312E+03   1.6836831E-02   4.1610955E-06   1.6672521E-02
   6.0000000E-01   4.9178877E+03   3.1830989E+01   4.9497187E+03   9.9429045E-03   8.0833485E-06   9.8789111E-03
   6.5000000E-01   4.4612355E+03   9.7941503E+00   4.4710296E+03   6.0094602E-03   2.4694833E-05   5.9962419E-03
   7.0000000E-01   4.0789138E+03   0.0000000E+00   4.0789138E+03   2.9507782E-03   0.0000000E+00   2.9507782E-03
   7.5000000E-01   3.3019346E+03   4.2441318E+00   3.3061787E+03   9.4277823E-04   2.1792745E-06   9.4156519E-04
   8.0000000E-01   2.9563031E+03   0.0000000E+00   2.9563031E+03   9.7780543E-06   0.0000000E+00   9.7780543E-06
   8.5000000E-01   2.1083349E+03   0.0000000E+00   2.1083349E+03   2.8804967E-05   0.0000000E+00   2.8804967E-05
   9.0000000E-01   1.3970267E+03   0.0000000E+00   1.3970267E+03   4.0551130E-07   0.0000000E+00   4.0551130E-07
   9.5000000E-01   7.7399562E+02   0.0000000E+00   7.7399562E+02   1.8594346E-05   0.0000000E+00   1.8594346E-05
   1.0000000E+00   3.7725616E+02   0.0000000E+00   3.7725616E+02   4.1041019E-06   0.0000000E+00   4.1041019E-06
