   0.0000000E+00   1.3735861E+08   1.7990620E+08   3.1672649E+08   3.4979392E-02   3.8628687E-03   1.7325171E-02
   5.0000000E-02   1.8809313E+07   8.5331878E+06   2.7315572E+07   9.6483976E-02   3.4353838E-02   7.7083104E-02
   1.0000000E-01   1.0748911E+07   4.8435306E+06   1.5574712E+07   7.8214726E-02   3.0337163E-02   6.3344271E-02
   1.5000000E-01   7.6774647E+06   3.4957428E+06   1.1157271E+07   6.8713797E-02   2.9981422E-02   5.6620409E-02
   2.0000000E-01   6.0508959E+06   2.7690891E+06   8.8066319E+06   6.1843177E-02   2.8878376E-02   5.1515842E-02
   2.5000000E-01   4.9792324E+06   2.2910290E+06   7.2580893E+06   5.7135410E-02   2.8476568E-02   4.8106978E-02
   3.0000000E-01   4.2028895E+06   1.9412977E+06   6.1341074E+06   5.4766850E-02   2.9157463E-02   4.6675271E-02
   3.5000000E-01   3.6199383E+06   1.6803943E+06   5.2917654E+06   5.2715163E-02   2.8632382E-02   4.5094027E-02
   4.0000000E-01   3.1550955E+06   1.4681725E+06   4.6163289E+06   5.1642138E-02   3.0356749E-02   4.4899044E-02
   4.5000000E-01   2.7680157E+06   1.2950544E+06   4.0567888E+06   5.1478287E-02   3.2042128E-02   4.5303513E-02
   5.0000000E-01   2.4457595E+06   1.1455082E+06   3.5868304E+06   5.1750067E-02   3.3974732E-02   4.6091172E-02
   5.5000000E-01   2.1487827E+06   1.0112647E+06   3.1555043E+06   5.3204898E-02   3.4830721E-02   4.7341757E-02
   6.0000000E-01   1.9068672E+06   8.9796810E+05   2.8009838E+06   5.4521492E-02   3.6762975E-02   4.8844336E-02
   6.5000000E-01   1.6806272E+06   8.0039755E+05   2.4773814E+06   5.7085061E-02   4.1215820E-02   5.1959070E-02
   7.0000000E-01   1.4777264E+06   7.0316473E+05   2.1779126E+06   5.9625538E-02   4.3322280E-02   5.4367028E-02
   7.5000000E-01   1.2895115E+06   6.1244095E+05   1.8997583E+06   6.3674187E-02   4.6102158E-02   5.8030004E-02
   8.0000000E-01   1.1103285E+06   5.3418367E+05   1.6424750E+06   6.8182308E-02   5.1046957E-02   6.2641976E-02
   8.5000000E-01   9.3432190E+05   4.4720667E+05   1.3801243E+06   7.5028199E-02   5.6643105E-02   6.9086710E-02
   9.0000000E-01   7.5695506E+05   3.6372210E+05   1.1198177E+06   8.2373557E-02   6.3951377E-02   7.6398782E-02
   9.5000000E-01   5.4974798E+05   2.6528281E+05   8.1447123E+05   9.5258808E-02   7.3975311E-02   8.8335971E-02
   1.0000000E+00   2.8970758E+05   1.3910063E+05   4.2870133E+05   1.1090293E-01   8.6794287E-02   1.0307962E-01
