   0.0000000E+00   3.2424171E+09   1.6608401E+09   4.6871019E+09   1.6596692E-05   2.4150572E-06   1.2076062E-05
   5.0000000E-02   1.3146198E+05   3.3549862E+04   1.6501184E+05   1.6274466E-01   4.9006943E-02   1.3961882E-01
   1.0000000E-01   6.2452400E+04   1.7347889E+04   7.9800288E+04   1.7122717E-01   5.2302655E-02   1.4537401E-01
   1.5000000E-01   3.7836435E+04   8.8914562E+03   4.6706671E+04   1.7185505E-01   4.3419099E-02   1.4731257E-01
   2.0000000E-01   2.8043101E+04   5.8887329E+03   3.3931834E+04   1.7306741E-01   4.1720127E-02   1.5027262E-01
   2.5000000E-01   2.1123044E+04   4.3035497E+03   2.5426594E+04   1.7367296E-01   3.8085320E-02   1.5072422E-01
   3.0000000E-01   1.6488452E+04   3.5969017E+03   2.0085354E+04   1.7548509E-01   2.0607062E-02   1.4774939E-01
   3.5000000E-01   1.3723703E+04   2.5737628E+03   1.6297466E+04   1.8235174E-01   2.6381854E-02   1.5772034E-01
   4.0000000E-01   1.0162043E+04   1.6472537E+03   1.1809297E+04   1.7577704E-01   3.5042140E-02   1.5614621E-01
   4.5000000E-01   8.7216909E+03   1.7117998E+03   1.0433491E+04   1.8248588E-01   1.5693022E-02   1.5512054E-01
   5.0000000E-01   7.1428738E+03   1.2286762E+03   8.3715500E+03   1.6551368E-01   2.7351882E-02   1.4523571E-01
   5.5000000E-01   6.1809992E+03   8.7390532E+02   7.0549046E+03   1.6163529E-01   3.0742427E-02   1.4541758E-01
   6.0000000E-01   5.0399065E+03   6.7906109E+02   5.7189676E+03   1.6539131E-01   1.2134946E-02   1.4719390E-01
   6.5000000E-01   4.2751466E+03   5.3378119E+02   4.8089278E+03   1.5076726E-01   5.3928435E-03   1.3463099E-01
   7.0000000E-01   3.6696583E+03   4.3199199E+02   4.1016502E+03   1.4762860E-01   1.4221012E-02   1.3357390E-01
   7.5000000E-01   2.7883946E+03   3.6923947E+02   3.1576341E+03   1.3913243E-01   3.6810679E-06   1.2286334E-01
   8.0000000E-01   2.2042960E+03   1.9496481E+02   2.3992608E+03   1.2990179E-01   7.3980817E-03   1.1984611E-01
   8.5000000E-01   1.7750457E+03   2.0971004E+02   1.9847558E+03   1.3295120E-01   1.3062722E-02   1.2028356E-01
   9.0000000E-01   1.4288577E+03   1.2378718E+02   1.5526449E+03   1.2387317E-01   2.2300152E-02   1.1577509E-01
   9.5000000E-01   7.7734625E+02   6.3661977E+01   8.4100823E+02   1.3443501E-01   4.1219937E-06   1.2425897E-01
   1.0000000E+00   3.8983137E+02   2.5150411E+01   4.1498178E+02   9.5202610E-02   1.1692956E-05   8.9432046E-02
