   0.0000000E+00   8.5113517E+06   2.1163839E+08   2.2004126E+08   3.1154631E-02   3.7176771E-06   1.2057218E-03
   5.0000000E-02   5.5389740E+06   4.8403538E+07   5.3870638E+07   1.2505740E-02   4.7688288E-06   1.2825183E-03
   1.0000000E-01   4.7709877E+06   1.9468756E+07   2.4201769E+07   5.8014619E-03   4.4854311E-06   1.1454001E-03
   1.5000000E-01   4.4433514E+06   9.8054724E+06   1.4224441E+07   3.5402262E-03   6.1429136E-06   1.1149998E-03
   2.0000000E-01   4.2419249E+06   5.3534789E+06   9.5809207E+06   2.5470197E-03   1.0092771E-05   1.1340475E-03
   2.5000000E-01   4.1160779E+06   3.0394774E+06   7.1443126E+06   1.9210180E-03   9.6897914E-06   1.1061216E-03
   3.0000000E-01   4.0546526E+06   1.7620256E+06   5.8078504E+06   1.3385972E-03   1.4062939E-05   9.3359663E-04
   3.5000000E-01   3.9916333E+06   1.0403004E+06   5.0245216E+06   8.9257448E-04   2.6850374E-05   7.1117553E-04
   4.0000000E-01   3.8943782E+06   6.1505428E+05   4.5028753E+06   7.9306667E-04   4.3614076E-05   6.9198303E-04
   4.5000000E-01   3.7668438E+06   3.6847552E+05   4.1294271E+06   4.6465931E-04   2.8439725E-05   4.2538786E-04
   5.0000000E-01   3.5719844E+06   2.1993303E+05   3.7878240E+06   3.7995656E-04   6.4778978E-05   3.6288004E-04
   5.5000000E-01   3.2794136E+06   1.3224908E+05   3.4074379E+06   3.3526328E-04   3.6547893E-05   3.2282530E-04
   6.0000000E-01   2.9151244E+06   8.0341415E+04   2.9914551E+06   2.4594875E-04   1.1380177E-04   2.4143432E-04
   6.5000000E-01   2.4840267E+06   4.8446765E+04   2.5296968E+06   1.7295202E-04   2.0618931E-04   1.7511745E-04
   7.0000000E-01   2.0234823E+06   2.9016220E+04   2.0501612E+06   1.5440585E-04   1.5901705E-04   1.5601634E-04
   7.5000000E-01   1.5681940E+06   1.8411044E+04   1.5851408E+06   1.8592629E-04   3.1638731E-04   1.8548863E-04
   8.0000000E-01   1.1554291E+06   1.1216445E+04   1.1658537E+06   1.2661399E-04   3.3543156E-04   1.2915870E-04
   8.5000000E-01   8.0917743E+05   6.4972665E+03   8.1524030E+05   1.0613228E-04   7.4218003E-04   1.0963448E-04
   9.0000000E-01   5.2122537E+05   3.7171521E+03   5.2480458E+05   1.5144924E-04   3.2114152E-04   1.5376606E-04
   9.5000000E-01   2.9545189E+05   1.9768719E+03   2.9737180E+05   1.3132859E-04   1.4597713E-05   1.3042801E-04
   1.0000000E+00   1.3581851E+05   7.4822472E+02   1.3656673E+05   4.5913852E-04   2.8088966E-06   4.5663652E-04
