   0.0000000E+00   3.2421252E+09   1.6613016E+09   4.6970622E+09   9.5362179E-06   2.0343574E-07   6.4830737E-06
   5.0000000E-02   8.0468739E+04   1.6997748E+04   9.7466487E+04   1.8621950E-01   7.5546704E-03   1.5506110E-01
   1.0000000E-01   3.7242257E+04   8.8808458E+03   4.6123103E+04   1.9851596E-01   3.9103285E-03   1.6104531E-01
   1.5000000E-01   2.2472678E+04   5.6659160E+03   2.8138594E+04   2.0324196E-01   5.4230574E-03   1.6340965E-01
   2.0000000E-01   1.5549438E+04   4.9178877E+03   2.0467326E+04   2.0657061E-01   5.0376623E-03   1.5814628E-01
   2.5000000E-01   1.2681466E+04   2.9284510E+03   1.5609917E+04   2.1679374E-01   8.2883517E-04   1.7627830E-01
   3.0000000E-01   9.2097660E+03   2.5676997E+03   1.1777466E+04   2.3052780E-01   5.0026318E-03   1.8135925E-01
   3.5000000E-01   8.1487331E+03   1.8280082E+03   9.9767413E+03   2.3796711E-01   3.3912199E-03   1.9498648E-01
   4.0000000E-01   6.8675358E+03   1.7347889E+03   8.6023247E+03   2.3907723E-01   1.3079205E-05   1.9086633E-01
   4.5000000E-01   5.3476061E+03   1.3510486E+03   6.6986547E+03   2.5315335E-01   2.4274107E-03   2.0258455E-01
   5.0000000E-01   4.5581976E+03   1.1459156E+03   5.7041132E+03   2.5778611E-01   4.0954068E-03   2.0682146E-01
   5.5000000E-01   3.7271194E+03   9.7229202E+02   4.6994114E+03   2.7135907E-01   6.7847677E-05   2.1522985E-01
   6.0000000E-01   3.2308453E+03   7.9046955E+02   4.0213149E+03   2.7787853E-01   1.2423930E-06   2.2325572E-01
   6.5000000E-01   2.6787001E+03   7.5414958E+02   3.4328497E+03   2.9147134E-01   2.5925967E-03   2.2800868E-01
   7.0000000E-01   2.2827366E+03   5.8205236E+02   2.8647890E+03   3.0314254E-01   4.9628203E-06   2.4155268E-01
   7.5000000E-01   1.8886387E+03   5.0505169E+02   2.3936903E+03   3.1649618E-01   2.5876359E-03   2.5026371E-01
   8.0000000E-01   1.5040142E+03   3.7401412E+02   1.8780283E+03   3.3054184E-01   8.9601174E-07   2.6471341E-01
   8.5000000E-01   1.2245569E+03   2.8086166E+02   1.5054185E+03   3.4442579E-01   8.3227780E-07   2.8016709E-01
   9.0000000E-01   9.0541479E+02   2.6172146E+02   1.1671362E+03   3.6391041E-01   7.4623048E-06   2.8230793E-01
   9.5000000E-01   5.8300969E+02   1.5077837E+02   7.3378805E+02   3.5728386E-01   8.9402140E-03   2.8570640E-01
   1.0000000E+00   3.2695534E+02   6.9163630E+01   3.9611897E+02   3.3287870E-01   7.9411674E-05   2.7477089E-01
