   0.0000000E+00   2.3330841E+07   2.1148000E+07   4.4475785E+07   3.5203501E-02   1.0260797E-03   1.8957353E-02
   5.0000000E-02   1.4060575E+07   9.1064639E+06   2.3158508E+07   1.3721195E-02   8.2873441E-04   8.6477657E-03
   1.0000000E-01   9.6883343E+06   5.3194675E+06   1.5000990E+07   4.7585644E-03   1.3217016E-03   3.5397584E-03
   1.5000000E-01   7.4247054E+06   3.8508493E+06   1.1268382E+07   2.8224754E-03   1.1787895E-03   2.2484496E-03
   2.0000000E-01   6.0227573E+06   3.0261562E+06   9.0426587E+06   1.9540372E-03   1.4477362E-03   1.7812810E-03
   2.5000000E-01   5.0391638E+06   2.4931176E+06   7.5270993E+06   1.4551359E-03   6.9038791E-04   1.2032812E-03
   3.0000000E-01   4.2998573E+06   2.1160074E+06   6.4111537E+06   1.2169607E-03   1.1016080E-03   1.1817867E-03
   3.5000000E-01   3.7388406E+06   1.8326646E+06   5.5673763E+06   1.3419838E-03   6.8938119E-04   1.1242533E-03
   4.0000000E-01   3.2738092E+06   1.5965151E+06   4.8667513E+06   1.1951912E-03   1.2277417E-03   1.1882393E-03
   4.5000000E-01   2.8962521E+06   1.4110889E+06   4.3044480E+06   1.2848720E-03   1.1599861E-03   1.2134636E-03
   5.0000000E-01   2.5612932E+06   1.2473419E+06   3.8064515E+06   1.6026407E-03   1.1725994E-03   1.4514976E-03
   5.5000000E-01   2.2851177E+06   1.1041360E+06   3.3868924E+06   1.8274769E-03   1.8236358E-03   1.8115270E-03
   6.0000000E-01   2.0331885E+06   9.8911084E+05   3.0202303E+06   2.2664157E-03   2.0869390E-03   2.2048100E-03
   6.5000000E-01   1.8065898E+06   8.7728163E+05   2.6821477E+06   2.5573113E-03   2.0437430E-03   2.3871726E-03
   7.0000000E-01   1.6024356E+06   7.7716723E+05   2.3782660E+06   2.9184571E-03   2.1917810E-03   2.6507050E-03
   7.5000000E-01   1.4136312E+06   6.8368295E+05   2.0960706E+06   3.9820306E-03   3.8628081E-03   3.9411985E-03
   8.0000000E-01   1.2292451E+06   5.9610290E+05   1.8244329E+06   4.4965548E-03   4.2512491E-03   4.4110667E-03
   8.5000000E-01   1.0434535E+06   5.0795892E+05   1.5506897E+06   5.0377713E-03   5.6197815E-03   5.2342579E-03
   9.0000000E-01   8.6011575E+05   4.1656861E+05   1.2763236E+06   7.1925184E-03   6.9672455E-03   7.1199660E-03
   9.5000000E-01   6.5219015E+05   3.1669488E+05   9.6855667E+05   1.1367458E-02   1.1046828E-02   1.1260443E-02
   1.0000000E+00   4.1888009E+05   2.0397612E+05   6.2276190E+05   1.8601210E-02   1.8625305E-02   1.8609968E-02
