   0.0000000E+00   2.7229766E+09   1.6620125E+09   4.2139503E+09   1.2799709E-02   2.8292728E-07   8.0021940E-03
   5.0000000E-02   1.9539771E+06   4.5180905E+05   2.4055315E+06   2.4566160E-01   2.4394646E-04   1.9955957E-01
   1.0000000E-01   3.4568454E+05   2.5464791E+02   3.4587552E+05   4.9924410E-04   1.1748055E-01   5.8498450E-04
   1.5000000E-01   3.5485186E+05   0.0000000E+00   3.5483064E+05   3.6857506E-05   0.0000000E+00   3.6859668E-05
   2.0000000E-01   3.6204566E+05   0.0000000E+00   3.6202975E+05   1.4871832E-05   0.0000000E+00   1.4872486E-05
   2.5000000E-01   3.6586538E+05   1.2732395E+01   3.6580172E+05   1.9230619E-05   3.3694340E-01   7.4993500E-06
   3.0000000E-01   3.7930867E+05   0.0000000E+00   3.7927684E+05   2.0603190E-05   0.0000000E+00   2.0603202E-05
   3.5000000E-01   3.9427681E+05   0.0000000E+00   3.9423134E+05   1.6051639E-05   0.0000000E+00   1.6050870E-05
   4.0000000E-01   4.1941306E+05   7.9577472E+00   4.1927778E+05   2.5992116E-06   3.0051592E-01   8.1398391E-06
   4.5000000E-01   4.4684342E+05   0.0000000E+00   4.4675854E+05   2.4295113E-05   0.0000000E+00   2.4148582E-05
   5.0000000E-01   4.8472229E+05   0.0000000E+00   4.8460134E+05   4.6880586E-07   0.0000000E+00   4.6859963E-07
   5.5000000E-01   5.4649177E+05   0.0000000E+00   5.4633551E+05   8.1852683E-06   0.0000000E+00   8.1873277E-06
   6.0000000E-01   6.4535207E+05   0.0000000E+00   6.4504437E+05   4.2004409E-06   0.0000000E+00   4.2021782E-06
   6.5000000E-01   8.7839327E+05   0.0000000E+00   8.7792315E+05   6.5266061E-06   0.0000000E+00   6.5613275E-06
   7.0000000E-01   1.4714738E+06   0.0000000E+00   1.4698823E+06   1.5379221E-06   0.0000000E+00   1.3967076E-06
   7.5000000E-01   1.1577992E+05   0.0000000E+00   1.1575445E+05   5.1653701E-05   0.0000000E+00   5.1665952E-05
   8.0000000E-01   5.9683104E+01   0.0000000E+00   5.9683104E+01   1.6358753E-02   0.0000000E+00   1.6358753E-02
   8.5000000E-01   3.7448222E+00   0.0000000E+00   3.7448222E+00   2.3775370E-01   0.0000000E+00   2.3775370E-01
   9.0000000E-01   3.5367765E+00   0.0000000E+00   3.5367765E+00   3.3861288E-01   0.0000000E+00   3.3861288E-01
   9.5000000E-01   0.0000000E+00   0.0000000E+00   0.0000000E+00   0.0000000E+00   0.0000000E+00   0.0000000E+00
   1.0000000E+00   0.0000000E+00   0.0000000E+00   0.0000000E+00   0.0000000E+00   0.0000000E+00   0.0000000E+00
