   0.0000000E+00   4.9257564E+07   2.4932067E+07   7.4184029E+07   1.9478926E-02   1.0596746E-02   1.6487542E-02
   5.0000000E-02   2.0358145E+07   1.0211954E+07   3.0560996E+07   4.8614842E-03   3.6198519E-03   4.4502462E-03
   1.0000000E-01   1.1338930E+07   5.6932588E+06   1.7027064E+07   1.9272739E-03   2.2388050E-03   2.0345992E-03
   1.5000000E-01   8.0102258E+06   4.0160946E+06   1.2021334E+07   1.2841054E-03   9.8128097E-04   1.1823635E-03
   2.0000000E-01   6.1800024E+06   3.1082324E+06   9.2842399E+06   1.0438190E-03   6.0005269E-04   8.9869949E-04
   2.5000000E-01   5.0580078E+06   2.5110321E+06   7.5657294E+06   7.4010355E-04   7.7283257E-04   7.4710606E-04
   3.0000000E-01   4.2449064E+06   2.1360503E+06   6.3784102E+06   3.3469880E-04   8.3390470E-04   4.9663327E-04
   3.5000000E-01   3.6466490E+06   1.8329102E+06   5.4772583E+06   9.8060032E-04   4.4212158E-04   8.0183588E-04
   4.0000000E-01   3.1789767E+06   1.5888358E+06   4.7658470E+06   4.0345162E-04   4.7603869E-04   4.2665526E-04
   4.5000000E-01   2.8020607E+06   1.3972955E+06   4.1973261E+06   8.0023710E-04   8.9355704E-04   7.8361897E-04
   5.0000000E-01   2.4718227E+06   1.2396260E+06   3.7100736E+06   5.0192503E-04   2.7237087E-04   3.6342925E-04
   5.5000000E-01   2.1967318E+06   1.1025155E+06   3.2979103E+06   8.1684389E-04   9.7268487E-04   8.5395810E-04
   6.0000000E-01   1.9480406E+06   9.7620337E+05   2.9230874E+06   4.0532364E-04   5.7081542E-04   4.5653575E-04
   6.5000000E-01   1.7272768E+06   8.6745320E+05   2.5937065E+06   6.7461210E-04   1.0761442E-03   8.0075106E-04
   7.0000000E-01   1.5299974E+06   7.6738602E+05   2.2964285E+06   1.0123038E-03   1.1040231E-03   1.0167392E-03
   7.5000000E-01   1.3369822E+06   6.7184182E+05   2.0081407E+06   1.8789782E-03   1.2868757E-03   1.6733681E-03
   8.0000000E-01   1.1548203E+06   5.7715551E+05   1.7313591E+06   1.1896174E-03   1.1700664E-03   1.1719253E-03
   8.5000000E-01   9.6733625E+05   4.8583825E+05   1.4527626E+06   1.6753502E-03   2.0023419E-03   1.7767669E-03
   9.0000000E-01   7.7464248E+05   3.9047427E+05   1.1648692E+06   3.6499051E-03   3.0956141E-03   3.4597398E-03
   9.5000000E-01   5.5741422E+05   2.7846419E+05   8.3569078E+05   4.6521749E-03   6.5623339E-03   5.2895944E-03
   1.0000000E+00   3.2057342E+05   1.6174229E+05   4.8229056E+05   8.7305339E-03   1.0035919E-02   9.1644484E-03
