   0.0000000E+00   3.2406085E+09   1.6623803E+09   4.6980268E+09   2.6651320E-05   3.8220664E-07   1.7605248E-05
   5.0000000E-02   1.6953185E+05   4.0934651E+04   2.1046650E+05   1.9444287E-01   5.9989533E-03   1.5779150E-01
   1.0000000E-01   7.3911556E+04   1.7952678E+04   9.1864233E+04   2.1008753E-01   3.2779966E-03   1.6967153E-01
   1.5000000E-01   4.2420097E+04   9.5280759E+03   5.1948173E+04   2.1442267E-01   1.8877142E-03   1.7544056E-01
   2.0000000E-01   2.7836200E+04   5.2043666E+03   3.3040566E+04   2.0640910E-01   4.7839966E-06   1.7389593E-01
   2.5000000E-01   1.9264114E+04   3.1067045E+03   2.2370819E+04   1.8226507E-01   2.7152438E-06   1.5695374E-01
   3.0000000E-01   1.3369015E+04   1.6870424E+03   1.5056058E+04   1.6304334E-01   1.0511872E-06   1.4477433E-01
   3.5000000E-01   1.0204105E+04   1.0640645E+03   1.1268170E+04   1.3904164E-01   3.0756004E-06   1.2591209E-01
   4.0000000E-01   8.0611979E+03   7.7985922E+02   8.8410571E+03   1.0333041E-01   6.2616644E-06   9.4215200E-02
   4.5000000E-01   7.0594059E+03   5.0929582E+02   7.5687017E+03   6.9017248E-02   1.7021891E-05   6.4374242E-02
   5.0000000E-01   6.0160568E+03   2.1008452E+02   6.2261414E+03   4.9642172E-02   4.9669359E-06   4.7967297E-02
   5.5000000E-01   5.3302437E+03   1.7941103E+02   5.5096548E+03   3.4311449E-02   1.8622453E-05   3.3193558E-02
   6.0000000E-01   4.4245074E+03   7.4272307E+01   4.4987797E+03   2.0925086E-02   4.5287821E-06   2.0579699E-02
   6.5000000E-01   3.7511596E+03   4.4073677E+01   3.7952333E+03   1.1221509E-02   1.9421645E-06   1.1091172E-02
   7.0000000E-01   3.1967407E+03   1.3641852E+01   3.2103826E+03   9.9449373E-03   9.5894122E-06   9.9026376E-03
   7.5000000E-01   2.5719439E+03   4.2441318E+00   2.5761880E+03   7.5729420E-03   3.8416558E-04   7.5610988E-03
   8.0000000E-01   1.9576058E+03   0.0000000E+00   1.9576058E+03   5.9427664E-03   0.0000000E+00   5.9427664E-03
   8.5000000E-01   1.5765701E+03   0.0000000E+00   1.5765701E+03   2.8084923E-03   0.0000000E+00   2.8084923E-03
   9.0000000E-01   1.0292020E+03   0.0000000E+00   1.0292020E+03   1.4266577E-03   0.0000000E+00   1.4266577E-03
   9.5000000E-01   6.2656788E+02   0.0000000E+00   6.2656788E+02   3.6301558E-05   0.0000000E+00   3.6301558E-05
   1.0000000E+00   3.0809253E+02   0.0000000E+00   3.0809253E+02   1.1671762E-05   0.0000000E+00   1.1671762E-05
