   0.0000000E+00   2.6439405E+09   1.5293201E+09   4.0238897E+09   1.0669157E-03   1.7943194E-04   7.4648260E-04
   5.0000000E-02   7.1522958E+06   2.1081664E+06   9.2553692E+06   1.5986528E-01   4.8276537E-02   1.3444165E-01
   1.0000000E-01   3.4676042E+06   9.3226599E+05   4.3978330E+06   1.6108381E-01   4.5322839E-02   1.3657168E-01
   1.5000000E-01   2.2037654E+06   5.6856512E+05   2.7711210E+06   1.6362816E-01   4.2990232E-02   1.3889741E-01
   2.0000000E-01   1.5782759E+06   3.8639637E+05   1.9636855E+06   1.6430203E-01   4.0096848E-02   1.3989315E-01
   2.5000000E-01   1.1986404E+06   2.7946335E+05   1.4774544E+06   1.6423739E-01   3.6757167E-02   1.4014059E-01
   3.0000000E-01   9.3955529E+05   2.0984049E+05   1.1488653E+06   1.6339884E-01   3.2630884E-02   1.3953730E-01
   3.5000000E-01   7.6383459E+05   1.6281096E+05   9.2628177E+05   1.6399645E-01   3.0433435E-02   1.4052239E-01
   4.0000000E-01   6.2426935E+05   1.2737966E+05   7.5129091E+05   1.6349059E-01   2.8448972E-02   1.4061570E-01
   4.5000000E-01   5.1638352E+05   1.0134987E+05   6.1754947E+05   1.6308435E-01   2.8672540E-02   1.4102681E-01
   5.0000000E-01   4.3514235E+05   8.0704289E+04   5.1575114E+05   1.6071759E-01   2.5678196E-02   1.3958210E-01
   5.5000000E-01   3.6478892E+05   6.5172502E+04   4.2986303E+05   1.5732007E-01   2.4547893E-02   1.3720907E-01
   6.0000000E-01   3.0690378E+05   5.2446859E+04   3.5926045E+05   1.5478257E-01   2.4297299E-02   1.3574390E-01
   6.5000000E-01   2.5442264E+05   4.1605551E+04   2.9596453E+05   1.5258675E-01   2.2984471E-02   1.3436731E-01
   7.0000000E-01   2.1560493E+05   3.2867769E+04   2.4842268E+05   1.5116349E-01   2.1192467E-02   1.3397657E-01
   7.5000000E-01   1.7864400E+05   2.6249955E+04   2.0485151E+05   1.4806773E-01   2.2833180E-02   1.3201704E-01
   8.0000000E-01   1.4581378E+05   2.0550882E+04   1.6631692E+05   1.4618698E-01   2.1708061E-02   1.3085493E-01
   8.5000000E-01   1.1604829E+05   1.5327557E+04   1.3135713E+05   1.4497142E-01   2.0320520E-02   1.3043513E-01
   9.0000000E-01   8.7475093E+04   1.0712896E+04   9.8184453E+04   1.4333134E-01   2.8212737E-02   1.3077592E-01
   9.5000000E-01   5.7389597E+04   6.6711051E+03   6.4057352E+04   1.4106733E-01   2.5563649E-02   1.2902337E-01
   1.0000000E+00   2.4892619E+04   2.8482840E+03   2.7740903E+04   1.4365720E-01   2.6111140E-02   1.3157905E-01
