   0.0000000E+00   3.2433404E+09   1.6600655E+09   4.6841658E+09   1.4856532E-05   1.5181767E-10   9.8566346E-06
   5.0000000E-02   9.2628177E+04   1.9098593E+04   1.1172677E+05   1.9007337E-01   5.8139911E-05   1.5757226E-01
   1.0000000E-01   4.2812680E+04   1.0536057E+04   5.3348737E+04   2.0695466E-01   1.4337123E-06   1.6608263E-01
   1.5000000E-01   2.5358688E+04   6.1327705E+03   3.1491458E+04   2.1699944E-01   1.1855718E-03   1.7497100E-01
   2.0000000E-01   1.6217889E+04   3.8356341E+03   2.0053523E+04   2.2961276E-01   1.8785638E-06   1.8569440E-01
   2.5000000E-01   1.1395494E+04   3.0303101E+03   1.4425804E+04   2.4012753E-01   6.4534352E-06   1.8968727E-01
   3.0000000E-01   8.2972777E+03   2.0690143E+03   1.0366292E+04   2.5269314E-01   1.0514813E-05   2.0225587E-01
   3.5000000E-01   6.5208054E+03   1.5187929E+03   8.0395983E+03   2.4773964E-01   4.4578273E-06   2.0093899E-01
   4.0000000E-01   4.9497187E+03   1.1459156E+03   6.0956343E+03   2.7240565E-01   2.5678926E-05   2.2119140E-01
   4.5000000E-01   3.5792178E+03   8.4882636E+02   4.4280442E+03   2.7344172E-01   4.2974802E-06   2.2102560E-01
   5.0000000E-01   3.0239439E+03   5.9205639E+02   3.6160003E+03   2.8096303E-01   7.1581645E-06   2.3495911E-01
   5.5000000E-01   2.4191551E+03   5.6138289E+02   2.9805380E+03   2.7292542E-01   3.7443848E-05   2.2152710E-01
   6.0000000E-01   1.8886387E+03   4.1910802E+02   2.3077467E+03   2.6939650E-01   2.4179913E-05   2.2046723E-01
   6.5000000E-01   1.5621670E+03   3.2810404E+02   1.8902710E+03   2.5763403E-01   9.5261123E-06   2.1291352E-01
   7.0000000E-01   1.0004025E+03   1.9098593E+02   1.1913884E+03   2.5626368E-01   1.9255099E-06   2.1518355E-01
   7.5000000E-01   9.2522074E+02   1.5278875E+02   1.0780095E+03   2.1941886E-01   4.2461226E-05   1.8831410E-01
   8.0000000E-01   8.9126768E+02   8.3556345E+01   9.7482403E+02   2.1048901E-01   2.6330600E-05   1.9244484E-01
   8.5000000E-01   5.9542673E+02   6.7406799E+01   6.6283353E+02   1.9170588E-01   8.5795290E-05   1.7220165E-01
   9.0000000E-01   4.2794996E+02   6.7198754E+01   4.9514871E+02   1.5443899E-01   8.5938889E-06   1.3348058E-01
   9.5000000E-01   2.6134917E+02   3.3506304E+01   2.9485547E+02   1.7177255E-01   4.7698031E-06   1.5225240E-01
   1.0000000E+00   1.3203966E+02   0.0000000E+00   1.3203966E+02   1.6053521E-01   0.0000000E+00   1.6053521E-01
