   0.0000000E+00   2.4567717E+08   2.0319986E+08   4.4857401E+08   1.2799901E-05   8.5220611E-06   1.0325774E-05
   5.0000000E-02   1.1076878E+08   5.6158331E+07   1.6663039E+08   5.3670840E-06   1.5634993E-05   7.6394056E-06
   1.0000000E-01   4.4875169E+07   2.0951889E+07   6.5748212E+07   2.6660466E-05   3.2128954E-05   2.8107381E-05
   1.5000000E-01   2.1382594E+07   9.8759250E+06   3.1227303E+07   4.0791495E-05   5.9295360E-05   4.4214947E-05
   2.0000000E-01   1.1037523E+07   5.0858440E+06   1.6112385E+07   1.0682367E-04   1.2161720E-04   1.1137053E-04
   2.5000000E-01   5.9285216E+06   2.7300802E+06   8.6545530E+06   1.3600623E-04   1.7039643E-04   1.4639310E-04
   3.0000000E-01   3.2535939E+06   1.5069533E+06   4.7591042E+06   2.6223345E-04   3.2252912E-04   2.8101113E-04
   3.5000000E-01   1.8233427E+06   8.4102929E+05   2.6637445E+06   4.6081539E-04   4.1411719E-04   4.4612776E-04
   4.0000000E-01   1.0265812E+06   4.7462391E+05   1.5010698E+06   6.3096254E-04   7.5011398E-04   6.6830794E-04
   4.5000000E-01   5.8443110E+05   2.6895063E+05   8.5328978E+05   9.0033073E-04   1.1070849E-03   9.6488174E-04
   5.0000000E-01   3.3408532E+05   1.5480046E+05   4.8885396E+05   1.5445575E-03   2.0609989E-03   1.7051981E-03
   5.5000000E-01   1.9236913E+05   9.0122210E+04   2.8247977E+05   2.8361284E-03   2.6655340E-03   2.7816745E-03
   6.0000000E-01   1.1119625E+05   5.1173619E+04   1.6236987E+05   3.9260431E-03   3.7843881E-03   3.8796209E-03
   6.5000000E-01   6.4088023E+04   2.9955409E+04   9.4043432E+04   6.0048026E-03   5.6036347E-03   5.8760913E-03
   7.0000000E-01   3.8069862E+04   1.7507044E+04   5.5576906E+04   1.0057177E-02   9.3111342E-03   9.8198756E-03
   7.5000000E-01   2.1793617E+04   1.0058592E+04   3.1852209E+04   1.2276521E-02   1.3012494E-02   1.2501774E-02
   8.0000000E-01   1.2911445E+04   6.0319723E+03   1.8943417E+04   2.2025360E-02   1.9402498E-02   2.1187413E-02
   8.5000000E-01   7.3473411E+03   3.4677053E+03   1.0815046E+04   2.8679380E-02   3.1903836E-02   2.9712688E-02
   9.0000000E-01   4.0319252E+03   1.8285135E+03   5.8604387E+03   3.6601966E-02   3.1376374E-02   3.4892826E-02
   9.5000000E-01   2.0941440E+03   9.0802083E+02   3.0021648E+03   4.0373212E-02   2.8935974E-02   3.6913025E-02
   1.0000000E+00   8.1110075E+02   3.3324294E+02   1.1443437E+03   8.6062000E-02   5.8985165E-02   7.7501870E-02
