   0.0000000E+00   6.1274908E+07   1.2797585E+08   1.8906130E+08   1.0087615E-01   1.4802738E-05   3.2640336E-02
   5.0000000E-02   1.9390865E+07   1.0812669E+07   3.0166292E+07   1.1799717E-01   7.2034034E-05   7.5749835E-02
   1.0000000E-01   1.0924936E+07   5.8161582E+06   1.6720659E+07   9.4115404E-02   1.5150216E-04   6.1480068E-02
   1.5000000E-01   7.7934780E+06   4.0346627E+06   1.1811376E+07   7.9782580E-02   8.2820631E-05   5.2608511E-02
   2.0000000E-01   6.0995336E+06   3.0926829E+06   9.1788794E+06   6.8889185E-02   1.6838069E-04   4.5768838E-02
   2.5000000E-01   5.0088862E+06   2.4821168E+06   7.4799513E+06   6.2740780E-02   2.4489477E-04   4.2054349E-02
   3.0000000E-01   4.2437392E+06   2.0660858E+06   6.3001272E+06   5.8365103E-02   2.7784376E-04   3.9340127E-02
   3.5000000E-01   3.6636195E+06   1.7470211E+06   5.4019188E+06   5.5116237E-02   4.3772391E-04   3.7449721E-02
   4.0000000E-01   3.1885181E+06   1.5057570E+06   4.6874075E+06   5.3853048E-02   4.2577733E-04   3.6725531E-02
   4.5000000E-01   2.8024710E+06   1.3101281E+06   4.1063036E+06   5.3275047E-02   5.8761902E-04   3.6494967E-02
   5.0000000E-01   2.4840458E+06   1.1461639E+06   3.6259443E+06   5.3724792E-02   6.2641124E-04   3.6974521E-02
   5.5000000E-01   2.2052509E+06   1.0047423E+06   3.2055600E+06   5.4467026E-02   8.1874391E-04   3.7672002E-02
   6.0000000E-01   1.9557012E+06   8.7638669E+05   2.8282629E+06   5.6071532E-02   5.9091624E-04   3.8910797E-02
   6.5000000E-01   1.7282268E+06   7.7220020E+05   2.4971753E+06   5.9248677E-02   1.0077521E-03   4.1274712E-02
   7.0000000E-01   1.5287742E+06   6.7614931E+05   2.2021087E+06   6.3169394E-02   1.2845027E-03   4.4185450E-02
   7.5000000E-01   1.3352506E+06   5.8574536E+05   1.9191327E+06   6.6836575E-02   1.2174198E-03   4.6847840E-02
   8.0000000E-01   1.1593602E+06   5.0180758E+05   1.6594330E+06   7.3323470E-02   1.5062620E-03   5.1625491E-02
   8.5000000E-01   9.7709901E+05   4.2230360E+05   1.3980545E+06   8.0019383E-02   1.9242456E-03   5.6456298E-02
   9.0000000E-01   7.9334495E+05   3.4047133E+05   1.1330877E+06   9.1271767E-02   2.2718756E-03   6.4541818E-02
   9.5000000E-01   5.8684951E+05   2.4603679E+05   8.3229324E+05   1.0563317E-01   2.8949010E-03   7.5292336E-02
   1.0000000E+00   3.2537086E+05   1.2548169E+05   4.5075824E+05   1.2812796E-01   4.2361936E-03   9.3650428E-02
