   0.0000000E+00   6.6551722E+07   3.1696535E+07   9.8245710E+07   6.1986516E-03   4.0725259E-05   4.2136573E-03
   5.0000000E-02   2.3417294E+07   1.1399186E+07   3.4813616E+07   1.7960410E-03   2.4068276E-05   1.2108737E-03
   1.0000000E-01   1.2296788E+07   6.0771405E+06   1.8371637E+07   5.7256373E-04   3.1525968E-05   3.7425600E-04
   1.5000000E-01   8.4323684E+06   4.1706235E+06   1.2601464E+07   8.0243353E-04   4.2661779E-05   5.3544969E-04
   2.0000000E-01   6.3991746E+06   3.1941442E+06   9.5918864E+06   2.9204949E-04   4.3170354E-05   1.8427222E-04
   2.5000000E-01   5.1601852E+06   2.5727715E+06   7.7318872E+06   6.3013514E-04   3.5207027E-05   4.1443633E-04
   3.0000000E-01   4.2990191E+06   2.1417905E+06   6.4400562E+06   6.3877257E-04   1.0331705E-05   4.3374437E-04
   3.5000000E-01   3.6585083E+06   1.8297816E+06   5.4875078E+06   3.4033835E-04   3.1076090E-05   2.1307835E-04
   4.0000000E-01   3.1586208E+06   1.5856130E+06   4.7435892E+06   3.4061511E-04   2.3874516E-05   2.2148426E-04
   4.5000000E-01   2.7570234E+06   1.3800785E+06   4.1365219E+06   6.6843109E-04   3.5859484E-05   4.3232257E-04
   5.0000000E-01   2.4232104E+06   1.2247228E+06   3.6475448E+06   1.1071959E-04   4.6452016E-05   6.7340926E-05
   5.5000000E-01   2.1429316E+06   1.0769755E+06   3.2194672E+06   1.0726509E-04   4.3969490E-05   7.3190667E-05
   6.0000000E-01   1.8971641E+06   9.5397473E+05   2.8508152E+06   2.1565106E-04   4.6509227E-05   1.4181124E-04
   6.5000000E-01   1.6733110E+06   8.4217940E+05   2.5152260E+06   7.4266647E-04   1.2750783E-05   4.9284658E-04
   7.0000000E-01   1.4713693E+06   7.4061161E+05   2.2117217E+06   1.4207564E-03   2.7946686E-05   9.3534587E-04
   7.5000000E-01   1.2731122E+06   6.4698394E+05   1.9198840E+06   2.9288712E-04   4.7858055E-05   1.8107677E-04
   8.0000000E-01   1.0940191E+06   5.5116153E+05   1.6450772E+06   1.6215923E-03   2.0505856E-05   1.0769645E-03
   8.5000000E-01   9.0638553E+05   4.6036972E+05   1.3666541E+06   1.8448819E-03   4.1999556E-05   1.2084894E-03
   9.0000000E-01   7.1659690E+05   3.6412175E+05   1.0806302E+06   1.2677447E-03   5.9589959E-05   8.2657152E-04
   9.5000000E-01   4.8778812E+05   2.5122021E+05   7.3897483E+05   1.2726107E-03   4.7666808E-05   8.2490202E-04
   1.0000000E+00   2.4343711E+05   1.3011565E+05   3.7354019E+05   6.4776202E-03   3.4491601E-05   4.2181106E-03
