   0.0000000E+00   1.5906887E+08   8.1885091E+07   2.4089794E+08   1.2587779E-04   1.8663340E-04   1.4263588E-04
   5.0000000E-02   5.4291825E+07   2.7235294E+07   8.1475490E+07   1.0657614E-04   6.6455679E-05   9.0675380E-05
   1.0000000E-01   2.5218292E+07   1.2599819E+07   3.7799235E+07   8.5231117E-05   2.5463411E-05   6.0760017E-05
   1.5000000E-01   1.5036874E+07   7.5166121E+06   2.2542494E+07   8.2890798E-05   2.1206530E-05   4.9998903E-05
   2.0000000E-01   9.9201753E+06   4.9695176E+06   1.4883040E+07   4.2046543E-05   1.1303674E-04   6.4710490E-05
   2.5000000E-01   6.9454326E+06   3.4737667E+06   1.0414781E+07   8.5919400E-05   8.0687613E-05   8.0001709E-05
   3.0000000E-01   5.0057943E+06   2.5064781E+06   7.5095350E+06   7.5589793E-05   4.7734023E-05   5.6123915E-05
   3.5000000E-01   3.7066368E+06   1.8560104E+06   5.5609647E+06   1.3648639E-04   2.2175623E-05   8.6187385E-05
   4.0000000E-01   2.7887447E+06   1.3907198E+06   4.1783425E+06   1.1256534E-04   4.5322393E-05   7.7897978E-05
   4.5000000E-01   2.1191940E+06   1.0602124E+06   3.1785718E+06   4.6495725E-05   3.5370219E-04   1.3962120E-04
   5.0000000E-01   1.6288935E+06   8.1698689E+05   2.4454284E+06   7.9990368E-05   3.5061766E-04   6.7524981E-05
   5.5000000E-01   1.2573009E+06   6.3240072E+05   1.8893949E+06   5.0670133E-04   5.9709062E-04   4.8745487E-04
   6.0000000E-01   9.7583201E+05   4.9047840E+05   1.4661406E+06   3.3974166E-04   2.1605250E-04   2.8856145E-04
   6.5000000E-01   7.5806724E+05   3.8151644E+05   1.1394661E+06   4.9881566E-04   2.4742183E-04   2.4930561E-04
   7.0000000E-01   5.9066947E+05   2.9468220E+05   8.8526527E+05   5.0525070E-04   7.6001429E-04   3.2243403E-04
   7.5000000E-01   4.5053157E+05   2.2847010E+05   6.7895499E+05   2.8049791E-04   9.3316349E-04   4.2853464E-04
   8.0000000E-01   3.4564475E+05   1.7286216E+05   5.1847110E+05   3.6629985E-04   1.3018973E-03   4.5178874E-04
   8.5000000E-01   2.5482766E+05   1.2675849E+05   3.8155993E+05   7.5607318E-04   1.6462034E-03   3.7040109E-04
   9.0000000E-01   1.7788571E+05   9.0527332E+04   2.6839890E+05   1.4316918E-03   4.5268199E-04   8.0185230E-04
   9.5000000E-01   1.1195126E+05   5.5168129E+04   1.6711604E+05   1.9969331E-03   2.2934054E-03   2.0857419E-03
   1.0000000E+00   5.3004491E+04   2.6351343E+04   7.9355834E+04   7.6831657E-03   3.2834038E-03   6.1330828E-03
