   0.0000000E+00   1.7256979E+07   1.1837614E+08   1.3562599E+08   1.7834116E-04   1.6713942E-05   1.9787759E-05
   5.0000000E-02   1.5750419E+07   3.5956285E+07   5.1694480E+07   4.1450437E-05   3.3046941E-05   3.1341218E-05
   1.0000000E-01   1.3412942E+07   1.5241505E+07   2.8647189E+07   5.4618804E-05   5.0655006E-05   4.6329895E-05
   1.5000000E-01   1.1365530E+07   8.4612497E+06   1.9821581E+07   8.2902880E-05   9.0067928E-05   8.5297746E-05
   2.0000000E-01   9.4658994E+06   5.2250727E+06   1.4686564E+07   4.0846830E-05   1.6030240E-04   3.6761203E-05
   2.5000000E-01   7.8139984E+06   3.4013830E+06   1.1212504E+07   1.0990761E-04   1.5319618E-04   1.2157789E-04
   3.0000000E-01   6.4124482E+06   2.3110889E+06   8.7214362E+06   8.4940170E-05   1.2789390E-04   8.6061714E-05
   3.5000000E-01   5.2009380E+06   1.6059098E+06   6.8055654E+06   9.4911142E-05   2.6110627E-04   1.3400706E-04
   4.0000000E-01   4.1626020E+06   1.1363265E+06   5.2978781E+06   1.2691768E-04   4.7627728E-04   2.0068968E-04
   4.5000000E-01   3.3234311E+06   8.1666292E+05   4.1392593E+06   7.6006511E-05   4.6983301E-04   1.5221883E-04
   5.0000000E-01   2.6121273E+06   5.9696473E+05   3.2086973E+06   2.0379509E-04   8.1901888E-04   3.0407134E-04
   5.5000000E-01   2.0429591E+06   4.3922134E+05   2.4817696E+06   2.2567024E-04   9.0586283E-04   3.4543908E-04
   6.0000000E-01   1.5869605E+06   3.2196514E+05   1.9087771E+06   2.7931079E-04   9.2878238E-04   3.7844465E-04
   6.5000000E-01   1.2174472E+06   2.3913397E+05   1.4564293E+06   4.0453111E-04   1.2170685E-03   5.3816152E-04
   7.0000000E-01   9.2801428E+05   1.7712126E+05   1.1050719E+06   7.2411972E-04   2.0109964E-03   8.9812711E-04
   7.5000000E-01   7.0288765E+05   1.2961579E+05   8.3243128E+05   5.7801031E-04   1.5411610E-03   7.0585549E-04
   8.0000000E-01   5.2163430E+05   9.6666734E+04   6.1826523E+05   5.5541725E-04   2.3575770E-03   8.1892036E-04
   8.5000000E-01   3.7922316E+05   6.8709998E+04   4.4791818E+05   1.4329043E-03   2.2489594E-03   1.5604187E-03
   9.0000000E-01   2.6062152E+05   4.6119566E+04   3.0673048E+05   1.1869910E-03   3.8254917E-03   1.5644404E-03
   9.5000000E-01   1.5648449E+05   2.7659454E+04   1.8414059E+05   1.1550155E-03   3.0585369E-03   1.4386803E-03
   1.0000000E+00   7.3074518E+04   1.2550055E+04   8.5624573E+04   1.7999360E-03   8.2227020E-03   2.7312015E-03
