   0.0000000E+00   1.3799166E+08   7.3790343E+07   2.1176367E+08   7.6552190E-06   5.7503640E-05   2.0992867E-05
   5.0000000E-02   4.9964148E+07   2.5096188E+07   7.5038882E+07   2.0963331E-05   1.8466570E-05   1.8063035E-05
   1.0000000E-01   2.3576545E+07   1.1734016E+07   3.5301330E+07   4.6591300E-05   4.8496806E-05   2.8884450E-05
   1.5000000E-01   1.4266119E+07   7.1344705E+06   2.1395199E+07   6.2758981E-05   4.0378607E-05   4.5467248E-05
   2.0000000E-01   9.5687294E+06   4.7843090E+06   1.4349792E+07   1.1311064E-04   1.9509629E-04   1.3681040E-04
   2.5000000E-01   6.8125573E+06   3.3975633E+06   1.0208058E+07   1.6239043E-05   1.4068428E-04   3.6482602E-05
   3.0000000E-01   5.0009878E+06   2.5094278E+06   7.5092061E+06   6.4104716E-05   1.6710813E-04   9.1447197E-05
   3.5000000E-01   3.7679705E+06   1.8835578E+06   5.6507099E+06   8.0998911E-05   8.2321020E-05   8.0746437E-05
   4.0000000E-01   2.8991187E+06   1.4491535E+06   4.3476515E+06   1.8592304E-04   8.3994397E-05   1.4242106E-04
   4.5000000E-01   2.2405974E+06   1.1209884E+06   3.3612534E+06   1.7102866E-04   2.3431758E-04   1.3539561E-04
   5.0000000E-01   1.7618198E+06   8.7964937E+05   2.6412590E+06   1.8360524E-05   7.4438428E-05   3.3928206E-05
   5.5000000E-01   1.3910779E+06   6.9404866E+05   2.0849066E+06   2.7805539E-04   2.2054065E-04   2.4705748E-04
   6.0000000E-01   1.0979834E+06   5.5038962E+05   1.6481874E+06   3.0813752E-04   4.8780682E-04   3.2200184E-04
   6.5000000E-01   8.6995561E+05   4.3699050E+05   1.3068727E+06   4.2945174E-04   1.3708049E-04   2.5903808E-04
   7.0000000E-01   6.9088251E+05   3.4442494E+05   1.0352256E+06   3.1457492E-04   1.4671740E-04   1.9873505E-04
   7.5000000E-01   5.4069815E+05   2.6982917E+05   8.1048912E+05   2.0860992E-05   3.8847634E-04   1.4150929E-04
   8.0000000E-01   4.1989451E+05   2.0984977E+05   6.2972836E+05   6.9213967E-04   1.1711931E-03   8.2989035E-04
   8.5000000E-01   3.1640377E+05   1.5730500E+05   4.7369005E+05   1.1402417E-03   8.6587460E-04   9.9364391E-04
   9.0000000E-01   2.2486825E+05   1.1274536E+05   3.3760300E+05   8.0616044E-04   8.7299385E-04   7.0671581E-04
   9.5000000E-01   1.4153063E+05   6.9780228E+04   2.1130750E+05   2.4441730E-03   7.6262220E-04   1.7832490E-03
   1.0000000E+00   6.8471993E+04   3.2921888E+04   1.0139388E+05   1.2104703E-03   4.8967211E-03   2.2079452E-03
