   0.0000000E+00   6.5212783E+07   3.9559553E+07   1.0475808E+08   1.8920677E-03   3.4205919E-04   1.2720699E-03
   5.0000000E-02   2.9940355E+07   1.5291734E+07   4.5215092E+07   3.5435009E-04   2.8757818E-04   3.3119450E-04
   1.0000000E-01   1.6077610E+07   8.0177804E+06   2.4086191E+07   5.1238261E-06   1.7021134E-04   5.6539427E-05
   1.5000000E-01   1.0700326E+07   5.3239663E+06   1.6017502E+07   1.2365309E-04   8.8579121E-05   6.9674022E-05
   2.0000000E-01   7.7835043E+06   3.8850517E+06   1.1663638E+07   3.0137179E-05   8.3641451E-05   7.8068400E-06
   2.5000000E-01   5.9971492E+06   2.9830857E+06   8.9765170E+06   1.9304109E-04   2.8952964E-04   2.1102364E-04
   3.0000000E-01   4.7850358E+06   2.3707402E+06   7.1528157E+06   9.7116453E-05   4.1708533E-04   1.6981261E-04
   3.5000000E-01   3.8807705E+06   1.9347784E+06   5.8134481E+06   4.5315246E-04   2.2085959E-04   3.2166967E-04
   4.0000000E-01   3.2165612E+06   1.6061439E+06   4.8208589E+06   2.5828670E-04   4.4379253E-05   1.5801382E-04
   4.5000000E-01   2.6922367E+06   1.3395258E+06   4.0304186E+06   1.3871937E-04   2.5442076E-04   1.7867546E-04
   5.0000000E-01   2.2689702E+06   1.1302165E+06   3.3983718E+06   9.0269574E-05   5.4891463E-04   2.3731806E-04
   5.5000000E-01   1.9249761E+06   9.5692633E+05   2.8810691E+06   3.1597086E-04   4.3005459E-04   3.4691649E-04
   6.0000000E-01   1.6325584E+06   8.1337195E+05   2.4453361E+06   2.8516744E-04   3.1714560E-04   1.4630176E-04
   6.5000000E-01   1.3820183E+06   6.9009094E+05   2.0716097E+06   4.2737310E-04   1.7998954E-04   3.4191632E-04
   7.0000000E-01   1.1727173E+06   5.8433965E+05   1.7565613E+06   3.6147057E-04   3.2743992E-04   3.0773562E-04
   7.5000000E-01   9.8196478E+05   4.9046461E+05   1.4721450E+06   8.1533263E-04   5.1941563E-04   7.1377371E-04
   8.0000000E-01   8.1813201E+05   4.0627482E+05   1.2241562E+06   8.4672841E-04   1.1739031E-03   8.7771075E-04
   8.5000000E-01   6.5885278E+05   3.2808387E+05   9.8673069E+05   1.1732965E-03   1.4485638E-03   1.2638824E-03
   9.0000000E-01   5.0816051E+05   2.5288659E+05   7.6094100E+05   1.3783340E-03   1.3330434E-03   1.3581200E-03
   9.5000000E-01   3.5123653E+05   1.7367993E+05   5.2485950E+05   3.6950698E-03   3.3192321E-03   3.5456986E-03
   1.0000000E+00   1.9512317E+05   9.7049148E+04   2.9216603E+05   6.6105662E-03   7.7371573E-03   6.9444046E-03
