   0.0000000E+00   1.9526402E+06   1.2754606E+09   1.2747827E+09   1.3541743E-04   2.4961526E-05   2.4978484E-05
   5.0000000E-02   1.9516852E+06   3.7797516E+07   3.9721127E+07   8.8749766E-05   4.0379315E-04   3.8089670E-04
   1.0000000E-01   1.9805241E+06   5.2266802E+06   7.2048169E+06   9.7141660E-06   1.0181552E-03   7.3749233E-04
   1.5000000E-01   1.9805029E+06   9.0809566E+05   2.8876436E+06   3.7154564E-05   3.2194513E-03   9.8716124E-04
   2.0000000E-01   2.0216497E+06   1.3427903E+05   2.1552126E+06   2.6368092E-05   1.2094268E-02   7.6715512E-04
   2.5000000E-01   2.0677028E+06   1.8169128E+04   2.0853881E+06   1.6806767E-05   6.1409313E-02   5.2052151E-04
   3.0000000E-01   2.1351697E+06   3.5650707E+03   2.1380345E+06   3.8046323E-05   1.9244036E-01   2.8486405E-04
   3.5000000E-01   2.2193111E+06   1.6370223E+03   2.2197476E+06   1.8048901E-05   3.5462289E-01   2.5829931E-04
   4.0000000E-01   2.3256596E+06   9.9471839E+02   2.3254367E+06   5.7575867E-05   3.7731961E-01   1.1442590E-04
   4.5000000E-01   2.4842601E+06   5.0222226E+02   2.4830435E+06   1.0698691E-05   4.3286699E-01   8.0458353E-05
   5.0000000E-01   2.6936337E+06   6.1752118E+02   2.6925833E+06   3.4904638E-05   4.5881697E-01   7.2447986E-05
   5.5000000E-01   3.0145914E+06   4.4563384E+02   3.0122128E+06   2.2247470E-05   4.6799621E-01   5.5297241E-05
   6.0000000E-01   3.5108838E+06   3.7136153E+02   3.5065070E+06   2.3811933E-05   5.4264917E-01   3.4190736E-05
   6.5000000E-01   4.2183112E+06   2.7913328E+02   4.2136736E+06   3.1268779E-05   5.5625264E-01   1.0301303E-05
   7.0000000E-01   5.1276585E+06   1.5006037E+02   5.1169133E+06   3.4428936E-05   5.5985578E-01   1.8111832E-05
   7.5000000E-01   5.3183258E+06   1.4430048E+02   5.3062385E+06   2.6840480E-05   5.8746441E-01   1.2909731E-05
   8.0000000E-01   8.2804338E+05   7.5598598E+01   8.2767334E+05   9.3061818E-05   6.3275007E-01   1.4882712E-04
   8.5000000E-01   1.0742771E+05   7.8641266E+01   1.0750261E+05   1.1146905E-03   7.2959323E-01   1.6474225E-03
   9.0000000E-01   1.9561911E+04   6.3661977E+01   1.9625573E+04   4.9438190E-03   7.3617495E-01   7.2559403E-03
   9.5000000E-01   3.0356711E+03   4.3558195E+01   3.0792293E+03   2.5247119E-02   7.7859319E-01   3.5903007E-02
   1.0000000E+00   3.2695534E+02   6.2876027E+00   3.3324294E+02   6.3964236E-02   7.8829032E-01   7.7615566E-02
