   0.0000000E+00   2.1454239E+08   1.2371508E+08   3.3801403E+08   2.4258184E-06   5.5401000E-06   1.2189456E-06
   5.0000000E-02   8.0906224E+07   4.0625954E+07   1.2128969E+08   9.6883302E-06   1.5651706E-05   8.6709896E-06
   1.0000000E-01   3.5082333E+07   1.7396431E+07   5.2399091E+07   2.1255233E-05   2.3320439E-05   1.5574666E-05
   1.5000000E-01   1.9046008E+07   9.4302911E+06   2.8436702E+07   2.7581093E-05   1.0569456E-05   1.7806036E-05
   2.0000000E-01   1.1358777E+07   5.6195860E+06   1.6960935E+07   2.9921835E-05   3.8914933E-05   2.3155161E-05
   2.5000000E-01   7.0650534E+06   3.5115310E+06   1.0567188E+07   4.0235033E-05   4.1883394E-05   3.6900811E-05
   3.0000000E-01   4.5342394E+06   2.2484774E+06   6.7788334E+06   6.0958928E-05   3.2310603E-05   5.1812451E-05
   3.5000000E-01   2.9782801E+06   1.4716557E+06   4.4477349E+06   4.0227928E-05   2.9788080E-05   3.2840576E-05
   4.0000000E-01   1.9767442E+06   9.7505480E+05   2.9505974E+06   1.1590442E-04   1.9708321E-04   1.4126483E-04
   4.5000000E-01   1.3178807E+06   6.5343361E+05   1.9707343E+06   8.4280437E-05   1.2510917E-04   4.0990503E-05
   5.0000000E-01   8.8937692E+05   4.3907666E+05   1.3282753E+06   1.4384221E-04   8.8848832E-05   9.7541328E-05
   5.5000000E-01   6.0192399E+05   2.9674584E+05   8.9850778E+05   6.2140638E-05   2.7318729E-04   1.2592690E-04
   6.0000000E-01   4.0811041E+05   2.0252997E+05   6.1056611E+05   1.8798044E-04   3.0827791E-04   2.2760225E-04
   6.5000000E-01   2.7949567E+05   1.3884188E+05   4.1829347E+05   2.8118231E-04   5.8539353E-04   3.8016387E-04
   7.0000000E-01   1.9193177E+05   9.4779042E+04   2.8668353E+05   2.0207844E-04   4.6382941E-04   2.8422630E-04
   7.5000000E-01   1.2914893E+05   6.4939461E+04   1.9406717E+05   1.1164252E-03   6.3022626E-04   9.0357560E-04
   8.0000000E-01   8.8116134E+04   4.2812680E+04   1.3092484E+05   1.1120994E-03   6.8495677E-04   7.4786313E-04
   8.5000000E-01   5.7647793E+04   2.8419456E+04   8.6067248E+04   9.5293729E-04   5.7788782E-04   4.4758076E-04
   9.0000000E-01   3.6174150E+04   1.7871332E+04   5.4045482E+04   3.5205402E-04   1.6582162E-03   3.5540243E-04
   9.5000000E-01   1.9721810E+04   1.0112202E+04   2.9834013E+04   1.6920309E-03   4.1179267E-03   2.4632761E-03
   1.0000000E+00   9.3748156E+03   4.8225913E+03   1.4197407E+04   5.0238771E-03   1.0117017E-02   4.2618198E-03
