   0.0000000E+00   3.2532951E+09   1.6588814E+09   4.6824978E+09   4.7096080E-05   5.3503261E-06   3.3431909E-05
   5.0000000E-02   3.5306933E+05   8.9063106E+04   4.4206877E+05   1.7637765E-01   3.2716258E-02   1.4741845E-01
   1.0000000E-01   1.6058734E+05   3.6573806E+04   1.9716114E+05   1.7918741E-01   2.5080263E-02   1.5059990E-01
   1.5000000E-01   9.6278130E+04   2.0838687E+04   1.1711682E+05   1.8182903E-01   2.2157807E-02   1.5341811E-01
   2.0000000E-01   6.8102400E+04   1.2923381E+04   8.1025782E+04   1.8402093E-01   1.5049830E-02   1.5707018E-01
   2.5000000E-01   5.0764061E+04   9.2946487E+03   6.0058709E+04   1.8159736E-01   8.9933523E-03   1.5488527E-01
   3.0000000E-01   3.8462445E+04   6.5996250E+03   4.5062070E+04   1.7175339E-01   1.4216314E-02   1.4867987E-01
   3.5000000E-01   2.9939318E+04   4.8383103E+03   3.4777629E+04   1.6277510E-01   1.0594567E-02   1.4160353E-01
   4.0000000E-01   2.4231340E+04   3.3422538E+03   2.7573594E+04   1.4702360E-01   7.1985227E-03   1.3006976E-01
   4.5000000E-01   1.9332020E+04   2.1574337E+03   2.1489454E+04   1.3495847E-01   6.6358957E-03   1.2207552E-01
   5.0000000E-01   1.5749973E+04   1.6488452E+03   1.7398818E+04   1.2128657E-01   2.8409095E-03   1.1006175E-01
   5.5000000E-01   1.2761333E+04   1.2037901E+03   1.3965123E+04   1.0057702E-01   4.7788848E-03   9.2317736E-02
   6.0000000E-01   1.0843757E+04   7.0558691E+02   1.1549344E+04   9.3948184E-02   2.6387569E-03   8.8369795E-02
   6.5000000E-01   9.4268697E+03   5.4357534E+02   9.9704451E+03   7.9140351E-02   3.7881420E-03   7.5032249E-02
   7.0000000E-01   7.2847491E+03   4.6382298E+02   7.7485721E+03   6.7678395E-02   4.1481030E-03   6.3875525E-02
   7.5000000E-01   5.8399254E+03   2.9284510E+02   6.1327705E+03   6.2820364E-02   6.1340542E-03   6.0113543E-02
   8.0000000E-01   4.5120426E+03   1.7507044E+02   4.6871131E+03   5.5293826E-02   9.0875429E-03   5.3567953E-02
   8.5000000E-01   3.6512016E+03   1.0485502E+02   3.7560567E+03   3.9666499E-02   3.4861516E-06   3.8559062E-02
   9.0000000E-01   2.4615965E+03   4.2441318E+01   2.5040378E+03   2.8886806E-02   1.4954696E-04   2.8399734E-02
   9.5000000E-01   1.6887177E+03   3.0155673E+01   1.7188734E+03   3.3260465E-02   4.6575268E-05   3.2677766E-02
   1.0000000E+00   6.2876027E+02   1.8862808E+01   6.4762308E+02   2.9789215E-02   5.9770216E-08   2.8921566E-02
