   0.0000000E+00   3.7315086E+07   4.1056373E+07   7.8357708E+07   2.4099199E-03   4.8896974E-05   1.1596783E-03
   5.0000000E-02   2.4355799E+07   1.6052368E+07   4.0378373E+07   5.7315242E-04   3.6912922E-05   3.3238519E-04
   1.0000000E-01   1.5729856E+07   8.3520694E+06   2.4064323E+07   3.3146056E-04   2.4405398E-04   2.7240351E-04
   1.5000000E-01   1.1070712E+07   5.5176260E+06   1.6573653E+07   1.3159721E-04   8.0955987E-05   1.0492297E-04
   2.0000000E-01   8.2611442E+06   4.0119937E+06   1.2262729E+07   1.8470368E-04   1.7478509E-04   1.6517170E-04
   2.5000000E-01   6.3545603E+06   3.0895540E+06   9.4362329E+06   1.6064710E-04   3.3432209E-04   2.1136233E-04
   3.0000000E-01   5.0644907E+06   2.4268370E+06   7.4853859E+06   2.1509172E-04   3.2254961E-04   2.4691041E-04
   3.5000000E-01   4.0922283E+06   1.9647450E+06   6.0518804E+06   3.4216126E-04   2.3128844E-04   2.5651756E-04
   4.0000000E-01   3.3608511E+06   1.6023958E+06   4.9594351E+06   5.5712658E-05   2.9749811E-04   1.2442962E-04
   4.5000000E-01   2.7849073E+06   1.3228888E+06   4.1052567E+06   3.8700773E-04   4.6270698E-04   3.9776498E-04
   5.0000000E-01   2.3174679E+06   1.1074383E+06   3.4231809E+06   4.6950210E-04   5.6978965E-04   4.8981434E-04
   5.5000000E-01   1.9457531E+06   9.2809324E+05   2.8721333E+06   4.2126663E-04   5.4412685E-04   4.6078651E-04
   6.0000000E-01   1.6332056E+06   7.7848518E+05   2.4104334E+06   5.7190582E-04   9.3500169E-04   6.6012960E-04
   6.5000000E-01   1.3756276E+06   6.5546861E+05   2.0301756E+06   1.3255946E-03   1.2030781E-03   1.2789382E-03
   7.0000000E-01   1.1527047E+06   5.4832516E+05   1.7003205E+06   1.1721401E-03   1.8807345E-03   1.3920255E-03
   7.5000000E-01   9.5910588E+05   4.5951215E+05   1.4180833E+06   1.8287717E-03   2.2101605E-03   1.9387726E-03
   8.0000000E-01   7.9345503E+05   3.7983123E+05   1.1728048E+06   2.4305145E-03   1.8264403E-03   2.2281809E-03
   8.5000000E-01   6.4372744E+05   3.0406084E+05   9.4750368E+05   3.0676323E-03   3.2372546E-03   3.0792892E-03
   9.0000000E-01   4.9996226E+05   2.3861216E+05   7.3844357E+05   4.2397133E-03   4.1533381E-03   4.2066523E-03
   9.5000000E-01   3.5883241E+05   1.7024553E+05   5.2900088E+05   7.4159991E-03   6.1551389E-03   6.9901123E-03
   1.0000000E+00   2.2156883E+05   1.0611587E+05   3.2764698E+05   1.4680741E-02   1.4597206E-02   1.4586689E-02
