   0.0000000E+00   1.0138043E+08   5.1594722E+07   1.5296853E+08   2.5241841E-04   1.7482639E-04   1.3274274E-04
   5.0000000E-02   3.5617603E+07   1.7762201E+07   5.3369236E+07   1.1214619E-04   5.4640931E-05   8.2294380E-05
   1.0000000E-01   1.7617593E+07   8.8372055E+06   2.6450342E+07   1.3833041E-04   1.7463133E-04   1.4696438E-04
   1.5000000E-01   1.1326378E+07   5.6812161E+06   1.7004602E+07   2.4638106E-04   1.0907635E-04   1.6125761E-04
   2.0000000E-01   8.0829066E+06   4.0431722E+06   1.2123819E+07   1.5958543E-04   2.3962696E-04   2.8268228E-05
   2.5000000E-01   6.0982063E+06   3.0549346E+06   9.1519695E+06   2.3969563E-05   2.3791160E-04   8.9849870E-05
   3.0000000E-01   4.7918582E+06   2.3887035E+06   7.1793309E+06   2.1957691E-04   1.7801858E-04   1.3698534E-04
   3.5000000E-01   3.8338152E+06   1.9156798E+06   5.7485674E+06   1.3559506E-04   2.9703391E-04   8.3566838E-05
   4.0000000E-01   3.1235510E+06   1.5707240E+06   4.6935509E+06   1.8266232E-04   3.9253389E-04   8.2389314E-05
   4.5000000E-01   2.5788689E+06   1.2956981E+06   3.8738384E+06   9.7254603E-05   3.5671703E-04   1.0254875E-04
   5.0000000E-01   2.1513992E+06   1.0719977E+06   3.2231295E+06   3.3218479E-04   3.4744027E-04   2.1448801E-04
   5.5000000E-01   1.8038506E+06   9.0507654E+05   2.7086146E+06   2.2959847E-04   1.0521132E-04   1.8484584E-04
   6.0000000E-01   1.5112345E+06   7.5745551E+05   2.2684407E+06   1.1234910E-04   4.5377127E-04   2.1399027E-04
   6.5000000E-01   1.2638665E+06   6.3628677E+05   1.8999574E+06   1.7011974E-04   5.8290805E-04   2.7625046E-04
   7.0000000E-01   1.0609814E+06   5.3460145E+05   1.5954737E+06   2.6477209E-04   3.3614263E-04   1.4631760E-04
   7.5000000E-01   8.8581397E+05   4.3972177E+05   1.3253617E+06   3.4975038E-04   2.2968578E-04   1.6470348E-04
   8.0000000E-01   7.1928485E+05   3.6151250E+05   1.0807416E+06   3.8597632E-04   1.1245873E-03   5.5908849E-04
   8.5000000E-01   5.7074835E+05   2.8654630E+05   8.5725721E+05   7.2841616E-04   6.7105818E-04   3.4544814E-04
   9.0000000E-01   4.3098805E+05   2.1821204E+05   6.4918240E+05   9.0680890E-05   3.6049900E-04   6.2706563E-05
   9.5000000E-01   2.8377159E+05   1.4340028E+05   4.2716517E+05   1.2896234E-03   1.6568980E-03   1.3511867E-03
   1.0000000E+00   1.4089260E+05   7.0257672E+04   2.1115027E+05   8.6103590E-04   3.3961999E-03   1.7003766E-03
