   0.0000000E+00   6.4979016E+07   2.1519531E+08   2.8014224E+08   5.7235336E-05   2.1637058E-05   2.7244851E-05
   5.0000000E-02   5.1068747E+07   5.5840658E+07   1.0686013E+08   7.1448184E-06   8.6301013E-05   4.1401564E-05
   1.0000000E-01   3.5171969E+07   1.9854325E+07   5.5007131E+07   3.4679241E-05   1.1537454E-04   6.1867367E-05
   1.5000000E-01   2.3332539E+07   9.3336947E+06   3.2654223E+07   8.6176168E-05   2.2724040E-04   1.2467335E-04
   2.0000000E-01   1.5089066E+07   4.8777489E+06   1.9961293E+07   1.3767757E-04   3.9767734E-04   2.0101921E-04
   2.5000000E-01   9.5175165E+06   2.7134263E+06   1.2228269E+07   2.2815853E-04   6.6134924E-04   3.2427944E-04
   3.0000000E-01   5.9122242E+06   1.5524185E+06   7.4636029E+06   4.1675211E-04   1.0800002E-03   5.5460073E-04
   3.5000000E-01   3.6384457E+06   9.0661022E+05   4.5443920E+06   5.7309477E-04   1.6081570E-03   7.7984453E-04
   4.0000000E-01   2.2451670E+06   5.4258307E+05   2.7874556E+06   9.5258971E-04   2.6911211E-03   1.2906446E-03
   4.5000000E-01   1.3747875E+06   3.2597054E+05   1.7007226E+06   1.4600316E-03   3.7847513E-03   1.9044316E-03
   5.0000000E-01   8.3945956E+05   1.9737759E+05   1.0368053E+06   2.3219404E-03   5.1401536E-03   2.8585058E-03
   5.5000000E-01   5.1958012E+05   1.2208052E+05   6.4163749E+05   3.6018963E-03   7.8449847E-03   4.4090810E-03
   6.0000000E-01   3.2527026E+05   7.4251086E+04   3.9952135E+05   4.9275470E-03   1.0645594E-02   5.9883541E-03
   6.5000000E-01   2.0114736E+05   4.7437967E+04   2.4858043E+05   7.2249116E-03   1.5594902E-02   8.8207071E-03
   7.0000000E-01   1.2726484E+05   2.9079882E+04   1.5634017E+05   1.0626480E-02   2.3791216E-02   1.3075085E-02
   7.5000000E-01   7.7845866E+04   1.7999363E+04   9.5845229E+04   1.3741141E-02   3.1966280E-02   1.7163348E-02
   8.0000000E-01   4.8470638E+04   1.1403452E+04   5.9874090E+04   1.8497868E-02   4.6108291E-02   2.3754630E-02
   8.5000000E-01   3.0647625E+04   7.2799343E+03   3.7927559E+04   2.7012369E-02   6.4200662E-02   3.4150359E-02
   9.0000000E-01   1.7641441E+04   4.2087641E+03   2.1850205E+04   3.5148979E-02   7.4104967E-02   4.2624390E-02
   9.5000000E-01   8.9763388E+03   2.0941440E+03   1.1070483E+04   4.8727916E-02   1.3076983E-01   6.4196900E-02
   1.0000000E+00   3.2066774E+03   8.3625116E+02   4.0429285E+03   5.8065629E-02   1.2660054E-01   7.2211662E-02
