   0.0000000E+00   6.3772189E+08   6.4919683E+08   1.2752431E+09   1.0907447E-02   7.3872269E-04   5.7739667E-03
   5.0000000E-02   2.0007113E+07   7.6317342E+06   2.7607844E+07   1.3641213E-01   2.4411934E-02   1.0545872E-01
   1.0000000E-01   1.0598987E+07   3.9858127E+06   1.4566561E+07   1.2510436E-01   2.4998803E-02   9.7749500E-02
   1.5000000E-01   7.2718955E+06   2.7259634E+06   9.9840230E+06   1.1843483E-01   2.5278460E-02   9.3046029E-02
   2.0000000E-01   5.5404700E+06   2.0726589E+06   7.6021154E+06   1.1384950E-01   2.5746127E-02   8.9878544E-02
   2.5000000E-01   4.4302115E+06   1.6612720E+06   6.0826091E+06   1.1051355E-01   2.6885159E-02   8.7689761E-02
   3.0000000E-01   3.6545582E+06   1.3787168E+06   5.0258054E+06   1.1002513E-01   2.7737495E-02   8.7521590E-02
   3.5000000E-01   3.0902524E+06   1.1616492E+06   4.2456355E+06   1.0968249E-01   2.9233490E-02   8.7736275E-02
   4.0000000E-01   2.6581024E+06   1.0012517E+06   3.6535847E+06   1.1061013E-01   3.1055103E-02   8.8859857E-02
   4.5000000E-01   2.2986430E+06   8.6764909E+05   3.1617084E+06   1.1171282E-01   3.2072378E-02   8.9896741E-02
   5.0000000E-01   1.9987378E+06   7.5788947E+05   2.7532596E+06   1.1353617E-01   3.4503569E-02   9.1807538E-02
   5.5000000E-01   1.7480827E+06   6.6474679E+05   2.4095595E+06   1.1747215E-01   3.6552273E-02   9.5183418E-02
   6.0000000E-01   1.5225929E+06   5.8088371E+05   2.1009089E+06   1.2048733E-01   4.0096940E-02   9.8301965E-02
   6.5000000E-01   1.3317890E+06   5.1349261E+05   1.8429261E+06   1.2558311E-01   4.1874679E-02   1.0230327E-01
   7.0000000E-01   1.1551375E+06   4.4502905E+05   1.5984158E+06   1.3060032E-01   4.4343186E-02   1.0660688E-01
   7.5000000E-01   9.9724790E+05   3.8642396E+05   1.3822373E+06   1.3682814E-01   4.8166479E-02   1.1208548E-01
   8.0000000E-01   8.4827595E+05   3.2910855E+05   1.1763221E+06   1.4355794E-01   5.2487811E-02   1.1811993E-01
   8.5000000E-01   7.0246873E+05   2.7499727E+05   9.7667959E+05   1.5337321E-01   5.6654720E-02   1.2618164E-01
   9.0000000E-01   5.5969488E+05   2.1827924E+05   7.7750019E+05   1.6609923E-01   6.1960975E-02   1.3688658E-01
   9.5000000E-01   3.9118275E+05   1.5305345E+05   5.4397484E+05   1.8012196E-01   7.0690928E-02   1.4935563E-01
   1.0000000E+00   1.9082874E+05   7.4086822E+04   2.6488413E+05   1.9453749E-01   7.9839805E-02   1.6246747E-01
