   0.0000000E+00   5.5672654E+07   3.0834297E+07   8.6505932E+07   2.3663312E-03   5.9072958E-04   1.7025981E-03
   5.0000000E-02   2.3867894E+07   1.1918286E+07   3.5782551E+07   6.7781269E-05   5.3146235E-04   1.8230649E-04
   1.0000000E-01   1.2846255E+07   6.4279817E+06   1.9271690E+07   1.2471609E-04   1.4841647E-04   1.2139252E-04
   1.5000000E-01   8.8236986E+06   4.4087405E+06   1.3230444E+07   3.5618730E-04   3.2266961E-04   1.3258305E-04
   2.0000000E-01   6.6629739E+06   3.3416013E+06   1.0003095E+07   5.2073085E-04   3.8583687E-04   4.7511938E-04
   2.5000000E-01   5.3298699E+06   2.6719696E+06   8.0010500E+06   2.0273674E-04   3.4619333E-04   1.1355303E-04
   3.0000000E-01   4.4056104E+06   2.1980571E+06   6.6027550E+06   3.0019815E-04   5.4118879E-05   2.0603134E-04
   3.5000000E-01   3.7261992E+06   1.8561559E+06   5.5817276E+06   4.0821782E-04   3.1690632E-04   1.6796946E-04
   4.0000000E-01   3.1995555E+06   1.5977565E+06   4.7966833E+06   2.6714771E-05   1.6536321E-04   7.1740315E-05
   4.5000000E-01   2.7786260E+06   1.3852351E+06   4.1633731E+06   2.2794954E-04   4.2657083E-04   2.8010278E-04
   5.0000000E-01   2.4216316E+06   1.2130026E+06   3.6342204E+06   3.6323478E-04   5.5705472E-04   2.9463867E-04
   5.5000000E-01   2.1187748E+06   1.0620207E+06   3.1804482E+06   4.2831876E-04   6.8221642E-04   4.1710769E-04
   6.0000000E-01   1.8602613E+06   9.3183628E+05   2.7918217E+06   6.4751245E-05   9.4908198E-05   3.8156146E-05
   6.5000000E-01   1.6346339E+06   8.1531405E+05   2.4496786E+06   5.0253183E-04   4.1466747E-04   3.9719431E-04
   7.0000000E-01   1.4258737E+06   7.1205467E+05   2.1377328E+06   1.1335150E-04   6.8099675E-04   2.5488123E-04
   7.5000000E-01   1.2297287E+06   6.1643893E+05   1.8460148E+06   4.6941426E-04   4.2200537E-04   4.4259099E-04
   8.0000000E-01   1.0478523E+06   5.2321392E+05   1.5709428E+06   5.8529942E-04   6.7637300E-04   6.1502469E-04
   8.5000000E-01   8.6484796E+05   4.3112265E+05   1.2958920E+06   3.0000166E-04   1.4168540E-04   2.4300751E-04
   9.0000000E-01   6.7891962E+05   3.3973214E+05   1.0186235E+06   1.9427540E-04   1.2915863E-03   4.9166735E-04
   9.5000000E-01   4.6555669E+05   2.3454413E+05   7.0006396E+05   1.1423715E-03   1.4196653E-03   1.2350093E-03
   1.0000000E+00   2.4800191E+05   1.2290377E+05   3.7090568E+05   3.1286944E-03   4.1379896E-03   3.4573488E-03
