   0.0000000E+00   3.2299760E+09   1.6581169E+09   4.6800033E+09   1.0609615E-04   7.9239095E-10   7.0941026E-05
   5.0000000E-02   6.2789808E+05   1.5285241E+05   7.8075049E+05   2.0946150E-01   2.9098820E-06   1.6845449E-01
   1.0000000E-01   2.5267439E+05   6.4266766E+04   3.1694115E+05   2.3668813E-01   2.1744749E-06   1.8869487E-01
   1.5000000E-01   1.2728151E+05   3.1830989E+04   1.5911250E+05   2.6228614E-01   2.2135703E-05   2.0981935E-01
   2.0000000E-01   7.2542823E+04   1.8875776E+04   9.1418599E+04   2.8123714E-01   3.1019750E-06   2.2316897E-01
   2.5000000E-01   4.1647666E+04   1.0784339E+04   5.2432004E+04   2.9982727E-01   1.1784070E-05   2.3815566E-01
   3.0000000E-01   2.3905072E+04   6.2707048E+03   3.0175777E+04   3.0915914E-01   9.4686486E-06   2.4491208E-01
   3.5000000E-01   1.4151148E+04   3.8106241E+03   1.7961772E+04   3.2606911E-01   6.5153961E-06   2.5689155E-01
   4.0000000E-01   7.8702119E+03   2.1645072E+03   1.0034719E+04   3.3448049E-01   5.6170791E-06   2.6233122E-01
   4.5000000E-01   4.4351177E+03   1.2237247E+03   5.6588424E+03   3.4122960E-01   7.8268437E-07   2.6743886E-01
   5.0000000E-01   2.3618594E+03   6.9391555E+02   3.0557749E+03   3.4760798E-01   2.8495691E-06   2.6867265E-01
   5.5000000E-01   1.1922152E+03   3.4145970E+02   1.5336749E+03   3.5745054E-01   9.2054102E-05   2.7784672E-01
   6.0000000E-01   5.2521131E+02   1.4323945E+02   6.6845076E+02   3.4660034E-01   2.6640721E-06   2.7232941E-01
   6.5000000E-01   4.0156016E+02   1.2242688E+02   5.2398704E+02   3.5346587E-01   1.2777184E-04   2.7085054E-01
   7.0000000E-01   1.8643865E+02   8.1851114E+01   2.6828976E+02   2.8903185E-01   3.6684413E-06   2.0085371E-01
   7.5000000E-01   1.1883569E+02   2.5464791E+01   1.4430048E+02   3.2562453E-01   2.5273793E-06   2.6816093E-01
   8.0000000E-01   5.1725357E+01   1.5915494E+01   6.7640851E+01   3.1361499E-01   5.9344972E-04   2.3968359E-01
   8.5000000E-01   7.1151622E+01   0.0000000E+00   7.1151622E+01   1.3236611E-01   0.0000000E+00   1.3236611E-01
   9.0000000E-01   3.5367765E+01   0.0000000E+00   3.5367765E+01   5.2435337E-06   0.0000000E+00   5.2435337E-06
   9.5000000E-01   5.6960716E+01   0.0000000E+00   5.6960716E+01   4.4352343E-02   0.0000000E+00   4.4352343E-02
   1.0000000E+00   1.8862808E+01   0.0000000E+00   1.8862808E+01   1.5476622E-05   0.0000000E+00   1.5476622E-05
