   0.0000000E+00   3.2404058E+09   1.6635695E+09   4.6769470E+09   6.5257572E-05   1.6353440E-10   4.3528916E-05
   5.0000000E-02   3.4994989E+05   8.6962261E+04   4.3684849E+05   2.2493860E-01   4.3226655E-06   1.8013752E-01
   1.0000000E-01   1.1389128E+05   2.8679721E+04   1.4257100E+05   2.6390943E-01   1.4674225E-05   2.1081820E-01
   1.5000000E-01   4.7237187E+04   1.2180658E+04   5.9417845E+04   2.8286332E-01   1.6415743E-07   2.2487630E-01
   2.0000000E-01   2.0276340E+04   5.0133807E+03   2.5289720E+04   2.9672601E-01   7.0159529E-06   2.3790507E-01
   2.5000000E-01   9.4601698E+03   1.7443382E+03   1.1204508E+04   2.6929339E-01   6.4054134E-07   2.2736920E-01
   3.0000000E-01   4.2865731E+03   7.3211274E+02   5.0186859E+03   1.9838291E-01   8.4213008E-07   1.6944345E-01
   3.5000000E-01   2.7010867E+03   3.4559359E+02   3.0466803E+03   1.0685045E-01   1.2554396E-05   9.4731528E-02
   4.0000000E-01   2.3873241E+03   1.0345071E+02   2.4907749E+03   3.7367454E-02   3.2527590E-06   3.5815357E-02
   4.5000000E-01   2.2564634E+03   7.0735530E+00   2.2635370E+03   1.1196148E-02   7.8709344E-06   1.1161135E-02
   5.0000000E-01   2.0881129E+03   6.3661977E+00   2.0944791E+03   2.2128213E-03   7.2766300E-05   2.2063166E-03
   5.5000000E-01   2.3670681E+03   0.0000000E+00   2.3670681E+03   1.5487988E-06   0.0000000E+00   1.5487988E-06
   6.0000000E-01   2.5146481E+03   0.0000000E+00   2.5146481E+03   2.2486265E-07   0.0000000E+00   2.2486265E-07
   6.5000000E-01   2.9578334E+03   0.0000000E+00   2.9578334E+03   3.3438535E-06   0.0000000E+00   3.3438535E-06
   7.0000000E-01   3.0012075E+03   0.0000000E+00   3.0012075E+03   1.4906870E-04   0.0000000E+00   1.4906870E-04
   7.5000000E-01   3.2764698E+03   0.0000000E+00   3.2764698E+03   5.1902950E-06   0.0000000E+00   5.1902950E-06
   8.0000000E-01   3.6605637E+03   0.0000000E+00   3.6605637E+03   1.9278700E-06   0.0000000E+00   1.9278700E-06
   8.5000000E-01   3.6100086E+03   0.0000000E+00   3.6100086E+03   4.1086066E-06   0.0000000E+00   4.1086066E-06
   9.0000000E-01   3.3245699E+03   0.0000000E+00   3.3245699E+03   3.5302955E-06   0.0000000E+00   3.5302955E-06
   9.5000000E-01   2.3387400E+03   0.0000000E+00   2.3387400E+03   2.8379385E-05   0.0000000E+00   2.8379385E-05
   1.0000000E+00   1.1506313E+03   0.0000000E+00   1.1506313E+03   1.1977755E-06   0.0000000E+00   1.1977755E-06
