   0.0000000E+00   6.6615893E+07   3.3596717E+07   1.0021312E+08   2.4622097E-03   2.2665612E-03   2.3952167E-03
   5.0000000E-02   2.4057861E+07   1.2098513E+07   3.6151472E+07   5.4426941E-04   2.9783450E-04   4.6140989E-04
   1.0000000E-01   1.2693689E+07   6.3865696E+06   1.9077871E+07   5.7736399E-04   2.2879481E-04   4.6122301E-04
   1.5000000E-01   8.6878439E+06   4.3572804E+06   1.3042832E+07   1.6041883E-04   2.5092373E-04   4.4332963E-05
   2.0000000E-01   6.5852745E+06   3.3031654E+06   9.8869915E+06   1.4389348E-04   5.0364674E-04   2.3998550E-04
   2.5000000E-01   5.2669591E+06   2.6379741E+06   7.9037745E+06   3.8712692E-04   4.0766537E-04   1.2197573E-04
   3.0000000E-01   4.3550946E+06   2.1852080E+06   6.5390612E+06   5.0937943E-04   3.5419278E-04   2.3488882E-04
   3.5000000E-01   3.6929585E+06   1.8405769E+06   5.5325714E+06   2.7956286E-04   6.7356472E-04   3.4978613E-04
   4.0000000E-01   3.1751252E+06   1.5890268E+06   4.7634120E+06   3.5834067E-04   1.0175313E-04   2.0697073E-04
   4.5000000E-01   2.7541020E+06   1.3857161E+06   4.1392098E+06   3.5391001E-04   4.7879236E-04   1.8943494E-04
   5.0000000E-01   2.4120186E+06   1.2116020E+06   3.6231177E+06   5.4738886E-04   7.1164755E-04   5.9888526E-04
   5.5000000E-01   2.1176636E+06   1.0567946E+06   3.1739257E+06   4.5746051E-04   8.1150107E-04   3.0901008E-04
   6.0000000E-01   1.8616460E+06   9.3319970E+05   2.7943788E+06   5.3195575E-04   3.3041679E-04   3.8348745E-04
   6.5000000E-01   1.6456572E+06   8.1932965E+05   2.4646000E+06   5.9087423E-04   3.0103746E-04   3.4928588E-04
   7.0000000E-01   1.4326219E+06   7.1518320E+05   2.1475868E+06   3.1454334E-04   1.0313617E-03   5.2011378E-04
   7.5000000E-01   1.2400759E+06   6.2132817E+05   1.8612131E+06   5.8827458E-04   3.3005150E-04   4.9825265E-04
   8.0000000E-01   1.0558140E+06   5.2779360E+05   1.5834564E+06   4.2858411E-04   5.5998183E-04   4.5458024E-04
   8.5000000E-01   8.7444968E+05   4.3584862E+05   1.3101523E+06   1.0022782E-03   3.5062111E-04   6.9127013E-04
   9.0000000E-01   6.8543436E+05   3.4321587E+05   1.0286043E+06   5.8827683E-04   9.2823562E-04   6.9984868E-04
   9.5000000E-01   4.7287112E+05   2.3442685E+05   7.0725441E+05   9.5036909E-04   1.7112053E-03   1.1029473E-03
   1.0000000E+00   2.4080890E+05   1.2001147E+05   3.6082037E+05   3.2744751E-03   3.6257494E-03   3.0636078E-03
