   0.0000000E+00   3.2405602E+09   1.6599025E+09   4.6900023E+09   4.5520487E-05   5.4903950E-11   3.0188824E-05
   5.0000000E-02   2.8253185E+05   6.7800006E+04   3.5039552E+05   2.0275118E-01   9.2056920E-06   1.6348110E-01
   1.0000000E-01   1.1083550E+05   2.8647890E+04   1.3945156E+05   2.3276469E-01   3.0063527E-06   1.8499976E-01
   1.5000000E-01   6.1221601E+04   1.4345166E+04   7.5566767E+04   2.5384397E-01   1.2095123E-05   2.0565338E-01
   2.0000000E-01   3.4807186E+04   9.0877473E+03   4.3894933E+04   2.7133380E-01   1.7481188E-05   2.1516207E-01
   2.5000000E-01   2.2600002E+04   5.5513244E+03   2.8151326E+04   2.7687232E-01   3.5447852E-05   2.2226726E-01
   3.0000000E-01   1.4599813E+04   3.2467608E+03   1.7846574E+04   2.8644284E-01   3.1196626E-06   2.3433193E-01
   3.5000000E-01   8.4033810E+03   1.9917104E+03   1.0395091E+04   2.8528956E-01   1.6717732E-06   2.3062810E-01
   4.0000000E-01   5.3953526E+03   1.4880987E+03   6.8834513E+03   2.7572862E-01   2.4734213E-05   2.1612558E-01
   4.5000000E-01   3.9541161E+03   6.7198754E+02   4.6261037E+03   2.5128036E-01   3.1487148E-06   2.1477893E-01
   5.0000000E-01   2.9793805E+03   5.8569019E+02   3.5650707E+03   2.1001110E-01   5.1467051E-06   1.7551012E-01
   5.5000000E-01   2.0603331E+03   2.7201027E+02   2.3323433E+03   1.6004563E-01   3.6181300E-06   1.4137984E-01
   6.0000000E-01   1.9841316E+03   2.2281692E+02   2.2069485E+03   1.2688968E-01   7.8661715E-06   1.1407791E-01
   6.5000000E-01   1.6650056E+03   1.0773565E+02   1.7727412E+03   8.6105759E-02   7.7577737E-06   8.0872341E-02
   7.0000000E-01   1.4687728E+03   5.0020125E+01   1.5187929E+03   4.3409287E-02   1.0855575E-05   4.1979283E-02
   7.5000000E-01   1.5448640E+03   1.2732395E+01   1.5575964E+03   2.5977650E-02   1.4679013E-05   2.5765419E-02
   8.0000000E-01   1.4761621E+03   1.1936621E+01   1.4880987E+03   1.4317108E-02   5.3385488E-06   1.4202222E-02
   8.5000000E-01   1.3406463E+03   0.0000000E+00   1.3406463E+03   7.7616592E-03   0.0000000E+00   7.7616592E-03
   9.0000000E-01   1.1742098E+03   7.0735530E+00   1.1812834E+03   2.4424779E-03   4.0224783E-06   2.4278764E-03
   9.5000000E-01   7.7734625E+02   3.3506304E+00   7.8069688E+02   4.1129123E-03   8.6273556E-06   4.0952233E-03
   1.0000000E+00   3.8983137E+02   0.0000000E+00   3.8983137E+02   1.1643579E-05   0.0000000E+00   1.1643579E-05
