   0.0000000E+00   2.6798025E+08   4.4120500E+08   7.0573376E+08   3.5759974E-02   1.0648678E-06   1.3498973E-02
   5.0000000E-02   2.5636742E+07   1.2426181E+07   3.7993150E+07   1.4120654E-01   6.3126687E-05   9.5108457E-02
   1.0000000E-01   1.3325916E+07   6.2353405E+06   1.9526465E+07   1.2560995E-01   3.6646842E-05   8.5604589E-02
   1.5000000E-01   8.9727525E+06   4.0768281E+06   1.3023734E+07   1.1438887E-01   1.0341936E-04   7.8715693E-02
   2.0000000E-01   6.7141263E+06   2.9630512E+06   9.6585405E+06   1.0637246E-01   7.7210846E-05   7.3868003E-02
   2.5000000E-01   5.2572188E+06   2.2698041E+06   7.5130555E+06   1.0070701E-01   1.2535631E-04   7.0387984E-02
   3.0000000E-01   4.2862336E+06   1.8131568E+06   6.0881753E+06   9.5875157E-02   1.6372759E-04   6.7453739E-02
   3.5000000E-01   3.5639157E+06   1.4686182E+06   5.0236485E+06   9.3195156E-02   2.1706165E-04   6.6089290E-02
   4.0000000E-01   3.0121585E+06   1.2185380E+06   4.2237494E+06   9.1048042E-02   2.4313319E-04   6.4910460E-02
   4.5000000E-01   2.5644318E+06   1.0074225E+06   3.5665137E+06   9.0035367E-02   2.1415101E-04   6.4723012E-02
   5.0000000E-01   2.2041559E+06   8.4718813E+05   3.0474034E+06   9.0638354E-02   2.7403006E-04   6.5569555E-02
   5.5000000E-01   1.8977288E+06   7.1516129E+05   2.6093366E+06   9.0734537E-02   2.8114402E-04   6.5992803E-02
   6.0000000E-01   1.6398742E+06   6.0723977E+05   2.2439362E+06   9.1581593E-02   3.4744898E-04   6.6943488E-02
   6.5000000E-01   1.4140403E+06   5.0927623E+05   1.9211177E+06   9.3314303E-02   3.9614737E-04   6.8711301E-02
   7.0000000E-01   1.2156345E+06   4.2968197E+05   1.6435067E+06   9.7496751E-02   4.3027848E-04   7.2150633E-02
   7.5000000E-01   1.0395661E+06   3.5975383E+05   1.3978600E+06   1.0150400E-01   5.5894109E-04   7.5568928E-02
   8.0000000E-01   8.7906050E+05   2.9545524E+05   1.1733937E+06   1.0672909E-01   5.4413806E-04   8.0043782E-02
   8.5000000E-01   7.2350339E+05   2.3972105E+05   9.6244552E+05   1.1339326E-01   6.8754991E-04   8.5344314E-02
   9.0000000E-01   5.7462715E+05   1.8249059E+05   7.5666150E+05   1.2307240E-01   6.5161512E-04   9.3587333E-02
   9.5000000E-01   4.0609975E+05   1.2514269E+05   5.3095429E+05   1.3653597E-01   6.8918291E-04   1.0457128E-01
   1.0000000E+00   2.0771095E+05   6.0254097E+04   2.6793990E+05   1.5363086E-01   1.1255555E-03   1.1934671E-01
