   0.0000000E+00   2.3810257E+09   1.5697490E+09   3.8193071E+09   1.1027383E-02   8.2386261E-08   6.6841027E-03
   5.0000000E-02   2.8010379E+07   9.1991557E+06   3.7134286E+07   2.4558876E-01   4.5907649E-06   1.8483875E-01
   1.0000000E-01   4.1415299E+06   1.2232967E+06   5.3623757E+06   2.6246623E-01   1.9420945E-05   2.0261332E-01
   1.5000000E-01   8.5648702E+05   1.4920245E+05   1.0054348E+06   1.8424976E-01   7.1929756E-05   1.5693142E-01
   2.0000000E-01   3.9562736E+05   1.7252396E+04   4.1283201E+05   6.0610306E-02   4.7249851E-04   5.8093581E-02
   2.5000000E-01   3.3584239E+05   2.9411833E+03   3.3878358E+05   1.4422827E-02   1.8314100E-03   1.4313511E-02
   3.0000000E-01   3.2412435E+05   4.0319252E+02   3.2447449E+05   2.3922626E-03   2.0661738E-02   2.4151160E-03
   3.5000000E-01   3.3327045E+05   1.0913482E+02   3.3336140E+05   4.0247238E-04   1.8000047E-05   4.0236070E-04
   4.0000000E-01   3.4500813E+05   1.5915494E+01   3.4499221E+05   6.3418272E-05   1.4854892E-01   6.9387263E-05
   4.5000000E-01   3.6034801E+05   0.0000000E+00   3.6028435E+05   1.7238311E-05   0.0000000E+00   1.7241404E-05
   5.0000000E-01   3.8632634E+05   1.2732395E+01   3.8626268E+05   2.7271228E-06   3.5729947E-01   9.2328936E-06
   5.5000000E-01   4.1410959E+05   0.0000000E+00   4.1399384E+05   1.0318714E-05   0.0000000E+00   1.0309976E-05
   6.0000000E-01   4.5686487E+05   0.0000000E+00   4.5671102E+05   1.4265924E-05   0.0000000E+00   1.4267326E-05
   6.5000000E-01   5.2344837E+05   0.0000000E+00   5.2325738E+05   1.0839451E-05   0.0000000E+00   1.0829843E-05
   7.0000000E-01   6.3018537E+05   0.0000000E+00   6.3000347E+05   5.2599183E-06   0.0000000E+00   5.2577718E-06
   7.5000000E-01   7.4557937E+05   0.0000000E+00   7.4517193E+05   5.0363264E-06   0.0000000E+00   5.0360580E-06
   8.0000000E-01   7.2195865E+05   0.0000000E+00   7.2154883E+05   2.5158483E-06   0.0000000E+00   2.5150120E-06
   8.5000000E-01   4.8092504E+05   0.0000000E+00   4.8076027E+05   5.8941408E-06   0.0000000E+00   5.9171611E-06
   9.0000000E-01   2.0236374E+05   0.0000000E+00   2.0233191E+05   1.6297279E-05   0.0000000E+00   1.6299953E-05
   9.5000000E-01   5.3576580E+04   0.0000000E+00   5.3573229E+04   8.4773797E-06   0.0000000E+00   8.4748689E-06
   1.0000000E+00   1.0192204E+04   0.0000000E+00   1.0192204E+04   2.1938270E-05   0.0000000E+00   2.1938270E-05
