   0.0000000E+00   3.2441354E+09   1.6624475E+09   4.7034044E+09   6.2411234E-06   1.1470813E-06   4.6167725E-06
   5.0000000E-02   5.2966765E+04   1.8461973E+04   7.1428738E+04   1.7601154E-01   4.5690419E-02   1.4232782E-01
   1.0000000E-01   2.6165073E+04   8.3078880E+03   3.4472961E+04   1.7452274E-01   5.8098172E-02   1.4646475E-01
   1.5000000E-01   1.6827983E+04   4.9231929E+03   2.1751176E+04   1.7081496E-01   4.7892794E-02   1.4299258E-01
   2.0000000E-01   1.1952536E+04   3.9788736E+03   1.5931410E+04   1.9626140E-01   6.5336045E-02   1.6356276E-01
   2.5000000E-01   8.5434373E+03   2.5846763E+03   1.1128114E+04   1.8526245E-01   4.3883308E-02   1.5241996E-01
   3.0000000E-01   7.6818786E+03   2.0159626E+03   9.6978412E+03   1.9532249E-01   6.3524539E-02   1.6792466E-01
   3.5000000E-01   6.1388335E+03   1.7552517E+03   7.8940852E+03   2.0543115E-01   7.7757010E-02   1.7704278E-01
   4.0000000E-01   4.9338032E+03   1.4085212E+03   6.3423245E+03   2.2626457E-01   8.4236349E-02   1.9472254E-01
   4.5000000E-01   4.2229112E+03   1.2873867E+03   5.5102978E+03   2.3385933E-01   6.0281323E-02   1.9330580E-01
   5.0000000E-01   3.2913242E+03   1.1777466E+03   4.4690708E+03   2.3869339E-01   7.5148111E-02   1.9559385E-01
   5.5000000E-01   3.1657365E+03   8.8548023E+02   4.0512167E+03   2.4813984E-01   8.0359453E-02   2.1146784E-01
   6.0000000E-01   2.6738030E+03   8.8596252E+02   3.5597656E+03   2.5597865E-01   1.0373040E-01   2.1808676E-01
   6.5000000E-01   2.1106394E+03   6.0723732E+02   2.7178767E+03   2.7352354E-01   5.8497792E-02   2.2546359E-01
   7.0000000E-01   1.9689740E+03   6.2297792E+02   2.5919519E+03   2.7904108E-01   1.0459759E-01   2.3711343E-01
   7.5000000E-01   1.5278875E+03   4.4987797E+02   1.9777654E+03   2.9189395E-01   8.3882113E-02   2.4457795E-01
   8.0000000E-01   1.3249649E+03   5.2123244E+02   1.8461973E+03   3.0339452E-01   9.0215659E-02   2.4320824E-01
   8.5000000E-01   1.0298261E+03   3.5201329E+02   1.3818394E+03   3.3234338E-01   1.0459035E-01   2.7432499E-01
   9.0000000E-01   8.0284827E+02   2.3342725E+02   1.0362755E+03   3.3758009E-01   8.5943182E-02   2.8089737E-01
   9.5000000E-01   5.6960716E+02   1.4407711E+02   7.1368427E+02   3.5327134E-01   8.4884162E-02   2.9908989E-01
   1.0000000E+00   2.3892890E+02   5.0300822E+01   2.8922972E+02   3.1095488E-01   5.1558529E-02   2.6584247E-01
