   0.0000000E+00   5.2891389E+07   2.6041823E+07   7.8928119E+07   1.4729741E-02   8.2588995E-03   1.2585434E-02
   5.0000000E-02   2.0870115E+07   1.0515494E+07   3.1377843E+07   2.8423810E-03   3.5374070E-03   3.0700675E-03
   1.0000000E-01   1.1470010E+07   5.7617591E+06   1.7227122E+07   9.8837096E-04   9.7704603E-04   9.8074883E-04
   1.5000000E-01   8.0666940E+06   4.0348112E+06   1.2097707E+07   7.3116333E-04   1.0196472E-03   7.7562530E-04
   2.0000000E-01   6.2190908E+06   3.1120362E+06   9.3284850E+06   1.0231233E-03   8.8422882E-04   9.7592804E-04
   2.5000000E-01   5.0603378E+06   2.5391707E+06   7.5970002E+06   3.4257741E-04   9.8583923E-04   5.4804417E-04
   3.0000000E-01   4.2651721E+06   2.1312651E+06   6.3943575E+06   4.0162988E-04   5.2543572E-04   3.7822882E-04
   3.5000000E-01   3.6534335E+06   1.8317824E+06   5.4835426E+06   4.9451858E-04   4.0982674E-04   2.7267003E-04
   4.0000000E-01   3.1657669E+06   1.5913425E+06   4.7556532E+06   5.9496965E-04   1.1032158E-03   6.7148528E-04
   4.5000000E-01   2.7918465E+06   1.3936102E+06   4.1842896E+06   5.8134355E-04   3.3949997E-04   4.9084480E-04
   5.0000000E-01   2.4763936E+06   1.2320184E+06   3.7075080E+06   9.1222331E-05   5.9757910E-04   1.5263607E-04
   5.5000000E-01   2.1869741E+06   1.1020525E+06   3.2880485E+06   1.0275758E-03   2.6666566E-04   6.1194683E-04
   6.0000000E-01   1.9457594E+06   9.7227224E+05   2.9171987E+06   8.0258483E-04   4.4952136E-04   6.7873589E-04
   6.5000000E-01   1.7205580E+06   8.6055323E+05   2.5803913E+06   4.9623549E-04   1.2798136E-03   7.5246114E-04
   7.0000000E-01   1.5246862E+06   7.6331165E+05   2.2872930E+06   9.2976420E-04   5.6719012E-04   7.9686923E-04
   7.5000000E-01   1.3279337E+06   6.6751281E+05   1.9949329E+06   8.0896026E-04   8.0283216E-04   8.0536840E-04
   8.0000000E-01   1.1504117E+06   5.7058241E+05   1.7205883E+06   8.3536894E-04   1.4316171E-03   1.0252155E-03
   8.5000000E-01   9.5634146E+05   4.7959563E+05   1.4357124E+06   1.1735328E-03   1.5578844E-03   1.2982680E-03
   9.0000000E-01   7.6649374E+05   3.8178088E+05   1.1481438E+06   2.2480803E-03   1.3589410E-03   1.9419624E-03
   9.5000000E-01   5.3882492E+05   2.7203098E+05   8.1075538E+05   2.8638893E-03   4.6842552E-03   3.4618660E-03
   1.0000000E+00   3.0167918E+05   1.5152494E+05   4.5318525E+05   7.1987017E-03   7.2408476E-03   7.1803918E-03
