   0.0000000E+00   4.5703697E+07   3.8205946E+08   4.2743110E+08   1.8547178E-05   4.0783126E-06   4.1970162E-06
   5.0000000E-02   4.2321528E+07   8.4963975E+07   1.2694478E+08   1.5671770E-05   1.1129145E-05   1.0254141E-05
   1.0000000E-01   3.6317153E+07   2.1506830E+07   5.7692012E+07   1.0629463E-05   5.5898670E-05   1.5224910E-05
   1.5000000E-01   2.8892394E+07   6.7489123E+06   3.5563957E+07   1.0313077E-05   1.5411745E-04   3.7256012E-05
   2.0000000E-01   2.0352416E+07   2.2686901E+06   2.2583593E+07   1.7786058E-05   3.0322187E-04   4.6328033E-05
   2.5000000E-01   1.2190276E+07   8.0018012E+05   1.2976641E+07   4.6855163E-05   7.7751576E-04   9.1916433E-05
   3.0000000E-01   6.1847823E+06   2.8694575E+05   6.4669428E+06   1.0701953E-04   1.6823270E-03   1.7698638E-04
   3.5000000E-01   2.7839110E+06   1.0807985E+05   2.8908904E+06   2.3668457E-04   4.1093990E-03   3.8153772E-04
   4.0000000E-01   1.1874391E+06   3.9621623E+04   1.2268140E+06   4.0087560E-04   9.0473018E-03   6.7951769E-04
   4.5000000E-01   4.9196561E+05   1.5674994E+04   5.0759817E+05   1.0132996E-03   1.9601397E-02   1.5865081E-03
   5.0000000E-01   2.0236869E+05   6.1115498E+03   2.0847388E+05   2.0085575E-03   3.5204037E-02   2.9800878E-03
   5.5000000E-01   8.2592734E+04   2.6506532E+03   8.5243388E+04   4.2342412E-03   7.4378508E-02   6.4142133E-03
   6.0000000E-01   3.3459674E+04   1.1087794E+03   3.4568454E+04   1.0463503E-02   1.6889867E-01   1.5529427E-02
   6.5000000E-01   1.3447368E+04   5.7295780E+02   1.4020326E+04   1.7845437E-02   2.5875021E-01   2.7649059E-02
   7.0000000E-01   5.6022540E+03   3.7287730E+02   5.9751313E+03   3.5941758E-02   3.3984315E-01   5.4900076E-02
   7.5000000E-01   2.2536340E+03   1.9523006E+02   2.4488641E+03   8.3930161E-02   4.9441445E-01   1.1664964E-01
   8.0000000E-01   1.0862325E+03   1.1538733E+02   1.2016198E+03   1.4324768E-01   4.8952977E-01   1.7648563E-01
   8.5000000E-01   4.7933724E+02   7.4896444E+01   5.5423368E+02   2.3811794E-01   5.8523053E-01   2.8486007E-01
   9.0000000E-01   2.7233179E+02   6.7198754E+01   3.3953055E+02   3.5781961E-01   7.6535532E-01   4.3730430E-01
   9.5000000E-01   1.1057080E+02   4.3558195E+01   1.5412900E+02   4.9612764E-01   7.5478159E-01   5.6870984E-01
   1.0000000E+00   3.7725616E+01   6.2876027E+00   4.4013219E+01   5.6246475E-01   8.2704959E-01   5.9859412E-01
