   0.0000000E+00   4.6283887E+08   3.2276368E+08   7.8477393E+08   7.1720203E-06   6.3542472E-06   6.9467654E-06
   5.0000000E-02   1.5886910E+08   7.6307729E+07   2.3462494E+08   1.3926255E-05   2.1353540E-05   1.6152177E-05
   1.0000000E-01   4.8527743E+07   2.2477612E+07   7.0914827E+07   5.0870184E-05   6.0555574E-05   5.3438579E-05
   1.5000000E-01   1.7799783E+07   8.2447141E+06   2.6022809E+07   1.2934266E-04   1.4576772E-04   1.3443797E-04
   2.0000000E-01   7.0164571E+06   3.2375935E+06   1.0249642E+07   3.3154955E-04   3.1962681E-04   3.2746306E-04
   2.5000000E-01   2.8701620E+06   1.3200820E+06   4.1893146E+06   5.8193599E-04   6.6650515E-04   6.0812406E-04
   3.0000000E-01   1.1843568E+06   5.4544521E+05   1.7296004E+06   1.3414750E-03   1.4756071E-03   1.3836845E-03
   3.5000000E-01   5.0229300E+05   2.3099294E+05   7.3324956E+05   2.5650967E-03   2.5707949E-03   2.5640004E-03
   4.0000000E-01   2.1423847E+05   9.8715853E+04   3.1295432E+05   4.7085495E-03   5.2987577E-03   4.8946810E-03
   4.5000000E-01   9.2260352E+04   4.2519127E+04   1.3477241E+05   8.4513386E-03   1.0826674E-02   9.1918023E-03
   5.0000000E-01   3.9966989E+04   1.9149523E+04   5.9116512E+04   1.5575996E-02   1.9091410E-02   1.6698606E-02
   5.5000000E-01   1.8178388E+04   8.2471198E+03   2.6425508E+04   3.1598855E-02   3.5487473E-02   3.2812143E-02
   6.0000000E-01   8.1169021E+03   4.0107046E+03   1.2127607E+04   6.8437604E-02   6.3772840E-02   6.6894659E-02
   6.5000000E-01   3.9568367E+03   1.8804769E+03   5.8373136E+03   1.0819409E-01   1.3515335E-01   1.1687886E-01
   7.0000000E-01   2.0235414E+03   9.9130793E+02   3.0148494E+03   1.9307677E-01   2.0297132E-01   1.9633017E-01
   7.5000000E-01   1.1713804E+03   4.8383103E+02   1.6552114E+03   2.6149368E-01   2.4277555E-01   2.5600904E-01
   8.0000000E-01   5.6500005E+02   2.8250002E+02   8.4750007E+02   4.0029483E-01   3.9485474E-01   3.9848128E-01
   8.5000000E-01   3.3703400E+02   2.5090309E+02   5.8793708E+02   4.7131621E-01   4.6716939E-01   4.6924502E-01
   9.0000000E-01   2.0866981E+02   1.0256652E+02   3.1123633E+02   6.4389528E-01   6.4610299E-01   6.4460060E-01
   9.5000000E-01   1.3067458E+02   7.0363238E+01   2.0103782E+02   7.1612934E-01   6.4726003E-01   6.9124775E-01
   1.0000000E+00   8.1738835E+01   3.7725616E+01   1.1946445E+02   8.4967878E-01   7.4904634E-01   8.1787625E-01
