   0.0000000E+00   1.1863537E+08   6.3933432E+07   1.8252755E+08   4.4504624E-04   2.4750414E-04   3.7621215E-04
   5.0000000E-02   4.5379658E+07   2.2845292E+07   6.8171919E+07   7.7593828E-05   1.2230466E-04   9.1654126E-05
   1.0000000E-01   2.2168851E+07   1.1084091E+07   3.3230725E+07   9.3024296E-05   7.4115184E-05   5.3172486E-05
   1.5000000E-01   1.3761428E+07   6.8765758E+06   2.0623658E+07   4.2116792E-05   4.3518040E-05   2.3792709E-05
   2.0000000E-01   9.3989270E+06   4.6808742E+06   1.4071064E+07   1.0189796E-04   7.4814537E-05   7.5985176E-05
   2.5000000E-01   6.7881748E+06   3.3856331E+06   1.0167594E+07   2.5501798E-05   8.3759795E-05   3.8214282E-05
   3.0000000E-01   5.0613500E+06   2.5174598E+06   7.5749795E+06   7.2637076E-05   1.2677365E-04   5.1246693E-05
   3.5000000E-01   3.8700116E+06   1.9268662E+06   5.7941039E+06   5.1761624E-05   1.2646801E-04   6.5199118E-05
   4.0000000E-01   3.0054501E+06   1.4985154E+06   4.5018408E+06   2.1962361E-04   9.2047151E-05   1.1783963E-04
   4.5000000E-01   2.3534701E+06   1.1708923E+06   3.5231529E+06   2.9846053E-05   2.6584272E-04   7.5852453E-05
   5.0000000E-01   1.8579684E+06   9.3400397E+05   2.7911957E+06   2.1062276E-04   3.4368579E-04   9.2378875E-05
   5.5000000E-01   1.4924798E+06   7.4476990E+05   2.2367462E+06   2.5975555E-05   7.7987080E-05   3.6210657E-05
   6.0000000E-01   1.1855452E+06   5.9555780E+05   1.7806626E+06   2.2496146E-04   1.9339577E-04   1.2509549E-04
   6.5000000E-01   9.5684441E+05   4.7881642E+05   1.4353621E+06   2.7553573E-04   9.4856106E-04   3.2394858E-04
   7.0000000E-01   7.5878256E+05   3.7832039E+05   1.1369347E+06   1.6960509E-04   8.0097482E-04   2.7746349E-04
   7.5000000E-01   6.0447047E+05   3.0301404E+05   9.0730201E+05   4.7995948E-04   5.5774126E-04   4.5961822E-04
   8.0000000E-01   4.7316367E+05   2.3585967E+05   7.0886816E+05   9.1201876E-04   6.9951451E-04   7.8605783E-04
   8.5000000E-01   3.5958906E+05   1.8089364E+05   5.4042278E+05   5.8787991E-04   1.4204913E-03   7.0495499E-04
   9.0000000E-01   2.6370206E+05   1.3093500E+05   3.9461230E+05   1.6846025E-03   1.9854524E-03   1.6904923E-03
   9.5000000E-01   1.7212523E+05   8.5598554E+04   2.5770033E+05   3.8401782E-03   2.7157019E-03   3.2332091E-03
   1.0000000E+00   8.9466299E+04   4.4088670E+04   1.3354868E+05   6.7950997E-03   8.7084151E-03   7.3805854E-03
