   0.0000000E+00   4.0067270E+08   1.9047613E+08   5.9098126E+08   1.4818082E-03   3.0510132E-05   1.0121539E-03
   5.0000000E-02   1.0204187E+08   4.9041113E+07   1.5100277E+08   7.2043004E-04   9.2151041E-05   5.1369524E-04
   1.0000000E-01   3.8298313E+07   1.8846683E+07   5.7125388E+07   5.9474597E-04   2.1737897E-04   4.5496614E-04
   1.5000000E-01   1.8734595E+07   9.4143756E+06   2.8140865E+07   1.5140672E-04   2.9336071E-04   1.6312247E-04
   2.0000000E-01   1.0219657E+07   5.2386964E+06   1.5455234E+07   8.2050069E-04   4.8039112E-04   6.9153378E-04
   2.5000000E-01   5.8253765E+06   3.0603586E+06   8.8842836E+06   9.6356615E-05   8.0926391E-04   2.1947890E-04
   3.0000000E-01   3.4447071E+06   1.8373589E+06   5.2815462E+06   5.0153471E-04   1.2630705E-03   3.0514287E-04
   3.5000000E-01   2.0729158E+06   1.1249981E+06   3.1976956E+06   3.9413762E-04   1.7111495E-03   7.9151952E-04
   4.0000000E-01   1.2761282E+06   6.9911196E+05   1.9752004E+06   1.0595959E-03   2.6256699E-03   2.4267897E-04
   4.5000000E-01   7.9129008E+05   4.3969206E+05   1.2309609E+06   2.1731219E-03   3.8238345E-03   3.0839107E-04
   5.0000000E-01   4.9899531E+05   2.7731794E+05   7.7630052E+05   2.1487513E-03   5.4951776E-03   6.0634904E-04
   5.5000000E-01   3.1832725E+05   1.8018076E+05   4.9849064E+05   3.1059570E-03   8.2169189E-03   1.0118086E-03
   6.0000000E-01   2.0507114E+05   1.1494170E+05   3.2000754E+05   4.5714674E-03   1.2024352E-02   1.3849185E-03
   6.5000000E-01   1.3486545E+05   7.5659811E+04   2.1052036E+05   6.1228622E-03   1.6720472E-02   2.2079883E-03
   7.0000000E-01   8.7899001E+04   4.9151594E+04   1.3705060E+05   6.7145786E-03   2.1858502E-02   3.5725050E-03
   7.5000000E-01   5.9120756E+04   3.2128078E+04   9.1248834E+04   1.5729106E-02   2.9606142E-02   1.5720288E-03
   8.0000000E-01   4.0528806E+04   2.0682185E+04   6.1210991E+04   2.3615452E-02   3.9941872E-02   2.1648661E-03
   8.5000000E-01   2.6943996E+04   1.3286629E+04   4.0230625E+04   3.0712364E-02   5.1441086E-02   3.5905166E-03
   9.0000000E-01   1.7581316E+04   8.1169021E+03   2.5698218E+04   4.3031424E-02   6.1815688E-02   9.9554781E-03
   9.5000000E-01   9.9245672E+03   4.5166498E+03   1.4441217E+04   4.7672149E-02   8.2665901E-02   7.4459690E-03
   1.0000000E+00   3.8165748E+03   1.5719007E+03   5.3884755E+03   6.2912881E-02   9.0041730E-02   1.8603548E-02
