   0.0000000E+00   2.3130296E+09   1.4710857E+09   3.6678278E+09   3.1536237E-03   4.0735965E-06   1.9370478E-03
   5.0000000E-02   1.5642766E+07   4.6076629E+06   2.0231585E+07   1.8788330E-01   3.2587797E-04   1.4519689E-01
   1.0000000E-01   6.8964702E+06   2.0227320E+06   8.9114354E+06   1.9734533E-01   2.7019550E-04   1.5266135E-01
   1.5000000E-01   4.0025771E+06   1.1572686E+06   5.1549649E+06   2.0414528E-01   3.2702072E-04   1.5846017E-01
   2.0000000E-01   2.6259611E+06   7.1471710E+05   3.3381954E+06   2.0577484E-01   3.6942130E-04   1.6184072E-01
   2.5000000E-01   1.8183771E+06   4.7337773E+05   2.2902524E+06   2.0471695E-01   3.8197491E-04   1.6250822E-01
   3.0000000E-01   1.3287740E+06   3.1748228E+05   1.6453226E+06   1.9634815E-01   3.1933305E-04   1.5856932E-01
   3.5000000E-01   9.9663735E+05   2.1537756E+05   1.2113783E+06   1.8467820E-01   3.6848038E-04   1.5194176E-01
   4.0000000E-01   7.7670000E+05   1.4701938E+05   9.2327374E+05   1.6866861E-01   5.0755349E-04   1.4191872E-01
   4.5000000E-01   6.1684212E+05   1.0248164E+05   7.1899130E+05   1.4899540E-01   4.9285464E-04   1.2784441E-01
   5.0000000E-01   5.1375852E+05   6.9525245E+04   5.8307368E+05   1.2943119E-01   7.4002080E-04   1.1408563E-01
   5.5000000E-01   4.3453351E+05   4.7098288E+04   4.8149290E+05   1.0756669E-01   7.9699019E-04   9.7136968E-02
   6.0000000E-01   3.7329261E+05   3.2515355E+04   4.0570187E+05   8.7931509E-02   6.3142074E-04   8.0924938E-02
   6.5000000E-01   3.2816280E+05   2.1987868E+04   3.5006742E+05   7.0820086E-02   1.1054144E-03   6.6446796E-02
   7.0000000E-01   2.8760208E+05   1.4855977E+04   3.0240349E+05   5.6666238E-02   4.4671706E-04   5.3901382E-02
   7.5000000E-01   2.5809839E+05   1.0092545E+04   2.6811878E+05   4.5191821E-02   9.7301705E-04   4.3524000E-02
   8.0000000E-01   2.2160336E+05   6.2826414E+03   2.2782632E+05   3.6672561E-02   1.7512041E-03   3.5696659E-02
   8.5000000E-01   1.8791892E+05   4.3177800E+03   1.9220300E+05   3.0168966E-02   1.5624351E-03   2.9531069E-02
   9.0000000E-01   1.4942173E+05   2.7197811E+03   1.5212029E+05   2.5017047E-02   7.3048669E-04   2.4568041E-02
   9.5000000E-01   1.0301848E+05   1.4106154E+03   1.0441569E+05   2.0592056E-02   8.1833774E-04   2.0324990E-02
   1.0000000E+00   4.6980967E+04   5.5959664E+02   4.7534276E+04   1.8812363E-02   5.2470875E-03   1.8652806E-02
