   0.0000000E+00   1.7891562E+06   1.4518873E+09   1.4483298E+09   1.0009535E-04   1.0140709E-05   1.0247059E-05
   5.0000000E-02   1.8051354E+06   2.8673291E+07   3.0454171E+07   3.6163173E-05   2.7680526E-04   2.6161450E-04
   1.0000000E-01   1.7957771E+06   5.1438878E+04   1.8470249E+06   3.6191595E-05   5.2125217E-02   1.4738604E-03
   1.5000000E-01   1.8276717E+06   6.0054465E+03   1.8332952E+06   2.1086472E-05   1.9800958E-01   6.4575042E-04
   2.0000000E-01   1.8506696E+06   2.6738030E+03   1.8528978E+06   5.3620396E-06   2.5893842E-01   3.7283288E-04
   2.5000000E-01   1.8889909E+06   1.7316058E+03   1.8901368E+06   5.3114169E-06   2.9175214E-01   2.6197417E-04
   3.0000000E-01   1.9379979E+06   9.9737098E+02   1.9381571E+06   2.0834230E-05   3.5556194E-01   1.6779662E-04
   3.5000000E-01   2.0062436E+06   6.4571434E+02   2.0056797E+06   8.7177950E-06   3.7363238E-01   1.1465937E-04
   4.0000000E-01   2.0957523E+06   3.9788736E+02   2.0947655E+06   1.5015289E-05   3.7857330E-01   7.2064758E-05
   4.5000000E-01   2.2015443E+06   2.9001567E+02   2.1999740E+06   6.9458216E-06   4.0853479E-01   4.7658249E-05
   5.0000000E-01   2.3518135E+06   2.1008452E+02   2.3505912E+06   1.1333783E-05   4.9548704E-01   3.3696134E-05
   5.5000000E-01   2.5589279E+06   1.6783612E+02   2.5560226E+06   2.3601555E-05   4.5556915E-01   7.6127703E-06
   6.0000000E-01   2.8665768E+06   1.8568077E+02   2.8628048E+06   1.2398220E-05   5.2577919E-01   2.1296989E-05
   6.5000000E-01   3.3628901E+06   8.8147353E+01   3.3583505E+06   1.3438512E-05   5.8315582E-01   6.7057221E-06
   7.0000000E-01   4.4836903E+06   4.5472841E+01   4.4730815E+06   1.1038613E-05   5.4007286E-01   6.0250575E-06
   7.5000000E-01   7.4004969E+06   5.0929582E+01   7.3733047E+06   1.2980505E-05   6.4325424E-01   8.5730524E-06
   8.0000000E-01   1.8622362E+06   4.3767609E+01   1.8601433E+06   1.5363530E-05   6.3559683E-01   8.9917269E-06
   8.5000000E-01   1.0635295E+04   2.2468933E+01   1.0657764E+04   5.6736314E-03   6.6717165E-01   7.0661044E-03
   9.0000000E-01   3.1123633E+02   1.7683883E+01   3.2892022E+02   1.4429735E-01   7.4693145E-01   1.7654116E-01
   9.5000000E-01   1.5412900E+02   1.0051891E+01   1.6418089E+02   1.6788840E-01   7.5839787E-01   2.0156726E-01
   1.0000000E+00   8.8026438E+01   1.2575205E+01   1.0060164E+02   2.5922784E-01   8.1520776E-01   3.0552892E-01
