   0.0000000E+00   4.6760996E+07   2.1646091E+07   6.8403521E+07   9.7983656E-03   1.9404326E-04   6.7170312E-03
   5.0000000E-02   1.7681796E+07   8.5037759E+06   2.6182771E+07   2.6074620E-03   2.6509843E-04   1.6921624E-03
   1.0000000E-01   9.9394490E+06   4.8693137E+06   1.4806853E+07   1.6217117E-03   3.4279846E-04   1.1196010E-03
   1.5000000E-01   7.1570705E+06   3.5524232E+06   1.0708093E+07   1.0219938E-03   5.4121065E-04   5.7912991E-04
   2.0000000E-01   5.6644995E+06   2.8230904E+06   8.4857755E+06   5.7993626E-04   3.4988613E-04   2.8069644E-04
   2.5000000E-01   4.7392268E+06   2.3633618E+06   7.1010352E+06   3.2171722E-04   1.6884338E-04   2.6842223E-04
   3.0000000E-01   4.0662284E+06   2.0454275E+06   6.1103508E+06   7.8880345E-04   2.6593459E-04   5.1036876E-04
   3.5000000E-01   3.5532114E+06   1.7880740E+06   5.3400849E+06   4.0131200E-04   2.0838070E-04   2.8046755E-04
   4.0000000E-01   3.1610320E+06   1.5919712E+06   4.7519926E+06   6.5852567E-04   1.5292289E-04   4.8762442E-04
   4.5000000E-01   2.8237270E+06   1.4149865E+06   4.2379212E+06   3.0153673E-04   5.2150688E-05   2.1561555E-04
   5.0000000E-01   2.5320978E+06   1.2795421E+06   3.8109715E+06   5.4226822E-04   3.0942308E-04   4.5957951E-04
   5.5000000E-01   2.2865877E+06   1.1493533E+06   3.4352871E+06   1.5573080E-04   2.0501519E-04   1.5026487E-04
   6.0000000E-01   2.0577567E+06   1.0371385E+06   3.0942161E+06   3.7543909E-04   4.5273928E-04   1.9507185E-04
   6.5000000E-01   1.8497575E+06   9.3094868E+05   2.7802018E+06   9.7023397E-04   1.4531373E-04   6.5123602E-04
   7.0000000E-01   1.6417287E+06   8.3327162E+05   2.4745365E+06   5.5494613E-04   2.9593724E-04   4.3078317E-04
   7.5000000E-01   1.4516459E+06   7.3504119E+05   2.1863687E+06   5.8531637E-04   2.7374723E-04   4.3890392E-04
   8.0000000E-01   1.2631332E+06   6.4055886E+05   1.9034295E+06   1.2562772E-03   9.5256671E-04   1.1556798E-03
   8.5000000E-01   1.0676451E+06   5.3820959E+05   1.6056824E+06   1.2373792E-03   8.6708598E-04   1.1084119E-03
   9.0000000E-01   8.5799369E+05   4.3459202E+05   1.2924336E+06   2.3693839E-03   1.0684601E-03   1.8269526E-03
   9.5000000E-01   6.0652106E+05   3.0941396E+05   9.1586466E+05   3.0094796E-03   1.3632051E-03   2.3300619E-03
   1.0000000E+00   3.2325194E+05   1.6963952E+05   4.9286631E+05   6.3709662E-03   1.8492090E-03   4.8065651E-03
