   0.0000000E+00   5.1572822E+07   3.1622177E+07   8.3181758E+07   5.3644158E-03   6.3947368E-04   3.5441122E-03
   5.0000000E-02   2.5011581E+07   1.2924973E+07   3.7918729E+07   1.0660487E-03   6.6124579E-04   9.3058192E-04
   1.0000000E-01   1.4002325E+07   6.9888755E+06   2.0981874E+07   5.2518803E-04   9.1185953E-05   3.7989839E-04
   1.5000000E-01   9.5842046E+06   4.7872534E+06   1.4363840E+07   2.1838081E-04   4.7331305E-04   3.0198250E-04
   2.0000000E-01   7.1940581E+06   3.5801904E+06   1.0768805E+07   2.9425626E-04   8.4761319E-05   1.6895373E-04
   2.5000000E-01   5.6689717E+06   2.8316211E+06   8.4962638E+06   2.9041111E-04   2.7633592E-04   2.3767761E-04
   3.0000000E-01   4.6148567E+06   2.3041073E+06   6.9154202E+06   2.8474440E-04   1.1255094E-04   2.1946657E-04
   3.5000000E-01   3.8362617E+06   1.9100594E+06   5.7431652E+06   1.2123374E-04   4.0407414E-04   2.1763939E-04
   4.0000000E-01   3.2389463E+06   1.6195448E+06   4.8561197E+06   1.3092905E-04   1.1584009E-04   1.2979328E-04
   4.5000000E-01   2.7660422E+06   1.3741084E+06   4.1379649E+06   3.8614461E-04   3.2650092E-04   3.5514824E-04
   5.0000000E-01   2.3823012E+06   1.1792108E+06   3.5601560E+06   4.7296903E-04   2.3623008E-04   3.6748486E-04
   5.5000000E-01   2.0491401E+06   1.0232216E+06   3.0712506E+06   1.9638400E-04   7.3326497E-04   3.5462256E-04
   6.0000000E-01   1.7733415E+06   8.7812679E+05   2.6503701E+06   9.7097968E-04   6.7303727E-04   8.7201412E-04
   6.5000000E-01   1.5338619E+06   7.5788115E+05   2.2908909E+06   7.5192499E-04   4.4438922E-04   5.8872090E-04
   7.0000000E-01   1.3181531E+06   6.5787378E+05   1.9752220E+06   7.5431313E-04   1.8119633E-03   1.1066320E-03
   7.5000000E-01   1.1246143E+06   5.5956756E+05   1.6835665E+06   8.5495458E-04   1.3346988E-03   9.9415324E-04
   8.0000000E-01   9.4809793E+05   4.7088377E+05   1.4185679E+06   1.9397845E-03   1.2038881E-03   1.6552594E-03
   8.5000000E-01   7.8054452E+05   3.8838674E+05   1.1686467E+06   2.2427904E-03   1.8229041E-03   2.0942375E-03
   9.0000000E-01   6.1311789E+05   3.0524857E+05   9.1820377E+05   2.9020169E-03   2.9604585E-03   2.9235016E-03
   9.5000000E-01   4.3613145E+05   2.1739560E+05   6.5339303E+05   4.6932537E-03   5.8439531E-03   5.0483462E-03
   1.0000000E+00   2.5863425E+05   1.2810990E+05   3.8671272E+05   1.1766558E-02   1.1543508E-02   1.1695462E-02
