   0.0000000E+00   1.2603595E+08   6.5898295E+07   1.9186447E+08   1.9043042E-03   1.2695637E-03   1.6880623E-03
   5.0000000E-02   4.6363299E+07   2.3385973E+07   6.9681535E+07   4.5259750E-04   4.2905909E-04   4.3948057E-04
   1.0000000E-01   2.2497633E+07   1.1244902E+07   3.3714556E+07   1.9423456E-04   2.4924676E-04   2.1128182E-04
   1.5000000E-01   1.3880306E+07   6.9584239E+06   2.0820289E+07   1.7676510E-04   6.2911598E-05   1.1418212E-04
   2.0000000E-01   9.4396388E+06   4.7326473E+06   1.4160684E+07   3.4323771E-05   2.5702666E-04   6.8484746E-05
   2.5000000E-01   6.7960307E+06   3.4029619E+06   1.0191799E+07   1.6556367E-04   1.9223422E-04   1.2499959E-04
   3.0000000E-01   5.0597478E+06   2.5249189E+06   7.5796905E+06   1.1263082E-04   1.2963294E-04   1.2144070E-04
   3.5000000E-01   3.8534504E+06   1.9178807E+06   5.7680844E+06   3.4813753E-05   1.3117092E-04   6.4669140E-05
   4.0000000E-01   2.9753539E+06   1.4848122E+06   4.4578504E+06   1.1372590E-04   7.6539113E-05   9.7903376E-05
   4.5000000E-01   2.3295686E+06   1.1599990E+06   3.4879195E+06   2.2553188E-04   7.9131862E-05   1.2241607E-04
   5.0000000E-01   1.8415055E+06   9.1745822E+05   2.7582252E+06   3.7979814E-04   2.0038766E-04   3.0261081E-04
   5.5000000E-01   1.4562967E+06   7.3224006E+05   2.1878307E+06   3.4443493E-04   2.5182312E-04   2.9964903E-04
   6.0000000E-01   1.1678524E+06   5.8296334E+05   1.7502853E+06   3.0571226E-04   2.4623969E-04   1.5898994E-04
   6.5000000E-01   9.2940121E+05   4.6225451E+05   1.3913227E+06   4.9843114E-04   7.0092834E-04   5.6920485E-04
   7.0000000E-01   7.3881089E+05   3.7092651E+05   1.1095237E+06   2.8736539E-04   7.4841115E-04   4.0317690E-04
   7.5000000E-01   5.8443817E+05   2.9335439E+05   8.7761431E+05   2.4622496E-04   9.5068371E-04   2.0833038E-04
   8.0000000E-01   4.5646433E+05   2.2685548E+05   6.8326013E+05   4.9333403E-04   1.1923720E-03   4.9789058E-04
   8.5000000E-01   3.4712629E+05   1.7342272E+05   5.2049658E+05   3.6279892E-04   1.3760076E-03   6.8771263E-04
   9.0000000E-01   2.5219692E+05   1.2526201E+05   3.7740235E+05   1.0849055E-03   2.5003243E-03   1.4870564E-03
   9.5000000E-01   1.6361463E+05   8.1158969E+04   2.4476020E+05   3.5059462E-03   2.4715479E-03   3.1201278E-03
   1.0000000E+00   8.6536276E+04   4.2378442E+04   1.2891472E+05   7.5075659E-03   8.1592336E-03   7.6895685E-03
