   0.0000000E+00   3.2404242E+09   1.6620910E+09   4.6909058E+09   6.2113225E-05   2.0277940E-10   4.1707339E-05
   5.0000000E-02   4.3111891E+05   1.0007663E+05   5.3119554E+05   2.0245970E-01   1.0433275E-05   1.6430494E-01
   1.0000000E-01   1.7465663E+05   4.2844511E+04   2.1750115E+05   2.2777327E-01   8.0129565E-06   1.8290688E-01
   1.5000000E-01   9.2033998E+04   2.4276434E+04   1.1631043E+05   2.4964678E-01   5.6341673E-06   1.9754142E-01
   2.0000000E-01   5.4558314E+04   1.3926058E+04   6.8484372E+04   2.6867718E-01   2.5967713E-07   2.1404256E-01
   2.5000000E-01   3.4364735E+04   9.0527332E+03   4.3417468E+04   2.8370742E-01   1.9989817E-05   2.2455734E-01
   3.0000000E-01   2.1910330E+04   5.9417845E+03   2.7852115E+04   2.9991919E-01   9.3740182E-06   2.3593443E-01
   3.5000000E-01   1.3978351E+04   3.5741653E+03   1.7552517E+04   3.1161351E-01   7.3136106E-06   2.4816209E-01
   4.0000000E-01   8.6421134E+03   2.7135918E+03   1.1355705E+04   3.2530307E-01   4.0973194E-06   2.4756674E-01
   4.5000000E-01   5.4466358E+03   1.6622850E+03   7.1089208E+03   3.2965899E-01   1.6020458E-05   2.5257080E-01
   5.0000000E-01   3.5587045E+03   9.9312684E+02   4.5518314E+03   3.4330471E-01   1.8337634E-05   2.6839786E-01
   5.5000000E-01   2.2050194E+03   5.2665818E+02   2.7316776E+03   3.4597344E-01   1.9650228E-05   2.7927473E-01
   6.0000000E-01   1.1724414E+03   3.5544604E+02   1.5278875E+03   3.5520386E-01   1.3069421E-05   2.7257267E-01
   6.5000000E-01   7.9822325E+02   2.1547131E+02   1.0136946E+03   3.6155654E-01   7.4067531E-06   2.8470237E-01
   7.0000000E-01   3.5923544E+02   1.4096581E+02   5.0020125E+02   3.7507950E-01   8.6361236E-06   2.6937771E-01
   7.5000000E-01   2.5464791E+02   6.3661977E+01   3.1830989E+02   3.7624873E-01   7.8365818E-06   3.0100055E-01
   8.0000000E-01   1.2732395E+02   3.1830989E+01   1.5915494E+02   3.7390967E-01   4.4346882E-06   2.9912685E-01
   8.5000000E-01   7.4896444E+01   2.2468933E+01   9.7365377E+01   3.3352467E-01   8.1732852E-07   2.5655725E-01
   9.0000000E-01   5.3051648E+01   1.4147106E+01   6.7198754E+01   3.4178475E-01   4.3593517E-06   2.6982915E-01
   9.5000000E-01   2.3454413E+01   1.0051891E+01   3.3506304E+01   2.2512222E-01   7.1490629E-06   1.5758341E-01
   1.0000000E+00   6.2876027E+00   6.2876027E+00   1.2575205E+01   4.2381052E-01   3.3880924E-05   2.1188832E-01
