   0.0000000E+00   3.2428163E+09   1.6623247E+09   4.7078587E+09   1.3136557E-05   1.2841786E-07   8.8419532E-06
   5.0000000E-02   9.1927895E+04   2.1263100E+04   1.1319100E+05   2.0110651E-01   5.8355161E-04   1.6343797E-01
   1.0000000E-01   3.8038031E+04   8.5625359E+03   4.6600567E+04   2.2082245E-01   4.3320591E-07   1.8024775E-01
   1.5000000E-01   1.9247138E+04   4.9868549E+03   2.4233993E+04   2.4153615E-01   2.6057763E-05   1.9183836E-01
   2.0000000E-01   1.2111691E+04   2.7056340E+03   1.4817325E+04   2.4664654E-01   7.3269511E-07   2.0160890E-01
   2.5000000E-01   7.9195500E+03   1.7952678E+03   9.7148177E+03   2.4376275E-01   2.9439090E-06   1.9871562E-01
   3.0000000E-01   5.8887329E+03   1.1777466E+03   7.0664795E+03   2.2865518E-01   9.9501714E-05   1.9056257E-01
   3.5000000E-01   4.0016100E+03   7.5484916E+02   4.7564592E+03   2.1091514E-01   4.2757405E-05   1.7743616E-01
   4.0000000E-01   3.2308453E+03   4.5359159E+02   3.6844369E+03   1.9797821E-01   5.4914041E-06   1.7360441E-01
   4.5000000E-01   2.2776841E+03   2.6879501E+02   2.5464791E+03   1.4865313E-01   1.3585584E-05   1.3296053E-01
   5.0000000E-01   2.0308171E+03   2.2281692E+02   2.2536340E+03   1.1524340E-01   7.3717704E-07   1.0384921E-01
   5.5000000E-01   1.8461973E+03   1.3311141E+02   1.9793087E+03   6.6082858E-02   3.0784944E-06   6.1638897E-02
   6.0000000E-01   1.6870424E+03   6.3661977E+01   1.7507044E+03   5.2359124E-02   7.4323256E-06   5.0455426E-02
   6.5000000E-01   1.3369015E+03   3.9176601E+01   1.3760781E+03   2.7898085E-02   7.0054106E-06   2.7103634E-02
   7.0000000E-01   1.3278070E+03   4.5472841E+01   1.3732798E+03   2.2350371E-02   6.9687835E-06   2.1610523E-02
   7.5000000E-01   1.3029485E+03   1.6976527E+01   1.3199250E+03   1.2357775E-02   5.8654529E-05   1.2199587E-02
   8.0000000E-01   1.1857043E+03   3.9788736E+00   1.1896832E+03   1.0824872E-02   7.9184099E-06   1.0788695E-02
   8.5000000E-01   9.5492966E+02   7.4896444E+00   9.6241930E+02   4.7512312E-03   5.2904510E-06   4.7142978E-03
   9.0000000E-01   8.0638504E+02   0.0000000E+00   8.0638504E+02   1.6770645E-03   0.0000000E+00   1.6770645E-03
   9.5000000E-01   5.0929582E+02   3.3506304E+00   5.1264645E+02   1.1537988E-05   9.8859622E-06   1.1527191E-05
   1.0000000E+00   1.7605288E+02   0.0000000E+00   1.7605288E+02   3.3874205E-05   0.0000000E+00   3.3874205E-05
