   0.0000000E+00   2.5767720E+08   1.4500721E+08   4.0253570E+08   1.6776390E-05   2.2849814E-05   1.0986745E-05
   5.0000000E-02   8.9197879E+07   4.4429567E+07   1.3351164E+08   1.7135499E-05   7.3222417E-06   1.3722606E-05
   1.0000000E-01   3.6662901E+07   1.8178646E+07   5.4804973E+07   2.5148547E-05   2.7549456E-05   2.2231289E-05
   1.5000000E-01   1.9241238E+07   9.5388136E+06   2.8763500E+07   3.9914342E-05   4.4752877E-05   4.0485987E-05
   2.0000000E-01   1.1086940E+07   5.5161193E+06   1.6596486E+07   5.1415556E-05   1.1639494E-04   7.0330123E-05
   2.5000000E-01   6.7292365E+06   3.3175402E+06   1.0043759E+07   1.2186393E-04   1.0433965E-04   1.1449248E-04
   3.0000000E-01   4.2109745E+06   2.0879219E+06   6.2974003E+06   2.1455229E-04   2.3247690E-04   2.1991741E-04
   3.5000000E-01   2.6846074E+06   1.3269703E+06   4.0107409E+06   1.8668760E-04   2.6209488E-04   2.1166532E-04
   4.0000000E-01   1.7306827E+06   8.5381057E+05   2.5841431E+06   3.6951936E-04   3.2322678E-04   3.4936568E-04
   4.5000000E-01   1.1305023E+06   5.5827310E+05   1.6885844E+06   6.4699027E-04   6.5058207E-04   6.4803670E-04
   5.0000000E-01   7.4176389E+05   3.6788983E+05   1.1095519E+06   7.7668340E-04   8.9566793E-04   8.1600652E-04
   5.5000000E-01   4.8734401E+05   2.4179976E+05   7.2909748E+05   9.1218058E-04   8.3862812E-04   8.8211384E-04
   6.0000000E-01   3.2573181E+05   1.6079424E+05   4.8652605E+05   1.5753587E-03   1.4093489E-03   1.5199890E-03
   6.5000000E-01   2.1741545E+05   1.0806376E+05   3.2547920E+05   1.2897635E-03   2.2774908E-03   1.5429307E-03
   7.0000000E-01   1.4464456E+05   7.2388215E+04   2.1702823E+05   2.7480233E-03   2.8068698E-03   2.7600795E-03
   7.5000000E-01   9.7190619E+04   4.7109863E+04   1.4429624E+05   2.9526187E-03   2.4203955E-03   2.7789415E-03
   8.0000000E-01   6.3554548E+04   3.1353524E+04   9.4908071E+04   4.2618014E-03   3.4875498E-03   4.0018460E-03
   8.5000000E-01   4.1144361E+04   2.0240764E+04   6.1385125E+04   6.1084820E-03   8.6819368E-03   6.9490433E-03
   9.0000000E-01   2.4569986E+04   1.1989672E+04   3.6559659E+04   7.6660523E-03   7.4209045E-03   7.5353180E-03
   9.5000000E-01   1.3415924E+04   6.7716240E+03   2.0187548E+04   7.6839640E-03   8.4727099E-03   7.8401082E-03
   1.0000000E+00   5.3130243E+03   2.5276163E+03   7.8406406E+03   1.3170182E-02   2.0677671E-02   1.3392285E-02
