   0.0000000E+00   1.0434239E+09   8.8965016E+08   1.8996052E+09   4.5923836E-02   1.1643003E-07   2.4802717E-02
   5.0000000E-02   1.0077398E+08   3.7437890E+07   1.3709104E+08   1.4821990E-01   2.6080179E-06   1.0807188E-01
   1.0000000E-01   3.4848057E+07   1.2511870E+07   4.7119508E+07   1.3706395E-01   9.0256837E-06   1.0093546E-01
   1.5000000E-01   1.5304021E+07   5.2214068E+06   2.0454084E+07   1.2965021E-01   9.3888808E-06   9.6711372E-02
   2.0000000E-01   7.2461177E+06   2.3419332E+06   9.5682838E+06   1.2383370E-01   1.3661134E-05   9.3618311E-02
   2.5000000E-01   3.5724046E+06   1.0838706E+06   4.6504438E+06   1.1784522E-01   1.0536601E-05   9.0435108E-02
   3.0000000E-01   1.8011883E+06   5.1622436E+05   2.3154498E+06   1.1106805E-01   3.0377890E-05   8.6356363E-02
   3.5000000E-01   9.3033795E+05   2.5165580E+05   1.1814026E+06   1.0842795E-01   4.6926300E-05   8.5333503E-02
   4.0000000E-01   4.7958955E+05   1.2588360E+05   6.0529012E+05   1.0243733E-01   8.0656066E-05   8.1145352E-02
   4.5000000E-01   2.5542600E+05   6.1398440E+04   3.1673956E+05   9.8272217E-02   1.5830909E-04   7.9262583E-02
   5.0000000E-01   1.3534536E+05   3.0322200E+04   1.6566756E+05   9.5789288E-02   1.9504747E-04   7.8286954E-02
   5.5000000E-01   7.3599033E+04   1.5365686E+04   8.8958932E+04   9.0696732E-02   1.7692729E-04   7.5045703E-02
   6.0000000E-01   4.0939957E+04   7.7296251E+03   4.8669582E+04   8.0568807E-02   3.9814146E-04   6.7835893E-02
   6.5000000E-01   2.4353155E+04   4.1918963E+03   2.8545051E+04   7.2534258E-02   1.3520573E-03   6.2080555E-02
   7.0000000E-01   1.5574448E+04   2.1190344E+03   1.7693482E+04   6.1054765E-02   2.0228318E-05   5.3740277E-02
   7.5000000E-01   1.0903175E+04   1.0101034E+03   1.1913278E+04   4.7696075E-02   2.3145653E-03   4.3848231E-02
   8.0000000E-01   8.5903881E+03   5.1725357E+02   9.1076416E+03   2.9735379E-02   3.5417650E-03   2.8247693E-02
   8.5000000E-01   7.3548308E+03   3.1082024E+02   7.6656510E+03   1.9233549E-02   3.0005883E-06   1.8453563E-02
   9.0000000E-01   6.9426923E+03   1.3793428E+02   7.0806266E+03   1.3270359E-02   6.5170081E-06   1.3011778E-02
   9.5000000E-01   5.8703044E+03   5.0259456E+01   5.9205639E+03   9.6382888E-03   4.1927841E-02   9.9122061E-03
   1.0000000E+00   3.2947038E+03   1.2575205E+01   3.3072790E+03   6.7877334E-03   1.8899257E-05   6.7618599E-03
