   0.0000000E+00   3.7460846E+08   2.1098700E+08   5.8519159E+08   1.5053295E-05   1.7620072E-05   1.5918962E-05
   5.0000000E-02   1.1965523E+08   5.9192906E+07   1.7855981E+08   9.2970346E-06   2.3200497E-05   1.4150168E-05
   1.0000000E-01   4.3426031E+07   2.1403093E+07   6.4758905E+07   2.9583353E-05   4.3097778E-05   3.4167383E-05
   1.5000000E-01   1.9912023E+07   9.7963475E+06   2.9684434E+07   6.4405268E-05   5.3804780E-05   6.0809327E-05
   2.0000000E-01   9.9524997E+06   4.9033251E+06   1.4848010E+07   1.2642447E-04   1.2560164E-04   1.2564989E-04
   2.5000000E-01   5.2155966E+06   2.5721349E+06   7.7849685E+06   2.2124496E-04   1.7783695E-04   2.0503656E-04
   3.0000000E-01   2.8020077E+06   1.3763932E+06   4.1775520E+06   3.4867201E-04   3.7882386E-04   3.5860069E-04
   3.5000000E-01   1.5183927E+06   7.5204803E+05   2.2701043E+06   5.4852140E-04   5.6412894E-04   5.5205054E-04
   4.0000000E-01   8.3710725E+05   4.1389835E+05   1.2509101E+06   8.8235435E-04   1.0105666E-03   9.2265149E-04
   4.5000000E-01   4.6049538E+05   2.2666493E+05   6.8713909E+05   1.4798131E-03   1.3460551E-03   1.4353080E-03
   5.0000000E-01   2.5519540E+05   1.2747674E+05   3.8265941E+05   2.3761051E-03   2.3403615E-03   2.3642358E-03
   5.5000000E-01   1.4490045E+05   7.1127791E+04   2.1602824E+05   3.7211387E-03   3.6555933E-03   3.6993021E-03
   6.0000000E-01   8.1344091E+04   3.9942586E+04   1.2128668E+05   5.7410893E-03   5.5129699E-03   5.6632106E-03
   6.5000000E-01   4.6855215E+04   2.3168063E+04   7.0023278E+04   8.0285783E-03   8.2063992E-03   8.0865932E-03
   7.0000000E-01   2.6224187E+04   1.3009780E+04   3.9233967E+04   1.3476529E-02   1.2698877E-02   1.3214033E-02
   7.5000000E-01   1.4548884E+04   7.3338598E+03   2.1882744E+04   1.6207936E-02   1.9318497E-02   1.7209722E-02
   8.0000000E-01   8.6739444E+03   4.4961271E+03   1.3170072E+04   3.0703687E-02   3.0860541E-02   3.0753494E-02
   8.5000000E-01   5.0405307E+03   2.2281692E+03   7.2686999E+03   3.5520798E-02   4.2962539E-02   3.7799065E-02
   9.0000000E-01   2.6561192E+03   1.3439751E+03   4.0000942E+03   5.5112547E-02   8.0702964E-02   6.3658341E-02
   9.5000000E-01   1.2229801E+03   5.8300969E+02   1.8059898E+03   7.8705134E-02   9.1277236E-02   8.2618095E-02
   1.0000000E+00   3.5839335E+02   2.1377849E+02   5.7217184E+02   1.2060598E-01   1.4128441E-02   8.0003188E-02
