   0.0000000E+00   5.8551194E+07   2.9311502E+07   8.7859131E+07   4.6519761E-03   1.5471529E-03   3.6130994E-03
   5.0000000E-02   2.2188045E+07   1.1158544E+07   3.3342260E+07   7.7782171E-04   7.8555409E-04   7.7335093E-04
   1.0000000E-01   1.1932674E+07   5.9832073E+06   1.7914035E+07   5.1650314E-04   1.0223135E-03   2.1517124E-04
   1.5000000E-01   8.2759509E+06   4.1348666E+06   1.2408611E+07   3.7787017E-04   4.5364372E-04   2.5826437E-04
   2.0000000E-01   6.3266318E+06   3.1759051E+06   9.5010567E+06   2.5598311E-04   4.7836837E-04   2.8217927E-04
   2.5000000E-01   5.1275521E+06   2.5793923E+06   7.7058876E+06   6.1086177E-04   3.1542383E-04   5.0799808E-04
   3.0000000E-01   4.2762599E+06   2.1403157E+06   6.4157798E+06   5.0567231E-04   3.2742332E-04   4.4011760E-04
   3.5000000E-01   3.6665843E+06   1.8360387E+06   5.5018863E+06   1.2669844E-04   3.2072922E-04   1.8501651E-04
   4.0000000E-01   3.1748785E+06   1.5918996E+06   4.7661096E+06   5.5743089E-04   2.6173003E-04   3.7348525E-04
   4.5000000E-01   2.7866899E+06   1.3917003E+06   4.1777607E+06   4.5505042E-04   5.0414289E-04   2.5986905E-04
   5.0000000E-01   2.4549013E+06   1.2330497E+06   3.6874863E+06   3.2336825E-04   3.2647488E-04   3.2028106E-04
   5.5000000E-01   2.1685006E+06   1.0871498E+06   3.2552510E+06   2.8225164E-04   1.9653477E-04   2.2626496E-04
   6.0000000E-01   1.9209100E+06   9.5872816E+05   2.8792721E+06   1.8483146E-04   4.5448905E-04   2.0092571E-04
   6.5000000E-01   1.6975368E+06   8.4876107E+05   2.5459747E+06   2.5645624E-04   6.6900591E-04   2.7070357E-04
   7.0000000E-01   1.4906998E+06   7.4580461E+05   2.2362088E+06   8.5404032E-04   1.6700359E-04   5.6208197E-04
   7.5000000E-01   1.2986492E+06   6.5146150E+05   1.9499027E+06   2.7811926E-04   6.0673373E-04   3.8054046E-04
   8.0000000E-01   1.1144626E+06   5.5667227E+05   1.6709439E+06   8.6090840E-04   1.1398455E-03   9.3534559E-04
   8.5000000E-01   9.2842381E+05   4.6650748E+05   1.3948002E+06   3.9323175E-04   7.1962963E-04   1.6332761E-04
   9.0000000E-01   7.3283070E+05   3.6718106E+05   1.0999446E+06   6.2112935E-04   9.6846917E-04   7.0040569E-04
   9.5000000E-01   5.0940304E+05   2.5228571E+05   7.6162844E+05   8.3116179E-04   1.5450373E-03   1.0227143E-03
   1.0000000E+00   2.6086635E+05   1.3189504E+05   3.9274881E+05   3.5946813E-03   2.8363165E-03   3.3242787E-03
