   0.0000000E+00   1.5913152E+08   8.7072269E+07   2.4614369E+08   2.5209210E-06   3.4258806E-05   1.0920783E-05
   5.0000000E-02   5.8658782E+07   2.9346771E+07   8.7943165E+07   1.3773039E-05   2.7676725E-05   1.2959702E-05
   1.0000000E-01   2.7117297E+07   1.3524828E+07   4.0617647E+07   2.5069073E-05   2.5624640E-06   1.7812069E-05
   1.5000000E-01   1.5934614E+07   7.9189558E+06   2.3838864E+07   4.9231122E-05   3.9612573E-05   4.4757215E-05
   2.0000000E-01   1.0345246E+07   5.1689069E+06   1.5506434E+07   7.7172646E-05   2.3624847E-05   5.7918833E-05
   2.5000000E-01   7.0822167E+06   3.5466724E+06   1.0624598E+07   6.8052918E-05   1.0162821E-04   7.8071693E-05
   3.0000000E-01   5.0270468E+06   2.4990509E+06   7.5234770E+06   7.8167565E-05   7.0718345E-05   7.4776881E-05
   3.5000000E-01   3.6380637E+06   1.8191137E+06   5.4555950E+06   1.4083641E-04   4.4723114E-05   8.6295382E-05
   4.0000000E-01   2.6721319E+06   1.3414295E+06   4.0125110E+06   1.6665210E-04   2.0688153E-04   1.7826645E-04
   4.5000000E-01   1.9999339E+06   9.9251852E+05   2.9917593E+06   1.2968713E-04   1.1695205E-04   9.6344018E-05
   5.0000000E-01   1.5035877E+06   7.5089939E+05   2.2541306E+06   1.5625958E-04   1.0308076E-04   1.3735600E-04
   5.5000000E-01   1.1351394E+06   5.6667262E+05   1.7015978E+06   1.4273263E-04   2.3029259E-04   1.3727413E-04
   6.0000000E-01   8.6494345E+05   4.2833370E+05   1.2930703E+06   5.3175088E-05   5.4607024E-04   2.1644790E-04
   6.5000000E-01   6.5568898E+05   3.2711972E+05   9.8267649E+05   3.9782752E-04   9.8441878E-04   5.9749690E-04
   7.0000000E-01   5.0017851E+05   2.4702666E+05   7.4710968E+05   4.3263390E-04   6.5357449E-04   5.0378353E-04
   7.5000000E-01   3.7496480E+05   1.8796411E+05   5.6287798E+05   7.3663863E-04   1.3432570E-04   5.3149500E-04
   8.0000000E-01   2.7988193E+05   1.3971019E+05   4.1954835E+05   3.7268453E-04   2.9956367E-04   2.2920450E-04
   8.5000000E-01   2.0483803E+05   1.0245085E+05   3.0726266E+05   8.5983340E-04   5.1753514E-04   6.7311205E-04
   9.0000000E-01   1.4044540E+05   6.9964513E+04   2.1040283E+05   1.4723566E-03   9.0196348E-04   1.1817393E-03
   9.5000000E-01   8.6191616E+04   4.2261501E+04   1.2845312E+05   2.2791073E-03   1.5433712E-03   2.0368167E-03
   1.0000000E+00   4.0649351E+04   2.0837115E+04   6.1486467E+04   5.9539459E-03   5.1293795E-03   5.6106101E-03
