   0.0000000E+00   3.2343284E+09   1.6606685E+09   4.6802111E+09   3.0962562E-05   1.0018980E-08   2.0360956E-05
   5.0000000E-02   2.0441861E+05   4.3990426E+04   2.4840904E+05   2.0945184E-01   9.1639313E-07   1.7236013E-01
   1.0000000E-01   7.9768457E+04   1.9416903E+04   9.9185361E+04   2.2638895E-01   2.4837660E-04   1.8202157E-01
   1.5000000E-01   4.2335215E+04   8.7853529E+03   5.1120568E+04   2.3843427E-01   7.4885193E-06   1.9745931E-01
   2.0000000E-01   2.4159720E+04   5.2998596E+03   2.9459580E+04   2.2743435E-01   2.9309479E-05   1.8651301E-01
   2.5000000E-01   1.5584452E+04   2.5337467E+03   1.8118199E+04   1.9976718E-01   1.1217375E-05   1.7182909E-01
   3.0000000E-01   1.2000283E+04   1.3156809E+03   1.3315964E+04   1.6630161E-01   2.9161324E-05   1.4986733E-01
   3.5000000E-01   8.9490551E+03   5.9114693E+02   9.5402020E+03   1.0749272E-01   2.9751038E-06   1.0083188E-01
   4.0000000E-01   7.6871838E+03   3.8197186E+02   8.0691556E+03   6.3628388E-02   1.2829567E-05   6.0615786E-02
   4.5000000E-01   6.6137721E+03   1.8391238E+02   6.7976845E+03   3.7376993E-02   1.2189368E-06   3.6365720E-02
   5.0000000E-01   6.2643386E+03   3.8197186E+01   6.3025357E+03   1.6598811E-02   4.8709570E-05   1.6497917E-02
   5.5000000E-01   5.6832783E+03   4.0512167E+01   5.7237905E+03   1.0545375E-02   1.9776524E-05   1.0470877E-02
   6.0000000E-01   5.2361976E+03   2.6525824E+01   5.2627235E+03   3.6850768E-03   2.0609890E-05   3.6666067E-03
   6.5000000E-01   4.2947349E+03   1.4691226E+01   4.3094262E+03   2.2625131E-03   2.9728721E-06   2.2547899E-03
   7.0000000E-01   3.5787126E+03   0.0000000E+00   3.5787126E+03   5.3722953E-04   0.0000000E+00   5.3722953E-04
   7.5000000E-01   2.9921129E+03   0.0000000E+00   2.9921129E+03   5.3582818E-04   0.0000000E+00   5.3582818E-04
   8.0000000E-01   2.4509861E+03   0.0000000E+00   2.4509861E+03   1.3339608E-05   0.0000000E+00   1.3339608E-05
   8.5000000E-01   1.6627011E+03   0.0000000E+00   1.6627011E+03   5.2647409E-06   0.0000000E+00   5.2647409E-06
   9.0000000E-01   1.0362755E+03   0.0000000E+00   1.0362755E+03   2.1103928E-06   0.0000000E+00   2.1103928E-06
   9.5000000E-01   5.0259456E+02   0.0000000E+00   5.0259456E+02   2.4675802E-05   0.0000000E+00   2.4675802E-05
   1.0000000E+00   2.7036692E+02   0.0000000E+00   2.7036692E+02   1.0487741E-05   0.0000000E+00   1.0487741E-05
