   0.0000000E+00   8.2415981E+08   6.6598832E+08   1.4744710E+09   8.0378779E-03   1.4403449E-03   5.0965428E-03
   5.0000000E-02   1.9909010E+07   7.6986429E+06   2.7571493E+07   1.3217300E-01   5.1625622E-02   1.0972658E-01
   1.0000000E-01   1.0343193E+07   4.0159567E+06   1.4340497E+07   1.2352400E-01   4.9757512E-02   1.0291279E-01
   1.5000000E-01   7.0071041E+06   2.7253268E+06   9.7180645E+06   1.1860668E-01   4.9709312E-02   9.9321321E-02
   2.0000000E-01   5.2699703E+06   2.0711151E+06   7.3300878E+06   1.1519790E-01   4.9587026E-02   9.6693239E-02
   2.5000000E-01   4.2020597E+06   1.6477630E+06   5.8410755E+06   1.1338515E-01   5.0960691E-02   9.5805911E-02
   3.0000000E-01   3.4478796E+06   1.3603504E+06   4.8009195E+06   1.1345267E-01   5.2162023E-02   9.6132976E-02
   3.5000000E-01   2.9001305E+06   1.1574839E+06   4.0520030E+06   1.1428328E-01   5.3102652E-02   9.6846757E-02
   4.0000000E-01   2.4692094E+06   9.9206846E+05   3.4566146E+06   1.1536177E-01   5.3944572E-02   9.7779193E-02
   4.5000000E-01   2.1228511E+06   8.5288658E+05   2.9719392E+06   1.1661005E-01   5.6313718E-02   9.9336445E-02
   5.0000000E-01   1.8401113E+06   7.4495336E+05   2.5820279E+06   1.1921293E-01   5.9138665E-02   1.0191179E-01
   5.5000000E-01   1.5966308E+06   6.4780692E+05   2.2415729E+06   1.2259768E-01   6.1694947E-02   1.0501243E-01
   6.0000000E-01   1.3930408E+06   5.6687277E+05   1.9573405E+06   1.2638587E-01   6.5186953E-02   1.0868559E-01
   6.5000000E-01   1.2072319E+06   4.9631857E+05   1.7017581E+06   1.3104726E-01   6.9082543E-02   1.1299435E-01
   7.0000000E-01   1.0479898E+06   4.3179191E+05   1.4780947E+06   1.3640006E-01   7.2136285E-02   1.1764656E-01
   7.5000000E-01   8.9644552E+05   3.7389528E+05   1.2691949E+06   1.4269574E-01   7.7592461E-02   1.2353380E-01
   8.0000000E-01   7.6033091E+05   3.1847700E+05   1.0779087E+06   1.5061573E-01   8.3854470E-02   1.3091594E-01
   8.5000000E-01   6.3150809E+05   2.6411856E+05   8.9497506E+05   1.5998626E-01   8.9719615E-02   1.3929183E-01
   9.0000000E-01   4.9791447E+05   2.0821003E+05   7.0574607E+05   1.7048782E-01   9.7316218E-02   1.4892961E-01
   9.5000000E-01   3.4588222E+05   1.4623156E+05   4.9183903E+05   1.8528140E-01   1.0759057E-01   1.6221097E-01
   1.0000000E+00   1.6611846E+05   7.0043894E+04   2.3613092E+05   1.9977763E-01   1.1593855E-01   1.7493014E-01
