   0.0000000E+00   3.2297427E+09   1.6611722E+09   4.6703924E+09   3.0246396E-04   1.9553895E-09   2.0159766E-04
   5.0000000E-02   8.6045528E+05   2.2128903E+05   1.0818080E+06   2.7467800E-01   5.9822466E-06   2.1846477E-01
   1.0000000E-01   9.3041980E+04   2.3395777E+04   1.1643776E+05   3.0629102E-01   7.9599250E-06   2.4474653E-01
   1.5000000E-01   1.4281504E+04   1.3793428E+03   1.5660846E+04   1.4485522E-01   5.1872458E-05   1.3210154E-01
   2.0000000E-01   8.8171838E+03   9.5492966E+01   8.9126768E+03   9.9861628E-03   1.5964810E-05   9.8793393E-03
   2.5000000E-01   9.1800571E+03   0.0000000E+00   9.1800571E+03   1.6079113E-03   0.0000000E+00   1.6079113E-03
   3.0000000E-01   1.0005541E+04   0.0000000E+00   1.0005541E+04   3.7756273E-04   0.0000000E+00   3.7756273E-04
   3.5000000E-01   9.6038640E+03   0.0000000E+00   9.6038640E+03   6.3172475E-06   0.0000000E+00   6.3172475E-06
   4.0000000E-01   9.7482403E+03   0.0000000E+00   9.7482403E+03   8.7458674E-08   0.0000000E+00   8.7458674E-08
   4.5000000E-01   1.0773021E+04   0.0000000E+00   1.0773021E+04   1.1386246E-06   0.0000000E+00   1.1386246E-06
   5.0000000E-01   1.1955719E+04   0.0000000E+00   1.1955719E+04   7.3525508E-08   0.0000000E+00   7.3525508E-08
   5.5000000E-01   1.3097005E+04   0.0000000E+00   1.3097005E+04   3.5320480E-07   0.0000000E+00   3.5320480E-07
   6.0000000E-01   1.4530846E+04   0.0000000E+00   1.4530846E+04   3.4271499E-06   0.0000000E+00   3.4271499E-06
   6.5000000E-01   1.8378723E+04   0.0000000E+00   1.8378723E+04   1.6390712E-06   0.0000000E+00   1.6390712E-06
   7.0000000E-01   2.3486722E+04   0.0000000E+00   2.3486722E+04   1.6431150E-06   0.0000000E+00   1.6431150E-06
   7.5000000E-01   2.1691758E+04   0.0000000E+00   2.1691758E+04   2.3006102E-06   0.0000000E+00   2.3006102E-06
   8.0000000E-01   1.2537431E+04   0.0000000E+00   1.2537431E+04   6.8915409E-06   0.0000000E+00   6.8915409E-06
   8.5000000E-01   3.9283185E+03   0.0000000E+00   3.9283185E+03   4.8785977E-05   0.0000000E+00   4.8785977E-05
   9.0000000E-01   5.6234747E+02   0.0000000E+00   5.6234747E+02   1.4019964E-05   0.0000000E+00   1.4019964E-05
   9.5000000E-01   4.3558195E+01   0.0000000E+00   4.3558195E+01   5.3077194E-06   0.0000000E+00   5.3077194E-06
   1.0000000E+00   6.2876027E+00   0.0000000E+00   6.2876027E+00   2.6404656E-06   0.0000000E+00   2.6404656E-06
