   0.0000000E+00   3.2086655E+09   1.6543624E+09   4.6629903E+09   5.3067762E-05   3.5497250E-06   3.7153144E-05
   5.0000000E-02   3.9464060E+05   1.0052226E+05   4.9509920E+05   1.7975588E-01   1.6413590E-02   1.4659695E-01
   1.0000000E-01   1.9350058E+05   4.7300849E+04   2.4080143E+05   1.8827761E-01   1.6460774E-02   1.5452739E-01
   1.5000000E-01   1.2210367E+05   3.0027233E+04   1.5213090E+05   1.9486655E-01   1.5558852E-02   1.5941545E-01
   2.0000000E-01   8.6405219E+04   2.0164931E+04   1.0657015E+05   2.0171738E-01   1.7283822E-02   1.6681933E-01
   2.5000000E-01   6.3623780E+04   1.4896903E+04   7.8520683E+04   2.0640945E-01   1.3918619E-02   1.6989019E-01
   3.0000000E-01   5.1226671E+04   1.1607701E+04   6.2834372E+04   2.1326480E-01   1.0490019E-02   1.7580498E-01
   3.5000000E-01   4.0543585E+04   9.1582302E+03   4.9701815E+04   2.1988073E-01   1.3396968E-02   1.8183330E-01
   4.0000000E-01   3.3279299E+04   7.7190147E+03   4.0998313E+04   2.2774423E-01   9.9084902E-03   1.8673059E-01
   4.5000000E-01   2.7919314E+04   5.8922697E+03   3.3811583E+04   2.3103811E-01   1.1202617E-02   1.9272787E-01
   5.0000000E-01   2.2822819E+04   5.0229300E+03   2.7845749E+04   2.3228307E-01   8.6489799E-03   1.9194299E-01
   5.5000000E-01   1.8745559E+04   4.0107046E+03   2.2756263E+04   2.3767857E-01   4.6556482E-03   1.9660732E-01
   6.0000000E-01   1.5682067E+04   3.5120191E+03   1.9194086E+04   2.4218018E-01   5.5109721E-03   1.9887583E-01
   6.5000000E-01   1.3212309E+04   2.8794802E+03   1.6091789E+04   2.4917138E-01   5.0779466E-03   2.0549307E-01
   7.0000000E-01   1.1272717E+04   2.2872839E+03   1.3560001E+04   2.5376274E-01   7.4577377E-03   2.1221165E-01
   7.5000000E-01   9.0781980E+03   1.8504415E+03   1.0928639E+04   2.5704827E-01   3.3901345E-03   2.1409877E-01
   8.0000000E-01   7.4603880E+03   1.5995072E+03   9.0598951E+03   2.5786908E-01   3.5910179E-03   2.1297677E-01
   8.5000000E-01   5.7857503E+03   1.2807292E+03   7.0664795E+03   2.5726501E-01   4.7492820E-03   2.1149904E-01
   9.0000000E-01   4.4245074E+03   9.8322387E+02   5.4077313E+03   2.6404772E-01   1.4271838E-03   2.1629853E-01
   9.5000000E-01   3.0256192E+03   5.4280212E+02   3.5684214E+03   2.6703797E-01   7.2970177E-03   2.2752808E-01
   1.0000000E+00   1.3392594E+03   2.9551733E+02   1.6347767E+03   2.6008510E-01   9.0306923E-03   2.1470218E-01
