   0.0000000E+00   9.2834951E+07   4.7246864E+07   1.4007265E+08   5.2977394E-04   2.7345780E-04   3.7810069E-04
   5.0000000E-02   3.2802980E+07   1.6411485E+07   4.9205997E+07   1.4501232E-04   3.1809793E-04   2.0096989E-04
   1.0000000E-01   1.6478616E+07   8.2509424E+06   2.4725644E+07   6.5158299E-05   8.8034441E-05   2.3962351E-05
   1.5000000E-01   1.0710152E+07   5.3758720E+06   1.6083244E+07   3.5025918E-05   8.4798604E-05   8.3826678E-06
   2.0000000E-01   7.7630052E+06   3.8905267E+06   1.1651479E+07   1.6567019E-04   1.5350758E-04   1.0833275E-04
   2.5000000E-01   5.9409612E+06   2.9800172E+06   8.9196032E+06   9.0300491E-05   1.4139248E-04   2.5827369E-05
   3.0000000E-01   4.7174056E+06   2.3544640E+06   7.0708615E+06   3.6494305E-04   3.4137197E-04   3.4693453E-04
   3.5000000E-01   3.8130432E+06   1.9153161E+06   5.7273225E+06   1.1217305E-04   2.4635578E-04   8.8858034E-05
   4.0000000E-01   3.1456179E+06   1.5775199E+06   4.7225171E+06   1.4133057E-04   2.3998589E-04   1.5726919E-04
   4.5000000E-01   2.6302441E+06   1.3218278E+06   3.9514919E+06   1.9079442E-04   3.8054441E-04   1.7475128E-04
   5.0000000E-01   2.2162835E+06   1.1085460E+06   3.3244285E+06   2.7349284E-04   4.0636755E-04   2.3112947E-04
   5.5000000E-01   1.8791627E+06   9.4048996E+05   2.8193112E+06   4.4335099E-05   7.0817719E-04   2.5824922E-04
   6.0000000E-01   1.5962710E+06   8.0252819E+05   2.3985764E+06   5.2372246E-04   2.4492406E-04   3.6300969E-04
   6.5000000E-01   1.3510198E+06   6.7872972E+05   2.0295732E+06   2.6198730E-04   2.7989886E-04   2.6981456E-04
   7.0000000E-01   1.1432554E+06   5.7343071E+05   1.7164861E+06   1.1923747E-04   2.9080927E-04   9.4267444E-05
   7.5000000E-01   9.5860932E+05   4.8044421E+05   1.4389220E+06   2.2966576E-04   6.1273941E-04   2.1778782E-04
   8.0000000E-01   7.9005707E+05   3.9612074E+05   1.1860823E+06   2.1123631E-04   2.8889093E-04   2.3449529E-04
   8.5000000E-01   6.3539896E+05   3.1932473E+05   9.5466752E+05   3.5581957E-04   7.4268819E-04   1.5005233E-04
   9.0000000E-01   4.8188580E+05   2.4276434E+05   7.2461477E+05   5.1973041E-04   4.6767126E-04   2.9496965E-04
   9.5000000E-01   3.2153654E+05   1.6025060E+05   4.8176704E+05   1.4668417E-03   9.4823733E-04   1.0750592E-03
   1.0000000E+00   1.5890658E+05   8.0801982E+04   2.3970228E+05   3.4732383E-03   3.5384864E-03   3.4678049E-03
