   0.0000000E+00   2.8090532E+09   1.5695779E+09   4.2005965E+09   8.8433874E-04   4.6413248E-05   5.8843602E-04
   5.0000000E-02   5.8332197E+06   1.5390920E+06   7.3688739E+06   1.7661144E-01   1.6016503E-02   1.4308209E-01
   1.0000000E-01   2.7335816E+06   6.9512513E+05   3.4278792E+06   1.8263672E-01   1.3446519E-02   1.4833117E-01
   1.5000000E-01   1.6985652E+06   4.2148473E+05   2.1192011E+06   1.8750543E-01   1.1026431E-02   1.5243661E-01
   2.0000000E-01   1.1947125E+06   2.8068566E+05   1.4747774E+06   1.8972876E-01   9.5236702E-03   1.5546734E-01
   2.5000000E-01   8.9313934E+05   2.0178300E+05   1.0945404E+06   1.9311448E-01   9.1544854E-03   1.5921502E-01
   3.0000000E-01   6.9114626E+05   1.5346781E+05   8.4441247E+05   1.9299139E-01   7.0773174E-03   1.5920633E-01
   3.5000000E-01   5.4314580E+05   1.1470979E+05   6.5770098E+05   1.9119190E-01   6.3637425E-03   1.5895444E-01
   4.0000000E-01   4.4525187E+05   8.8792543E+04   5.3383751E+05   1.8969029E-01   5.8276385E-03   1.5912984E-01
   4.5000000E-01   3.6182638E+05   6.9971587E+04   4.3169894E+05   1.8469061E-01   4.6773249E-03   1.5553563E-01
   5.0000000E-01   2.9888662E+05   5.3597019E+04   3.5243907E+05   1.7914116E-01   4.8214200E-03   1.5264023E-01
   5.5000000E-01   2.5143009E+05   4.2618800E+04   2.9399101E+05   1.7563795E-01   3.3228459E-03   1.5065527E-01
   6.0000000E-01   2.0919326E+05   3.2711646E+04   2.4186246E+05   1.6706832E-01   4.6461996E-03   1.4512688E-01
   6.5000000E-01   1.7436526E+05   2.6522559E+04   2.0085844E+05   1.5932070E-01   4.3380748E-03   1.3886283E-01
   7.0000000E-01   1.4656351E+05   2.0340002E+04   1.6688078E+05   1.5111120E-01   4.4201577E-03   1.3324091E-01
   7.5000000E-01   1.2392016E+05   1.5427419E+04   1.3933909E+05   1.4410976E-01   5.3738822E-03   1.2875056E-01
   8.0000000E-01   1.0088434E+05   1.1920705E+04   1.1278515E+05   1.3575730E-01   2.8898997E-03   1.2171311E-01
   8.5000000E-01   8.0408822E+04   8.6168359E+03   8.9010679E+04   1.2752951E-01   5.1672830E-03   1.1569636E-01
   9.0000000E-01   6.1065983E+04   5.7118941E+03   6.6777877E+04   1.2346276E-01   4.8531352E-03   1.1331497E-01
   9.5000000E-01   4.0227668E+04   3.5081100E+03   4.3735778E+04   1.1351987E-01   5.5905148E-03   1.0485690E-01
   1.0000000E+00   1.7844216E+04   1.4398610E+03   1.9284077E+04   1.1418223E-01   1.0987390E-02   1.0641850E-01
