   0.0000000E+00   3.2327185E+09   1.6586196E+09   4.6789445E+09   1.8617890E-05   1.1130858E-10   1.2296047E-05
   5.0000000E-02   1.2407719E+05   2.9793805E+04   1.5387100E+05   1.9032495E-01   1.7950389E-06   1.5347297E-01
   1.0000000E-01   5.9141977E+04   1.3687325E+04   7.2829302E+04   2.1043199E-01   1.7414110E-06   1.7088435E-01
   1.5000000E-01   3.3507421E+04   8.0001885E+03   4.1507609E+04   2.1934450E-01   4.5621235E-08   1.7706799E-01
   2.0000000E-01   2.2440847E+04   5.7614089E+03   2.8202256E+04   2.2582260E-01   2.4282388E-06   1.7969004E-01
   2.5000000E-01   1.6106480E+04   4.0361694E+03   2.0142650E+04   2.4656852E-01   1.1931546E-06   1.9716106E-01
   3.0000000E-01   1.1862348E+04   2.9815026E+03   1.4843851E+04   2.4599514E-01   2.1053127E-05   1.9658088E-01
   3.5000000E-01   9.3764998E+03   2.2190746E+03   1.1595574E+04   2.6731648E-01   5.9394654E-06   2.1615831E-01
   4.0000000E-01   7.0505640E+03   1.7188734E+03   8.7694374E+03   2.7649251E-01   1.3669299E-05   2.2229529E-01
   4.5000000E-01   5.3900474E+03   1.5703288E+03   6.9603762E+03   2.9058196E-01   4.4069966E-05   2.2503378E-01
   5.0000000E-01   4.2144229E+03   1.2796057E+03   5.4940286E+03   3.0126100E-01   6.3836093E-05   2.3110964E-01
   5.5000000E-01   3.2930605E+03   7.8130608E+02   4.0743665E+03   3.0949832E-01   5.3659387E-06   2.5014747E-01
   6.0000000E-01   2.6366669E+03   5.7295780E+02   3.2096247E+03   3.1777521E-01   1.5107666E-05   2.6104570E-01
   6.5000000E-01   2.0420803E+03   4.8481044E+02   2.5268908E+03   3.2974435E-01   1.5441671E-06   2.6647974E-01
   7.0000000E-01   1.4642255E+03   4.0016100E+02   1.8643865E+03   3.3696597E-01   4.7420540E-06   2.6464258E-01
   7.5000000E-01   1.1289391E+03   2.8435683E+02   1.4132959E+03   3.4797348E-01   1.6671412E-05   2.7796415E-01
   8.0000000E-01   8.3954232E+02   1.9894368E+02   1.0384860E+03   3.4912163E-01   4.6103242E-07   2.8224018E-01
   8.5000000E-01   5.2801993E+02   1.5353771E+02   6.8155764E+02   3.6393939E-01   1.5845773E-05   2.8195661E-01
   9.0000000E-01   3.8197186E+02   8.8419413E+01   4.7039128E+02   3.6920650E-01   4.5441904E-06   2.9980592E-01
   9.5000000E-01   2.4124539E+02   3.6856934E+01   2.7810232E+02   3.8423408E-01   1.4707949E-05   3.3331344E-01
   1.0000000E+00   7.5451232E+01   3.7725616E+01   1.1317685E+02   4.2026789E-01   4.6364036E-06   2.8017705E-01
