   0.0000000E+00   3.2411306E+09   1.6622045E+09   4.6955847E+09   1.0301708E-04   5.2505952E-10   6.8826622E-05
   5.0000000E-02   5.6901075E+05   1.3757353E+05   7.0658429E+05   2.2259720E-01   2.9561518E-06   1.7925761E-01
   1.0000000E-01   1.9553776E+05   4.9656342E+04   2.4519411E+05   2.5948312E-01   1.3791928E-07   2.0693301E-01
   1.5000000E-01   8.3991369E+04   2.1751176E+04   1.0574254E+05   2.8492413E-01   4.3984427E-05   2.2630637E-01
   2.0000000E-01   3.7528736E+04   9.4378881E+03   4.6966624E+04   3.0468833E-01   4.0279116E-06   2.4346075E-01
   2.5000000E-01   1.7939945E+04   4.2780849E+03   2.2218030E+04   3.0670441E-01   4.1248253E-05   2.4765637E-01
   3.0000000E-01   8.1275124E+03   1.8780283E+03   1.0005541E+04   2.8149333E-01   2.3503326E-06   2.2865780E-01
   3.5000000E-01   4.1198394E+03   6.8209261E+02   4.8019320E+03   2.2544609E-01   1.9531845E-05   1.9342527E-01
   4.0000000E-01   2.6419721E+03   2.5464791E+02   2.8966200E+03   1.3320280E-01   2.6930772E-06   1.2149289E-01
   4.5000000E-01   2.2210957E+03   1.4854461E+02   2.3696403E+03   5.6064955E-02   4.2492155E-05   5.2553099E-02
   5.0000000E-01   1.7889016E+03   4.4563384E+01   1.8334649E+03   1.5902307E-02   1.0015242E-05   1.5515549E-02
   5.5000000E-01   1.9330091E+03   5.7874525E+00   1.9387966E+03   7.1935048E-03   8.9794894E-06   7.1720049E-03
   6.0000000E-01   2.0902349E+03   0.0000000E+00   2.0902349E+03   1.6865604E-03   0.0000000E+00   1.6865604E-03
   6.5000000E-01   2.1547131E+03   0.0000000E+00   2.1547131E+03   4.4080951E-06   0.0000000E+00   4.4080951E-06
   7.0000000E-01   2.3373040E+03   0.0000000E+00   2.3373040E+03   6.9857874E-06   0.0000000E+00   6.9857874E-06
   7.5000000E-01   2.6313617E+03   0.0000000E+00   2.6313617E+03   2.3094504E-06   0.0000000E+00   2.3094504E-06
   8.0000000E-01   2.8926411E+03   0.0000000E+00   2.8926411E+03   7.6960673E-05   0.0000000E+00   7.6960673E-05
   8.5000000E-01   3.0707542E+03   0.0000000E+00   3.0707542E+03   9.1996918E-06   0.0000000E+00   9.1996918E-06
   9.0000000E-01   3.0097968E+03   0.0000000E+00   3.0097968E+03   6.0544876E-06   0.0000000E+00   6.0544876E-06
   9.5000000E-01   2.5230247E+03   0.0000000E+00   2.5230247E+03   1.3938530E-05   0.0000000E+00   1.3938530E-05
   1.0000000E+00   1.2575205E+03   0.0000000E+00   1.2575205E+03   1.8365046E-05   0.0000000E+00   1.8365046E-05
