   0.0000000E+00   3.9876844E+07   1.8744123E+07   5.8618421E+07   1.1889543E-02   6.1291452E-04   8.2522047E-03
   5.0000000E-02   1.7983681E+07   8.9080295E+06   2.6887127E+07   2.3900878E-03   7.6762991E-04   1.8484432E-03
   1.0000000E-01   1.0704539E+07   5.3896548E+06   1.6091774E+07   5.3953303E-04   1.1184699E-04   3.9139026E-04
   1.5000000E-01   7.7671432E+06   3.8939485E+06   1.1659097E+07   4.3824703E-04   5.7237919E-04   4.8297129E-04
   2.0000000E-01   6.1027963E+06   3.0548200E+06   9.1558656E+06   6.9168745E-04   5.5968593E-04   4.9170670E-04
   2.5000000E-01   5.0034240E+06   2.5180858E+06   7.5201602E+06   6.5206174E-04   2.7395385E-04   4.3531183E-04
   3.0000000E-01   4.2471664E+06   2.1381193E+06   6.3840867E+06   5.3520689E-04   6.9341941E-05   3.7927709E-04
   3.5000000E-01   3.6612549E+06   1.8308912E+06   5.4911457E+06   3.6842613E-04   3.9772013E-04   3.7344148E-04
   4.0000000E-01   3.2068607E+06   1.6077037E+06   4.8135219E+06   5.2882225E-04   2.7527327E-04   4.0542308E-04
   4.5000000E-01   2.8220364E+06   1.4219186E+06   4.2432193E+06   2.6898597E-04   1.0026765E-03   4.9841518E-04
   5.0000000E-01   2.5127701E+06   1.2614621E+06   3.7735191E+06   4.8340155E-04   4.8585092E-04   2.7604367E-04
   5.5000000E-01   2.2428983E+06   1.1199473E+06   3.3622263E+06   4.7995775E-04   3.4594763E-04   3.4477122E-04
   6.0000000E-01   1.9995378E+06   1.0068991E+06   3.0059541E+06   8.7655915E-04   3.0742254E-04   6.6680905E-04
   6.5000000E-01   1.7707824E+06   8.8861347E+05   2.6588817E+06   4.8109681E-04   4.3836612E-04   4.4312163E-04
   7.0000000E-01   1.5684447E+06   7.8916751E+05   2.3572393E+06   5.5504218E-04   6.8766182E-04   5.6983085E-04
   7.5000000E-01   1.3779041E+06   6.8981148E+05   2.0674057E+06   7.9126279E-04   7.6480110E-04   6.8810216E-04
   8.0000000E-01   1.1914657E+06   5.9603526E+05   1.7871906E+06   9.0850643E-04   1.1803605E-03   9.6301861E-04
   8.5000000E-01   1.0020508E+06   5.0182864E+05   1.5036547E+06   1.0138087E-03   1.3433736E-03   1.1231720E-03
   9.0000000E-01   8.0538060E+05   4.0475931E+05   1.2100656E+06   1.5111504E-03   1.4067957E-03   1.4518790E-03
   9.5000000E-01   5.8069105E+05   2.9013444E+05   8.7073167E+05   3.3815332E-03   1.5987905E-03   2.6934704E-03
   1.0000000E+00   3.4038566E+05   1.7102279E+05   5.1139588E+05   4.8624230E-03   5.6471031E-03   5.0784395E-03
