   0.0000000E+00   3.2757398E+07   3.3759692E+07   6.6505885E+07   6.0756986E-03   1.4555488E-04   2.9465160E-03
   5.0000000E-02   2.1225667E+07   1.3681532E+07   3.4884408E+07   1.4923635E-03   2.4674912E-04   9.9266863E-04
   1.0000000E-01   1.3828623E+07   7.3513987E+06   2.1166843E+07   4.4920612E-04   2.3789496E-04   3.7620741E-04
   1.5000000E-01   9.9355762E+06   4.9843084E+06   1.4908235E+07   2.9906091E-04   2.2737521E-04   2.6821860E-04
   2.0000000E-01   7.5419071E+06   3.7109681E+06   1.1244010E+07   2.4067970E-04   2.9884109E-04   2.1460534E-04
   2.5000000E-01   5.9566475E+06   2.8982370E+06   8.8485692E+06   2.9765091E-04   5.6093838E-05   2.1891640E-04
   3.0000000E-01   4.8467561E+06   2.3382408E+06   7.1797766E+06   2.4309650E-04   2.3428272E-04   2.2707085E-04
   3.5000000E-01   3.9970627E+06   1.9386709E+06   5.9319776E+06   2.1569530E-04   1.0758392E-04   1.6278558E-04
   4.0000000E-01   3.3480152E+06   1.6195209E+06   4.9640904E+06   3.6306362E-04   1.2945185E-04   2.8651334E-04
   4.5000000E-01   2.8302417E+06   1.3627341E+06   4.1900262E+06   5.1587987E-04   6.9002128E-04   5.3177508E-04
   5.0000000E-01   2.4097459E+06   1.1622194E+06   3.5702719E+06   5.8034446E-04   9.3853161E-04   6.9220354E-04
   5.5000000E-01   2.0614095E+06   9.9342200E+05   3.0530606E+06   7.9734912E-04   6.4726766E-04   7.2964941E-04
   6.0000000E-01   1.7606197E+06   8.4939932E+05   2.6086875E+06   1.0970668E-03   2.9670523E-04   7.8758827E-04
   6.5000000E-01   1.5130052E+06   7.2422355E+05   2.2360682E+06   1.0189585E-03   1.8787232E-03   1.2968720E-03
   7.0000000E-01   1.2958259E+06   6.2243225E+05   1.9174578E+06   1.4469718E-03   8.4508701E-04   1.2473268E-03
   7.5000000E-01   1.0990010E+06   5.2850051E+05   1.6267757E+06   1.9106712E-03   1.3697298E-03   1.7206887E-03
   8.0000000E-01   9.2417694E+05   4.4285659E+05   1.3665242E+06   2.6720922E-03   1.6641755E-03   2.3410745E-03
   8.5000000E-01   7.5821789E+05   3.6440865E+05   1.1222783E+06   3.4886163E-03   3.6613382E-03   3.5463985E-03
   9.0000000E-01   6.0320784E+05   2.9042240E+05   8.9339682E+05   5.1203044E-03   5.4329956E-03   5.2160871E-03
   9.5000000E-01   4.3902305E+05   2.1213511E+05   6.5102413E+05   7.3779092E-03   8.1441858E-03   7.6256169E-03
   1.0000000E+00   2.7339125E+05   1.3290735E+05   4.0624830E+05   1.4811159E-02   1.3866570E-02   1.4487750E-02
