   0.0000000E+00   2.3234075E+06   5.8343299E+08   5.8541925E+08   2.9907611E-04   9.9449914E-06   9.9809786E-06
   5.0000000E-02   2.2876295E+06   9.2819799E+07   9.5026833E+07   1.4641180E-04   2.6411132E-05   2.3448765E-05
   1.0000000E-01   2.3228664E+06   1.6104761E+07   1.8418938E+07   4.0149242E-05   1.5230094E-04   1.3269688E-04
   1.5000000E-01   2.3453497E+06   3.2972872E+06   5.6404087E+06   5.6920090E-06   5.4330933E-04   3.1582535E-04
   2.0000000E-01   2.3938654E+06   7.0913076E+05   3.1022163E+06   1.8786304E-05   1.7384376E-03   3.8325285E-04
   2.5000000E-01   2.4710269E+06   1.5776711E+05   2.6281319E+06   4.8127164E-05   6.1104495E-03   3.7351128E-04
   3.0000000E-01   2.5730792E+06   3.7762163E+04   2.6101729E+06   1.4194158E-05   1.7348754E-02   2.3907791E-04
   3.5000000E-01   2.7059251E+06   9.4401618E+03   2.7143830E+06   1.8291576E-05   5.6604485E-02   1.7906030E-04
   4.0000000E-01   2.8984980E+06   2.8329580E+03   2.8999622E+06   2.2080394E-05   1.3412190E-01   1.1392567E-04
   4.5000000E-01   3.1743701E+06   1.1954305E+03   3.1736769E+06   1.9478486E-05   2.5549488E-01   8.7018682E-05
   5.0000000E-01   3.5954693E+06   6.5571837E+02   3.5940178E+06   3.1156264E-05   3.7993464E-01   3.9205630E-05
   5.5000000E-01   4.1659067E+06   4.8614601E+02   4.1629493E+06   2.2864384E-05   4.2266828E-01   2.7545383E-05
   6.0000000E-01   4.7567487E+06   3.9258219E+02   4.7522976E+06   1.5359475E-05   4.5878240E-01   2.1939046E-05
   6.5000000E-01   4.8498967E+06   3.2320696E+02   4.8460183E+06   1.4715887E-05   5.1671268E-01   2.0167749E-05
   7.0000000E-01   3.7964274E+06   2.5919519E+02   3.7930897E+06   5.3579828E-06   5.4399722E-01   3.2934941E-05
   7.5000000E-01   1.9949626E+06   1.4854461E+02   1.9940374E+06   2.9952480E-05   5.5286149E-01   7.0732874E-05
   8.0000000E-01   7.2957820E+05   1.0345071E+02   7.2952647E+05   1.3826158E-04   5.9766205E-01   2.2301104E-04
   8.5000000E-01   2.2152496E+05   1.0859984E+02   2.2162607E+05   4.1579385E-04   6.3061330E-01   7.2371338E-04
   9.0000000E-01   6.1762728E+04   7.0735530E+01   6.1829927E+04   1.6153110E-03   7.0888048E-01   2.4176351E-03
   9.5000000E-01   1.5396147E+04   5.3610086E+01   1.5449757E+04   3.8120401E-03   7.5119488E-01   6.4048819E-03
   1.0000000E+00   2.9803237E+03   1.2575205E+01   2.9928989E+03   5.9329380E-03   7.5105127E-01   9.0584965E-03
