   0.0000000E+00   2.9569715E+06   6.4109648E+08   6.4358949E+08   8.2462873E-05   3.9470149E-06   4.3001987E-06
   5.0000000E-02   2.9768341E+06   9.6889837E+07   9.9772006E+07   3.9174095E-05   5.1010264E-05   4.8420884E-05
   1.0000000E-01   3.0036994E+06   1.3333110E+07   1.6330316E+07   1.1580209E-05   3.0466987E-04   2.4717909E-04
   1.5000000E-01   3.0591490E+06   2.1666717E+06   5.2241443E+06   3.6260985E-05   1.1184233E-03   4.4262396E-04
   2.0000000E-01   3.1548170E+06   3.7668792E+05   3.5305182E+06   2.8094224E-05   4.6165064E-03   5.1643727E-04
   2.5000000E-01   3.2871607E+06   6.9353358E+04   3.3557247E+06   2.7708402E-05   1.7316234E-02   3.3457846E-04
   3.0000000E-01   3.4606863E+06   1.4652865E+04   3.4743206E+06   9.6233859E-06   6.6095220E-02   2.8223782E-04
   3.5000000E-01   3.7319015E+06   4.4472438E+03   3.7350209E+06   1.2112198E-05   1.8176981E-01   2.0576394E-04
   4.0000000E-01   4.1508325E+06   1.8461973E+03   4.1506256E+06   1.2598995E-05   3.2668574E-01   1.3279256E-04
   4.5000000E-01   4.8080213E+06   1.2237247E+03   4.8060124E+06   3.6392803E-05   3.6444220E-01   7.8253155E-05
   5.0000000E-01   5.7092125E+06   8.4033810E+02   5.7062395E+06   1.9147743E-05   4.2210866E-01   4.4820923E-05
   5.5000000E-01   6.3927332E+06   6.3083232E+02   6.3864191E+06   1.9761253E-05   4.5850957E-01   2.7475914E-05
   6.0000000E-01   5.5767839E+06   4.7215966E+02   5.5716750E+06   1.0067881E-05   4.9767327E-01   3.1743936E-05
   6.5000000E-01   3.0410837E+06   3.9666309E+02   3.0401385E+06   1.3608906E-05   5.4700801E-01   8.5040802E-05
   7.0000000E-01   9.9726942E+05   2.4555334E+02   9.9734218E+05   1.4073465E-04   5.5224558E-01   2.7415893E-04
   7.5000000E-01   2.5314973E+05   1.6976527E+02   2.5330676E+05   8.6744776E-04   6.0599990E-01   1.2729325E-03
   8.0000000E-01   5.9973561E+04   1.9098593E+02   6.0160568E+04   3.7541177E-03   6.3420652E-01   5.7555917E-03
   8.5000000E-01   1.3571236E+04   1.3855842E+02   1.3709794E+04   1.3998709E-02   7.1145351E-01   2.0901410E-02
   9.0000000E-01   3.2255402E+03   8.8419413E+01   3.3139596E+03   4.5027487E-02   7.3449062E-01   6.3343379E-02
   9.5000000E-01   7.4719057E+02   5.0259456E+01   7.9745003E+02   1.1109028E-01   7.6227762E-01   1.5198440E-01
   1.0000000E+00   1.9491568E+02   3.7725616E+01   2.3264130E+02   2.4009503E-01   7.8275733E-01   3.2809371E-01
