   0.0000000E+00   2.0488360E+08   1.0539826E+08   3.1018152E+08   8.9883581E-05   5.5322904E-05   7.5757259E-05
   5.0000000E-02   6.7812738E+07   3.3970731E+07   1.0169460E+08   1.0466885E-05   5.9800859E-05   2.4853222E-05
   1.0000000E-01   3.0020315E+07   1.4999844E+07   4.4989601E+07   3.8281615E-05   8.3840594E-05   3.7021808E-05
   1.5000000E-01   1.7072678E+07   8.5363709E+06   2.5592242E+07   3.2442872E-06   4.6075735E-05   1.3748922E-05
   2.0000000E-01   1.0712083E+07   5.3342371E+06   1.6037693E+07   7.9596009E-05   2.1950939E-05   4.8945245E-05
   2.5000000E-01   7.1017609E+06   3.5528349E+06   1.0650063E+07   8.9967485E-05   8.4601059E-05   8.7884609E-05
   3.0000000E-01   4.8469789E+06   2.4268901E+06   7.2710254E+06   7.9322302E-05   2.3955897E-05   5.6836876E-05
   3.5000000E-01   3.3935563E+06   1.6981651E+06   5.0904026E+06   1.0496299E-04   3.7124169E-05   5.9139202E-05
   4.0000000E-01   2.4023643E+06   1.1996304E+06   3.6011989E+06   1.0940454E-04   2.8908719E-04   1.6119019E-04
   4.5000000E-01   1.7182863E+06   8.5878593E+05   2.5765275E+06   8.1139421E-05   1.9187160E-04   1.1551938E-04
   5.0000000E-01   1.2442670E+06   6.2805724E+05   1.8720314E+06   4.8655880E-05   1.3568787E-04   1.3168300E-05
   5.5000000E-01   9.0791818E+05   4.5179169E+05   1.3595131E+06   3.4163954E-04   2.0956392E-05   2.1985874E-04
   6.0000000E-01   6.6014287E+05   3.3245346E+05   9.9248492E+05   1.8810211E-04   5.8556653E-04   1.6003184E-04
   6.5000000E-01   4.8392897E+05   2.4323283E+05   7.2708834E+05   4.5400538E-04   6.3693739E-04   4.9031433E-04
   7.0000000E-01   3.5507468E+05   1.7725768E+05   5.3228234E+05   4.9643026E-04   1.0242511E-03   6.4665573E-04
   7.5000000E-01   2.6011859E+05   1.2847411E+05   3.8855876E+05   3.8769202E-04   5.1630741E-04   3.9155346E-04
   8.0000000E-01   1.8728956E+05   9.3041980E+04   2.8031562E+05   8.4814880E-04   1.2634445E-04   5.7067160E-04
   8.5000000E-01   1.3055948E+05   6.4905258E+04   1.9544601E+05   2.6492976E-04   1.1456099E-03   4.9931070E-04
   9.0000000E-01   8.7676690E+04   4.2816216E+04   1.3048937E+05   1.0662315E-03   2.7238761E-04   7.6071877E-04
   9.5000000E-01   5.1137321E+04   2.5283857E+04   7.6421178E+04   1.9313682E-03   2.2039498E-03   2.0212019E-03
   1.0000000E+00   2.3150953E+04   1.1468587E+04   3.4619540E+04   7.3090216E-03   1.5277585E-03   5.3672748E-03
