   0.0000000E+00   1.1255947E+07   1.0930507E+08   1.2056000E+08   3.2241251E-04   4.4105606E-06   3.3234171E-05
   5.0000000E-02   1.0636707E+07   3.4334432E+07   4.4961972E+07   3.1797696E-05   3.2864347E-05   2.9985193E-05
   1.0000000E-01   9.6115262E+06   1.4932904E+07   2.4537682E+07   1.0323142E-04   4.3481162E-05   3.8059413E-05
   1.5000000E-01   8.5756079E+06   8.4063094E+06   1.6976209E+07   1.2166708E-04   4.8575345E-05   8.1106066E-05
   2.0000000E-01   7.5911178E+06   5.2575721E+06   1.2844425E+07   1.0896001E-04   8.1294367E-05   9.4353913E-05
   2.5000000E-01   6.6317828E+06   3.4680499E+06   1.0097273E+07   6.7812545E-05   8.1121492E-05   6.5913486E-05
   3.0000000E-01   5.7630005E+06   2.3680558E+06   8.1289342E+06   9.6258563E-05   1.6537265E-04   1.1502263E-04
   3.5000000E-01   4.9527654E+06   1.6533470E+06   6.6043390E+06   4.8775370E-05   2.0471193E-04   6.7679096E-05
   4.0000000E-01   4.2256513E+06   1.1822507E+06   5.4063979E+06   1.8209004E-04   2.5541370E-04   1.9341281E-04
   4.5000000E-01   3.5749030E+06   8.5603431E+05   4.4297984E+06   1.8325021E-05   2.9447385E-04   5.0490318E-05
   5.0000000E-01   2.9766940E+06   6.2318710E+05   3.5991426E+06   5.7008193E-05   5.1421901E-04   1.3097028E-04
   5.5000000E-01   2.4529539E+06   4.6072752E+05   2.9131374E+06   1.0668904E-04   7.1486951E-04   1.9312829E-04
   6.0000000E-01   1.9946146E+06   3.4018308E+05   2.3344476E+06   2.6499910E-04   7.7561203E-04   3.2394672E-04
   6.5000000E-01   1.6017647E+06   2.5367339E+05   1.8552226E+06   3.2742954E-04   8.9017500E-04   3.9911918E-04
   7.0000000E-01   1.2733441E+06   1.8958537E+05   1.4627749E+06   1.9114336E-04   9.5271063E-04   2.8615141E-04
   7.5000000E-01   9.8861533E+05   1.3998420E+05   1.1284552E+06   4.4120865E-04   9.4690080E-04   4.4067746E-04
   8.0000000E-01   7.5474059E+05   1.0294142E+05   8.5763028E+05   3.3763492E-04   1.2468231E-03   4.3498591E-04
   8.5000000E-01   5.5961499E+05   7.4241100E+04   6.3380741E+05   1.6933915E-04   1.6146815E-03   3.3260059E-04
   9.0000000E-01   3.8812939E+05   5.0636029E+04   4.3873713E+05   2.2782132E-04   2.8249382E-03   5.1584732E-04
   9.5000000E-01   2.3756304E+05   3.0376815E+04   2.6793316E+05   9.2648565E-04   1.9169235E-03   1.0150999E-03
   1.0000000E+00   1.1008964E+05   1.3939615E+04   1.2402925E+05   1.5989465E-03   5.8367344E-03   2.0673780E-03
