   0.0000000E+00   6.3203102E+07   3.2222637E+07   9.5416062E+07   5.1281902E-03   3.1356256E-03   4.4524844E-03
   5.0000000E-02   2.3946071E+07   1.1996336E+07   3.5931266E+07   9.9677506E-04   1.0409902E-03   1.0017562E-03
   1.0000000E-01   1.2817957E+07   6.4175411E+06   1.9230946E+07   4.6251585E-04   6.1011650E-04   4.9770913E-04
   1.5000000E-01   8.7705408E+06   4.4031170E+06   1.3169732E+07   5.2150824E-04   1.5347815E-04   3.0934442E-04
   2.0000000E-01   6.6568146E+06   3.3293782E+06   9.9827710E+06   3.8753819E-04   7.3655209E-04   4.6679205E-04
   2.5000000E-01   5.3171757E+06   2.6645339E+06   7.9793540E+06   1.2749322E-04   2.5908294E-04   1.4892914E-04
   3.0000000E-01   4.3999445E+06   2.1989908E+06   6.5967496E+06   4.1773346E-04   3.2594889E-04   3.4730276E-04
   3.5000000E-01   3.7301735E+06   1.8649867E+06   5.5935141E+06   3.8239363E-04   2.0586375E-04   2.6074004E-04
   4.0000000E-01   3.1942079E+06   1.5987034E+06   4.7915585E+06   1.4270489E-04   5.6502611E-04   2.8291572E-04
   4.5000000E-01   2.7680440E+06   1.3791943E+06   4.1459933E+06   2.9329390E-04   2.8945772E-04   2.5014195E-04
   5.0000000E-01   2.4095358E+06   1.2076868E+06   3.6162295E+06   4.2051784E-04   7.2709691E-04   4.0969495E-04
   5.5000000E-01   2.1143647E+06   1.0598388E+06   3.1733296E+06   2.9538604E-04   4.7504921E-04   3.4610409E-04
   6.0000000E-01   1.8490197E+06   9.2507219E+05   2.7733810E+06   2.1495931E-04   8.2479698E-04   4.0460446E-04
   6.5000000E-01   1.6208535E+06   8.1337970E+05   2.4336162E+06   7.8445544E-04   7.5094967E-04   6.9198185E-04
   7.0000000E-01   1.4148829E+06   7.0601587E+05   2.1203349E+06   7.0377071E-04   8.4618432E-04   7.4613444E-04
   7.5000000E-01   1.2251705E+06   6.1137992E+05   1.8361897E+06   1.1078252E-03   9.4191543E-04   1.0510387E-03
   8.0000000E-01   1.0417049E+06   5.2182131E+05   1.5632079E+06   1.1643469E-03   1.3877075E-03   1.2393856E-03
   8.5000000E-01   8.6445475E+05   4.3224236E+05   1.2964762E+06   7.8810314E-04   9.9569138E-04   8.6065917E-04
   9.0000000E-01   6.8081533E+05   3.4146163E+05   1.0221461E+06   1.5922477E-03   1.6033351E-03   1.5877032E-03
   9.5000000E-01   4.7498536E+05   2.3851127E+05   7.1338607E+05   2.3741796E-03   3.1174172E-03   2.6179343E-03
   1.0000000E+00   2.5660335E+05   1.2755660E+05   3.8415366E+05   6.8231755E-03   5.6707278E-03   6.4291299E-03
