   0.0000000E+00   2.3089894E+08   1.2971408E+08   3.6042712E+08   1.2254734E-05   1.4779023E-05   1.3153129E-05
   5.0000000E-02   8.2769547E+07   4.1312485E+07   1.2391218E+08   1.0848666E-06   1.7056651E-05   5.1231249E-06
   1.0000000E-01   3.5235122E+07   1.7482629E+07   5.2668732E+07   2.0576869E-05   3.9513334E-05   2.6495770E-05
   1.5000000E-01   1.8982177E+07   9.4047839E+06   2.8360223E+07   2.0657708E-05   4.8198758E-05   2.7331647E-05
   2.0000000E-01   1.1230243E+07   5.5551919E+06   1.6773451E+07   5.0446811E-05   6.7722726E-05   5.6054873E-05
   2.5000000E-01   6.9516587E+06   3.4528601E+06   1.0399108E+07   4.8405785E-05   8.3544991E-05   5.8845118E-05
   3.0000000E-01   4.4563384E+06   2.2073411E+06   6.6605177E+06   9.7974122E-05   1.2485619E-04   9.8135915E-05
   3.5000000E-01   2.9079245E+06   1.4398248E+06   4.3463578E+06   1.3409480E-04   9.8923856E-05   1.2328512E-04
   4.0000000E-01   1.9272311E+06   9.5018684E+05   2.8767336E+06   1.9747069E-04   1.4989305E-04   1.8179561E-04
   4.5000000E-01   1.2882143E+06   6.3652074E+05   1.9243530E+06   2.9830502E-04   3.2023268E-04   2.5824304E-04
   5.0000000E-01   8.6378481E+05   4.2964832E+05   1.2932931E+06   3.7507657E-04   2.6433825E-04   3.3766850E-04
   5.5000000E-01   5.8439380E+05   2.9030440E+05   8.7461718E+05   5.2673452E-04   3.8114840E-04   4.7811885E-04
   6.0000000E-01   3.9591914E+05   1.9883227E+05   5.9470367E+05   5.5032247E-04   3.1165097E-04   4.6830101E-04
   6.5000000E-01   2.7242919E+05   1.3478710E+05   4.0716732E+05   5.3941286E-04   9.1479974E-04   6.3374554E-04
   7.0000000E-01   1.8547917E+05   9.2237110E+04   2.7770719E+05   7.2426559E-04   8.5363294E-04   7.6340167E-04
   7.5000000E-01   1.2437428E+05   6.1964325E+04   1.8633861E+05   1.9296261E-03   4.5656907E-04   1.3919512E-03
   8.0000000E-01   8.4805711E+04   4.2386940E+04   1.2719265E+05   1.4574932E-03   2.9033724E-03   1.9373819E-03
   8.5000000E-01   5.5865257E+04   2.7760367E+04   8.3625624E+04   2.0901385E-03   2.9265273E-03   2.3663066E-03
   9.0000000E-01   3.4932742E+04   1.7149829E+04   5.2082571E+04   3.6483984E-03   1.8880756E-03   2.9694764E-03
   9.5000000E-01   1.9688304E+04   9.2242854E+03   2.8912590E+04   5.0293989E-03   2.4326512E-03   4.1974303E-03
   1.0000000E+00   8.0858571E+03   4.1561054E+03   1.2241962E+04   5.2219521E-03   8.5131956E-03   5.2883799E-03
