   0.0000000E+00   2.8014682E+09   1.5564396E+09   4.1941025E+09   1.3119424E-03   2.1836717E-06   8.5100529E-04
   5.0000000E-02   7.8681111E+06   2.0537990E+06   9.9174538E+06   1.9012757E-01   3.8928907E-04   1.5083048E-01
   1.0000000E-01   3.5379507E+06   9.2507219E+05   4.4606993E+06   2.0343283E-01   3.1352747E-04   1.6133349E-01
   1.5000000E-01   2.0964738E+06   5.4324887E+05   2.6383645E+06   2.1409709E-01   2.7090201E-04   1.7012590E-01
   2.0000000E-01   1.3838522E+06   3.5708003E+05   1.7402001E+06   2.2257282E-01   2.8668346E-04   1.7699761E-01
   2.5000000E-01   9.7746600E+05   2.4909658E+05   1.2261806E+06   2.2984124E-01   2.0538534E-04   1.8322067E-01
   3.0000000E-01   7.0769837E+05   1.7676809E+05   8.8425425E+05   2.3444129E-01   4.5218462E-05   1.8760955E-01
   3.5000000E-01   5.2972222E+05   1.2871542E+05   6.5832851E+05   2.3620126E-01   1.4803545E-04   1.9006409E-01
   4.0000000E-01   4.0335433E+05   9.4355008E+04   4.9757406E+05   2.3471967E-01   2.5318152E-04   1.9027097E-01
   4.5000000E-01   3.1510557E+05   7.0339411E+04   3.8536717E+05   2.2952754E-01   2.0830328E-04   1.8769327E-01
   5.0000000E-01   2.4740954E+05   5.1407047E+04   2.9877839E+05   2.2072797E-01   7.6625996E-05   1.8278537E-01
   5.5000000E-01   1.9661712E+05   3.7919389E+04   2.3449600E+05   2.1115846E-01   5.4315514E-04   1.7711615E-01
   6.0000000E-01   1.5952100E+05   2.7931693E+04   1.8743147E+05   1.9727848E-01   3.9204922E-04   1.6794193E-01
   6.5000000E-01   1.2945908E+05   2.0185744E+04   1.4963503E+05   1.7881892E-01   3.2078426E-04   1.5470181E-01
   7.0000000E-01   1.0687027E+05   1.5169740E+04   1.2202182E+05   1.6308863E-01   2.6582913E-04   1.4282863E-01
   7.5000000E-01   8.9555425E+04   1.0003419E+04   9.9533379E+04   1.4262108E-01   4.2885166E-04   1.2835129E-01
   8.0000000E-01   7.4480534E+04   7.0784161E+03   8.1558951E+04   1.2446533E-01   7.4822093E-04   1.1372790E-01
   8.5000000E-01   6.0617437E+04   5.1603650E+03   6.5770312E+04   1.0561079E-01   9.4910743E-04   9.7383262E-02
   9.0000000E-01   4.8287610E+04   3.2609079E+03   5.1548518E+04   9.4141272E-02   6.2685224E-04   8.8222481E-02
   9.5000000E-01   3.3177942E+04   1.8394961E+03   3.5017438E+04   7.8156664E-02   7.7918156E-04   7.4091914E-02
   1.0000000E+00   1.5228574E+04   7.4193712E+02   1.5970511E+04   6.4886664E-02   1.9176970E-04   6.1881153E-02
