   0.0000000E+00   1.1960150E+08   6.2274146E+07   1.8185375E+08   7.8617005E-05   1.5304597E-04   4.1646761E-05
   5.0000000E-02   4.2901997E+07   2.1519658E+07   6.4401793E+07   9.0253283E-05   1.0002600E-04   9.3075825E-05
   1.0000000E-01   2.0781720E+07   1.0349273E+07   3.1123195E+07   4.4876636E-05   1.2291270E-04   7.0620627E-05
   1.5000000E-01   1.2922639E+07   6.4472394E+06   1.9363512E+07   9.7355804E-05   9.4448274E-05   9.6076884E-05
   2.0000000E-01   8.9520995E+06   4.4756598E+06   1.3424019E+07   1.0162352E-04   1.1326796E-04   8.0058086E-05
   2.5000000E-01   6.5314642E+06   3.2777897E+06   9.8070130E+06   1.8219507E-04   2.3819400E-04   1.4431104E-04
   3.0000000E-01   4.9703770E+06   2.4759522E+06   7.4445892E+06   6.4900261E-05   3.3941480E-05   5.4875771E-05
   3.5000000E-01   3.8447378E+06   1.9210002E+06   5.7645102E+06   1.8928706E-04   7.7135982E-05   1.4931861E-04
   4.0000000E-01   3.0290448E+06   1.5187838E+06   4.5469294E+06   2.2297236E-04   2.5159214E-04   1.3205630E-04
   4.5000000E-01   2.4196574E+06   1.2086226E+06   3.6275443E+06   8.1181694E-05   4.5507378E-04   1.8070291E-04
   5.0000000E-01   1.9538179E+06   9.7698853E+05   2.9304117E+06   2.1934024E-04   6.5946685E-04   3.3975275E-04
   5.5000000E-01   1.5851890E+06   7.9391694E+05   2.3788571E+06   2.2078221E-04   2.1817206E-04   7.5763525E-05
   6.0000000E-01   1.2950013E+06   6.4394090E+05   1.9387300E+06   1.2911798E-04   3.3754002E-05   9.1801607E-05
   6.5000000E-01   1.0495852E+06   5.2844828E+05   1.5779111E+06   2.8784243E-04   4.9058988E-04   3.5053371E-04
   7.0000000E-01   8.5263396E+05   4.2787215E+05   1.2803833E+06   2.3213739E-04   6.7680973E-04   3.1542195E-04
   7.5000000E-01   6.8846609E+05   3.4382985E+05   1.0322195E+06   2.2588978E-04   7.2870871E-04   3.8601017E-04
   8.0000000E-01   5.4702748E+05   2.7303826E+05   8.2001401E+05   3.5343062E-04   4.2526544E-04   2.9424160E-04
   8.5000000E-01   4.2173439E+05   2.1067995E+05   6.3238063E+05   6.1966866E-04   1.0362347E-04   3.8293610E-04
   9.0000000E-01   3.1093924E+05   1.5565707E+05   4.6658217E+05   1.2938149E-03   6.1066228E-04   1.0560650E-03
   9.5000000E-01   1.9873594E+05   9.9862188E+04   2.9859813E+05   1.3699633E-03   1.9809574E-03   1.5686016E-03
   1.0000000E+00   9.8030014E+04   5.0294534E+04   1.4832455E+05   5.7586757E-04   3.2184330E-03   9.2808207E-04
