   0.0000000E+00   6.4954672E+08   7.1418502E+08   1.3490640E+09   1.0359771E-02   6.1780951E-04   5.2539362E-03
   5.0000000E-02   1.9718852E+07   7.8999421E+06   2.7580278E+07   1.3333685E-01   2.2272405E-02   1.0155248E-01
   1.0000000E-01   1.0516927E+07   4.0428857E+06   1.4540236E+07   1.2021023E-01   2.0988439E-02   9.2654237E-02
   1.5000000E-01   7.2567439E+06   2.7337090E+06   9.9736461E+06   1.1317906E-01   2.1016552E-02   8.7976160E-02
   2.0000000E-01   5.5230903E+06   2.0340957E+06   7.5455040E+06   1.0862851E-01   2.1458414E-02   8.5189639E-02
   2.5000000E-01   4.4245965E+06   1.6161866E+06   6.0309919E+06   1.0570556E-01   2.2290520E-02   8.3410128E-02
   3.0000000E-01   3.6758638E+06   1.3185563E+06   4.9868867E+06   1.0373687E-01   2.2391906E-02   8.2286517E-02
   3.5000000E-01   3.1011204E+06   1.1050082E+06   4.1997534E+06   1.0297539E-01   2.3592548E-02   8.2156623E-02
   4.0000000E-01   2.6557867E+06   9.3815473E+05   3.5886973E+06   1.0257357E-01   2.4759392E-02   8.2284932E-02
   4.5000000E-01   2.2976244E+06   8.0947619E+05   3.1027857E+06   1.0391119E-01   2.5917229E-02   8.3625040E-02
   5.0000000E-01   2.0047793E+06   6.9618192E+05   2.6974153E+06   1.0559091E-01   2.7012904E-02   8.5371250E-02
   5.5000000E-01   1.7407210E+06   6.0333035E+05   2.3407815E+06   1.0776890E-01   2.9019098E-02   8.7514907E-02
   6.0000000E-01   1.5221950E+06   5.2670737E+05   2.0462021E+06   1.1107938E-01   3.0099997E-02   9.0297409E-02
   6.5000000E-01   1.3200507E+06   4.5825360E+05   1.7761496E+06   1.1497476E-01   3.1885702E-02   9.3588466E-02
   7.0000000E-01   1.1492397E+06   3.9826933E+05   1.5457765E+06   1.1956776E-01   3.4064586E-02   9.7583686E-02
   7.5000000E-01   9.8732087E+05   3.3967909E+05   1.3257140E+06   1.2478854E-01   3.5960770E-02   1.0205649E-01
   8.0000000E-01   8.3852771E+05   2.8824154E+05   1.1256989E+06   1.3160951E-01   4.0539116E-02   1.0833577E-01
   8.5000000E-01   6.9382942E+05   2.3534710E+05   9.2843879E+05   1.4069553E-01   4.4042802E-02   1.1621128E-01
   9.0000000E-01   5.4787851E+05   1.8729707E+05   7.3463800E+05   1.5048212E-01   4.8901834E-02   1.2460852E-01
   9.5000000E-01   3.8479309E+05   1.2965264E+05   5.1418104E+05   1.6354333E-01   5.4376196E-02   1.3603682E-01
   1.0000000E+00   1.8637712E+05   6.1473892E+04   2.4781957E+05   1.8107040E-01   6.4316259E-02   1.5208743E-01
