   0.0000000E+00   1.2997229E+07   4.3260758E+08   4.4501963E+08   4.7918939E-02   2.0936271E-06   1.3955485E-03
   5.0000000E-02   8.1338362E+06   6.0979198E+07   6.8953624E+07   1.7173593E-02   4.0352094E-06   2.0138069E-03
   1.0000000E-01   7.1006978E+06   2.0149939E+07   2.7188152E+07   4.9323240E-03   5.7364358E-06   1.2884960E-03
   1.5000000E-01   6.9690979E+06   8.2230266E+06   1.5151933E+07   1.6126754E-03   7.7473546E-06   7.4504014E-04
   2.0000000E-01   7.0423198E+06   3.5845990E+06   1.0602441E+07   5.9051206E-04   3.5283009E-05   4.0241088E-04
   2.5000000E-01   7.1213561E+06   1.6158938E+06   8.7190043E+06   1.9497411E-04   2.6269672E-05   1.6422526E-04
   3.0000000E-01   7.0946075E+06   7.3845772E+05   7.8161205E+06   1.1766450E-04   5.4255577E-05   1.1134138E-04
   3.5000000E-01   6.7864122E+06   3.4341089E+05   7.1130891E+06   4.3175950E-05   9.2762960E-05   4.6183345E-05
   4.0000000E-01   6.1449087E+06   1.5880480E+05   6.2898750E+06   2.8612175E-05   1.2308550E-04   3.1324061E-05
   4.5000000E-01   5.1445527E+06   7.5764826E+04   5.2092686E+06   3.2084838E-05   2.5554113E-04   3.5204837E-05
   5.0000000E-01   3.9663067E+06   3.5860792E+04   3.9964761E+06   3.8755688E-05   3.3266053E-04   4.1603004E-05
   5.5000000E-01   2.8242479E+06   1.7391295E+04   2.8377037E+06   1.2665098E-05   5.9424188E-04   1.5851001E-05
   6.0000000E-01   1.8568766E+06   8.2177002E+03   1.8633118E+06   1.4561693E-05   1.2425466E-03   1.9972579E-05
   6.5000000E-01   1.1398138E+06   3.8050274E+03   1.1429578E+06   2.1059605E-05   1.0348787E-03   2.4411792E-05
   7.0000000E-01   6.6851897E+05   1.8916702E+03   6.7011507E+05   2.0642859E-05   1.8910855E-03   2.4894188E-05
   7.5000000E-01   3.7555898E+05   9.9312684E+02   3.7648420E+05   8.5620190E-05   5.5573467E-03   1.0004546E-04
   8.0000000E-01   2.0558840E+05   4.2971835E+02   2.0599026E+05   3.0766356E-05   1.0657368E-02   5.1666385E-05
   8.5000000E-01   1.1023259E+05   2.5464791E+02   1.1047225E+05   1.1384401E-04   1.8365594E-02   1.5497403E-04
   9.0000000E-01   5.6786484E+04   8.4882636E+01   5.6871366E+04   9.9094947E-05   2.9122854E-06   9.8945645E-05
   9.5000000E-01   2.5089520E+04   5.6960716E+01   2.5146481E+04   2.3560186E-04   6.7803322E-06   2.3506994E-04
   1.0000000E+00   9.0415727E+03   2.5150411E+01   9.0667231E+03   7.0549184E-04   6.1182022E-06   7.0351969E-04
