   0.0000000E+00   2.9172464E+06   4.8783817E+08   4.9006888E+08   9.5812453E-05   2.7351697E-06   2.3188189E-06
   5.0000000E-02   2.8409794E+06   9.7915113E+07   1.0050412E+08   8.0557395E-06   8.1863853E-06   7.6919831E-06
   1.0000000E-01   2.8954422E+06   1.8056733E+07   2.0924737E+07   2.1576589E-05   2.2487873E-05   1.7883223E-05
   1.5000000E-01   2.9547009E+06   3.8839748E+06   6.8320973E+06   2.8112852E-05   5.0430910E-05   4.0467247E-05
   2.0000000E-01   3.0415783E+06   8.6922472E+05   3.9075722E+06   8.0828127E-06   2.4914920E-04   6.0304349E-05
   2.5000000E-01   3.1561571E+06   1.9684283E+05   3.3506317E+06   1.1405425E-05   5.8620501E-04   3.5265793E-05
   3.0000000E-01   3.3405774E+06   4.7184135E+04   3.3846209E+06   8.8225589E-06   2.5465410E-03   4.1656168E-05
   3.5000000E-01   3.5982841E+06   1.1513723E+04   3.6059508E+06   9.4917629E-06   8.6395268E-03   3.0266332E-05
   4.0000000E-01   3.9797171E+06   2.9523242E+03   3.9773457E+06   2.6458259E-06   2.0520227E-02   1.4341366E-05
   4.5000000E-01   4.5612887E+06   8.3467926E+02   4.5545122E+06   4.2207627E-06   6.5703660E-02   7.6082657E-06
   5.0000000E-01   5.2867516E+06   2.9284510E+02   5.2781509E+06   1.0669908E-06   1.2124656E-01   7.3405372E-06
   5.5000000E-01   5.8061459E+06   7.5236882E+01   5.7905603E+06   3.4922154E-06   2.6763553E-01   2.3463737E-06
   6.0000000E-01   5.2886180E+06   3.1830989E+01   5.2743842E+06   2.3663284E-06   3.5887403E-01   2.8930197E-06
   6.5000000E-01   3.4894305E+06   1.9588301E+01   3.4847391E+06   3.8326242E-06   5.2848878E-01   5.4559169E-06
   7.0000000E-01   1.5852696E+06   3.6378273E+01   1.5839191E+06   9.3382637E-06   4.9262199E-01   1.9939473E-05
   7.5000000E-01   5.5253079E+05   2.1220659E+01   5.5235254E+05   4.2649976E-05   5.6669744E-01   6.4323507E-05
   8.0000000E-01   1.6985413E+05   1.1936621E+01   1.6985413E+05   1.9436643E-04   5.9807650E-01   2.3531649E-04
   8.5000000E-01   4.9150791E+04   1.1234467E+01   4.9158281E+04   4.1072287E-04   7.0701990E-01   5.7186286E-04
   9.0000000E-01   1.3871237E+04   7.0735530E+00   1.3878311E+04   1.0294530E-03   8.1666890E-01   1.4353862E-03
   9.5000000E-01   3.5382657E+03   3.3506304E+00   3.5416163E+03   3.6737404E-03   8.2751716E-01   4.4461010E-03
   1.0000000E+00   8.2367595E+02   0.0000000E+00   8.2367595E+02   6.4183354E-03   0.0000000E+00   6.4183354E-03
