   0.0000000E+00   1.0466742E+08   5.6776298E+07   1.6141876E+08   1.4272772E-04   2.1612497E-04   1.5319470E-04
   5.0000000E-02   4.0301024E+07   2.0240434E+07   6.0521850E+07   8.5535809E-05   1.5523772E-04   1.0965235E-04
   1.0000000E-01   1.9909233E+07   9.9523406E+06   2.9852852E+07   6.5202828E-05   6.0202293E-05   6.0521252E-05
   1.5000000E-01   1.2566450E+07   6.2829703E+06   1.8843415E+07   1.0676016E-04   1.3797396E-04   1.1620930E-04
   2.0000000E-01   8.7652198E+06   4.3734983E+06   1.3134357E+07   3.4566206E-05   2.7846986E-04   7.4152701E-05
   2.5000000E-01   6.4691264E+06   3.2358237E+06   9.7019835E+06   1.7049159E-05   1.9438368E-04   6.4861493E-05
   3.0000000E-01   4.9374638E+06   2.4697134E+06   7.4052779E+06   4.3099518E-05   1.0361888E-04   7.1790419E-06
   3.5000000E-01   3.8751227E+06   1.9430454E+06   5.8166766E+06   7.9640653E-05   1.1637851E-04   9.0061224E-05
   4.0000000E-01   3.0862610E+06   1.5380336E+06   4.6231487E+06   1.9035676E-04   2.2900005E-04   1.9671587E-04
   4.5000000E-01   2.4883840E+06   1.2419391E+06   3.7296016E+06   1.4025895E-04   3.0002664E-04   1.7083420E-04
   5.0000000E-01   2.0207203E+06   1.0076736E+06   3.0278591E+06   1.6944921E-05   4.5318604E-04   1.5867899E-04
   5.5000000E-01   1.6510850E+06   8.2324775E+05   2.4738003E+06   1.0218020E-04   3.2801845E-04   4.9887402E-05
   6.0000000E-01   1.3566686E+06   6.7281161E+05   2.0291300E+06   4.2754693E-04   4.5217505E-04   4.0193567E-04
   6.5000000E-01   1.1135116E+06   5.5607758E+05   1.6693346E+06   1.1231970E-04   4.6085261E-04   8.1281047E-05
   7.0000000E-01   9.1026169E+05   4.5566970E+05   1.3658041E+06   3.7542297E-04   5.0141432E-04   3.6024901E-04
   7.5000000E-01   7.3943387E+05   3.7092863E+05   1.1102564E+06   6.7903001E-04   5.4781220E-04   3.7542477E-04
   8.0000000E-01   5.9188928E+05   2.9427749E+05   8.8609117E+05   4.2566032E-04   1.2222354E-03   6.8915725E-04
   8.5000000E-01   4.6248929E+05   2.3025039E+05   6.9270223E+05   5.5453501E-04   7.2503841E-04   5.9221005E-04
   9.0000000E-01   3.4291170E+05   1.7068130E+05   5.1357178E+05   9.2287600E-04   1.8285644E-03   7.0595123E-04
   9.5000000E-01   2.2420743E+05   1.1139506E+05   3.3558909E+05   2.2659675E-03   5.6567239E-04   1.6994839E-03
   1.0000000E+00   1.1301337E+05   5.7217184E+04   1.7023056E+05   2.0775523E-03   4.7186442E-03   2.8573183E-03
