   0.0000000E+00   1.8518368E+09   9.1820179E+08   2.7644546E+09   7.0874223E-04   4.5444344E-05   4.8680462E-04
   5.0000000E-02   1.5444364E+08   8.1612554E+07   2.3573553E+08   4.4609021E-03   7.3602450E-04   3.1735279E-03
   1.0000000E-01   1.0159115E+07   5.2802199E+06   1.5436215E+07   3.7005544E-02   7.8000519E-03   2.7015274E-02
   1.5000000E-01   1.6810157E+06   6.4001508E+05   2.3209884E+06   1.1928349E-01   4.2059204E-02   9.7990665E-02
   2.0000000E-01   6.6052484E+05   1.9837072E+05   8.5884782E+05   1.6521155E-01   9.2612547E-02   1.4844674E-01
   2.5000000E-01   3.7516003E+05   1.0341252E+05   4.7857255E+05   1.7009096E-01   1.2264989E-01   1.5983964E-01
   3.0000000E-01   2.4356011E+05   6.7269489E+04   3.1082960E+05   1.6339518E-01   1.4307863E-01   1.5899804E-01
   3.5000000E-01   1.6412058E+05   4.5400084E+04   2.0952066E+05   1.5253205E-01   1.6151780E-01   1.5447908E-01
   4.0000000E-01   1.1914339E+05   3.1170496E+04   1.5031389E+05   1.4062886E-01   1.7746110E-01   1.4826674E-01
   4.5000000E-01   8.8730649E+04   2.3498343E+04   1.1222899E+05   1.2844125E-01   1.9752966E-01   1.4290669E-01
   5.0000000E-01   6.4998879E+04   1.6914987E+04   8.1913866E+04   1.1290004E-01   2.1327464E-01   1.3362681E-01
   5.5000000E-01   5.0715446E+04   1.3259054E+04   6.3974500E+04   1.0039201E-01   2.3197264E-01   1.2766219E-01
   6.0000000E-01   4.0393525E+04   9.8569961E+03   5.0250521E+04   8.6172928E-02   2.5358717E-01   1.1901217E-01
   6.5000000E-01   3.1835886E+04   8.0165121E+03   3.9852398E+04   7.1823455E-02   2.7139776E-01   1.1196878E-01
   7.0000000E-01   2.4468936E+04   6.1160971E+03   3.0585033E+04   5.7119156E-02   2.9398680E-01   1.0448528E-01
   7.5000000E-01   1.9501786E+04   4.9062164E+03   2.4408002E+04   4.1371599E-02   3.1404445E-01   9.6181148E-02
   8.0000000E-01   1.5318663E+04   3.9510215E+03   1.9269685E+04   2.6121037E-02   3.3863674E-01   9.0196823E-02
   8.5000000E-01   1.1833638E+04   2.7449547E+03   1.4578593E+04   8.0651672E-03   3.6020487E-01   7.4368297E-02
   9.0000000E-01   8.6049773E+03   2.0796246E+03   1.0684602E+04   6.1086443E-03   3.8709838E-01   7.0429221E-02
   9.5000000E-01   5.5117870E+03   1.2464345E+03   6.7582215E+03   2.0442097E-02   4.1362460E-01   5.9616132E-02
   1.0000000E+00   2.3767138E+03   5.2815863E+02   2.9048724E+03   3.5814642E-02   4.3479520E-01   4.9768272E-02
