   0.0000000E+00   1.5884937E+06   1.5284360E+09   1.5268765E+09   5.0157965E-04   3.4062417E-05   3.3771686E-05
   5.0000000E-02   1.5737877E+06   1.9906591E+07   2.1474840E+07   1.6990540E-04   1.5635218E-03   1.4520906E-03
   1.0000000E-01   1.5745835E+06   8.4702261E+04   1.6591903E+06   4.2555074E-05   1.2708255E-01   6.4527086E-03
   1.5000000E-01   1.5832522E+06   2.6101411E+04   1.6091838E+06   3.9412320E-05   1.9916091E-01   3.1922498E-03
   2.0000000E-01   1.6206430E+06   1.1809297E+04   1.6320544E+06   4.7422539E-05   2.4548016E-01   1.7576903E-03
   2.5000000E-01   1.6541292E+06   6.0860850E+03   1.6599479E+06   3.1644567E-05   2.7642002E-01   9.9114215E-04
   3.0000000E-01   1.6880079E+06   4.0000942E+03   1.6914563E+06   3.7198831E-05   3.1577262E-01   7.1243634E-04
   3.5000000E-01   1.7345979E+06   2.5282900E+03   1.7366987E+06   1.5319344E-05   3.5163543E-01   4.9661330E-04
   4.0000000E-01   1.7969628E+06   1.7904931E+03   1.7983474E+06   5.3609649E-05   3.8530330E-01   4.2654319E-04
   4.5000000E-01   1.8741803E+06   1.2237247E+03   1.8746825E+06   4.2979219E-05   4.2338959E-01   2.5680962E-04
   5.0000000E-01   1.9638892E+06   9.6129586E+02   1.9642394E+06   3.4859443E-05   4.5154449E-01   2.2173128E-04
   5.5000000E-01   2.0995315E+06   5.5559544E+02   2.0991611E+06   4.5137767E-05   4.5581195E-01   7.6037366E-05
   6.0000000E-01   2.2833482E+06   5.0399065E+02   2.2826267E+06   7.2385691E-05   4.9792799E-01   3.8315280E-05
   6.5000000E-01   2.5527816E+06   4.3583969E+02   2.5519932E+06   4.2512566E-05   5.2496274E-01   4.7484350E-05
   7.0000000E-01   2.9885024E+06   2.9102618E+02   2.9860741E+06   5.7211943E-05   5.2795352E-01   1.5062616E-05
   7.5000000E-01   3.8838899E+06   2.7586857E+02   3.8795439E+06   6.3130245E-05   6.1610187E-01   1.9624960E-05
   8.0000000E-01   6.6647923E+06   1.3528170E+02   6.6506474E+06   5.6177023E-05   6.1192160E-01   4.3479300E-05
   8.5000000E-01   2.0947674E+06   1.5728253E+02   2.0934005E+06   3.3630250E-05   6.6596133E-01   1.6124892E-05
   9.0000000E-01   1.0320314E+04   8.8419413E+01   1.0408733E+04   1.2925429E-02   7.3556971E-01   1.9042170E-02
   9.5000000E-01   1.2296813E+03   5.6960716E+01   1.2866421E+03   8.9375765E-02   7.6514498E-01   1.1901804E-01
   1.0000000E+00   3.3324294E+02   3.7725616E+01   3.7096856E+02   1.3322096E-01   8.0051410E-01   1.9765923E-01
