   0.0000000E+00   3.2113154E+09   1.6543685E+09   4.6688013E+09   1.2831855E-04   8.4998773E-10   8.5250082E-05
   5.0000000E-02   8.7255106E+05   2.0632847E+05   1.0787522E+06   1.9809687E-01   3.0704213E-06   1.6023064E-01
   1.0000000E-01   3.6914398E+05   9.1736909E+04   4.6088088E+05   2.1847410E-01   9.6399422E-06   1.7498943E-01
   1.5000000E-01   2.1040283E+05   5.3051648E+04   2.6343326E+05   2.3781423E-01   2.5195307E-05   1.8992129E-01
   2.0000000E-01   1.3149381E+05   3.2626763E+04   1.6410466E+05   2.5343149E-01   4.9275819E-06   2.0307061E-01
   2.5000000E-01   8.8757529E+04   2.2549072E+04   1.1129387E+05   2.6935073E-01   1.0429761E-05   2.1480672E-01
   3.0000000E-01   6.1508080E+04   1.6095870E+04   7.7603950E+04   2.8232169E-01   3.3559734E-06   2.2376453E-01
   3.5000000E-01   4.2407971E+04   1.0840725E+04   5.3248697E+04   2.9315879E-01   2.2005405E-05   2.3348005E-01
   4.0000000E-01   2.9483453E+04   7.5598598E+03   3.7035355E+04   3.0272698E-01   1.6327982E-06   2.4090601E-01
   4.5000000E-01   2.0025229E+04   5.1353995E+03   2.5160628E+04   3.1431867E-01   1.2475400E-04   2.5019025E-01
   5.0000000E-01   1.3744621E+04   4.1889581E+03   1.7933579E+04   3.2515021E-01   4.1948902E-05   2.4921083E-01
   5.5000000E-01   9.3235859E+03   2.8184894E+03   1.2142075E+04   3.3303019E-01   9.9996798E-06   2.5572296E-01
   6.0000000E-01   6.5571837E+03   1.8037560E+03   8.3609397E+03   3.3832075E-01   1.4977190E-07   2.6533280E-01
   6.5000000E-01   4.5248975E+03   1.1606068E+03   5.6855043E+03   3.4254029E-01   1.1561739E-06   2.7261628E-01
   7.0000000E-01   2.9239037E+03   8.4579484E+02   3.7696985E+03   3.5057876E-01   4.7881383E-06   2.7192163E-01
   7.5000000E-01   1.9989861E+03   5.0505169E+02   2.5040378E+03   3.6412893E-01   6.8375639E-07   2.9068584E-01
   8.0000000E-01   1.2533452E+03   2.7056340E+02   1.5239086E+03   3.7249351E-01   8.1992690E-05   3.0634467E-01
   8.5000000E-01   8.2760570E+02   2.1345486E+02   1.0410606E+03   3.7736587E-01   3.9423673E-06   2.9999148E-01
   9.0000000E-01   4.6685450E+02   1.2025040E+02   5.8710490E+02   3.9379040E-01   7.2315913E-07   3.1313468E-01
   9.5000000E-01   1.8763530E+02   6.0311347E+01   2.4794665E+02   4.0547506E-01   1.5447293E-05   3.0684975E-01
   1.0000000E+00   7.5451232E+01   2.5150411E+01   1.0060164E+02   4.2275303E-01   1.7204020E-06   3.1706520E-01
