   0.0000000E+00   8.0518650E+07   1.7904396E+08   2.5919388E+08   8.4781255E-02   1.0463053E-07   2.6289815E-02
   5.0000000E-02   2.0605154E+07   1.0766959E+07   3.1331879E+07   1.2588310E-01   2.6447303E-07   8.2662258E-02
   1.0000000E-01   1.1387695E+07   5.7207608E+06   1.7083310E+07   1.0402627E-01   7.1087965E-07   6.9269247E-02
   1.5000000E-01   8.0413141E+06   3.9358381E+06   1.1960282E+07   9.1487310E-02   8.7141104E-07   6.1427686E-02
   2.0000000E-01   6.2501260E+06   2.9976993E+06   9.2331353E+06   8.2632228E-02   9.9874125E-07   5.5861227E-02
   2.5000000E-01   5.1042136E+06   2.4078488E+06   7.5007306E+06   7.5132640E-02   3.1854981E-06   5.1048979E-02
   3.0000000E-01   4.2888331E+06   1.9950072E+06   6.2746730E+06   7.1969856E-02   1.0302768E-06   4.9138622E-02
   3.5000000E-01   3.6642470E+06   1.6919717E+06   5.3479244E+06   6.9245640E-02   8.3045801E-07   4.7374362E-02
   4.0000000E-01   3.1865446E+06   1.4614641E+06   4.6411810E+06   6.8032522E-02   1.1714288E-06   4.6652244E-02
   4.5000000E-01   2.7944708E+06   1.2598422E+06   4.0482156E+06   6.8351060E-02   9.7727596E-07   4.7137697E-02
   5.0000000E-01   2.4468290E+06   1.1023581E+06   3.5452655E+06   6.8377586E-02   2.9882384E-07   4.7146589E-02
   5.5000000E-01   2.1625279E+06   9.6575798E+05   3.1237485E+06   7.0087778E-02   1.5786085E-06   4.8453788E-02
   6.0000000E-01   1.9079123E+06   8.4575998E+05   2.7503088E+06   7.3028467E-02   1.3305629E-06   5.0599200E-02
   6.5000000E-01   1.6826301E+06   7.4426728E+05   2.4237927E+06   7.6228121E-02   1.9735808E-06   5.2854014E-02
   7.0000000E-01   1.4773899E+06   6.5206235E+05   2.1268785E+06   8.0777858E-02   7.2505641E-07   5.6053773E-02
   7.5000000E-01   1.2874616E+06   5.6335332E+05   1.8486674E+06   8.6817283E-02   2.2533879E-07   6.0380457E-02
   8.0000000E-01   1.1062104E+06   4.8092247E+05   1.5854538E+06   9.3825755E-02   1.3100928E-06   6.5422258E-02
   8.5000000E-01   9.2993672E+05   4.0384537E+05   1.3325875E+06   1.0343283E-01   1.1363354E-06   7.2117096E-02
   9.0000000E-01   7.5401600E+05   3.2367871E+05   1.0769591E+06   1.1507490E-01   2.9408995E-06   8.0517448E-02
   9.5000000E-01   5.5809775E+05   2.3002748E+05   7.8762598E+05   1.3314864E-01   1.1190411E-06   9.4307338E-02
   1.0000000E+00   3.0158486E+05   1.1791770E+05   4.1943969E+05   1.5506604E-01   3.0166072E-06   1.1149957E-01
