   0.0000000E+00   3.2200956E+09   1.6568065E+09   4.6658999E+09   5.4707295E-05   2.6203238E-06   3.7654424E-05
   5.0000000E-02   3.9489524E+05   9.7466487E+04   4.9236173E+05   1.8205334E-01   1.6694119E-02   1.4931931E-01
   1.0000000E-01   1.8334649E+05   4.3099159E+04   2.2644565E+05   1.9296818E-01   1.2986962E-02   1.5871099E-01
   1.5000000E-01   1.1145090E+05   2.5210143E+04   1.3666104E+05   1.9606042E-01   8.4749927E-03   1.6145615E-01
   2.0000000E-01   7.7046908E+04   1.7395635E+04   9.4442543E+04   1.9975726E-01   1.3766708E-02   1.6549834E-01
   2.5000000E-01   5.5920681E+04   1.2210367E+04   6.8131048E+04   1.9957466E-01   8.9260147E-03   1.6540671E-01
   3.0000000E-01   4.4213243E+04   8.4139913E+03   5.2627235E+04   2.0149448E-01   3.4724268E-03   1.6983489E-01
   3.5000000E-01   3.4313806E+04   6.1115498E+03   4.0425356E+04   1.9923490E-01   3.6757056E-03   1.6966380E-01
   4.0000000E-01   2.7231411E+04   4.9497187E+03   3.2181129E+04   1.9588205E-01   3.5814286E-03   1.6630463E-01
   4.5000000E-01   2.1729955E+04   3.5721443E+03   2.5302099E+04   1.8193569E-01   2.0406492E-03   1.5653815E-01
   5.0000000E-01   1.8652959E+04   3.1194369E+03   2.1772396E+04   1.7207331E-01   7.0798196E-04   1.4752097E-01
   5.5000000E-01   1.5521948E+04   2.0487582E+03   1.7570706E+04   1.5746694E-01   1.2847829E-06   1.3910632E-01
   6.0000000E-01   1.3305353E+04   1.5756339E+03   1.4880987E+04   1.5280693E-01   4.5074220E-05   1.3663215E-01
   6.5000000E-01   1.0518917E+04   1.3956664E+03   1.1914584E+04   1.4283265E-01   2.0014194E-03   1.2633577E-01
   7.0000000E-01   8.9945279E+03   8.3670027E+02   9.8312282E+03   1.3485750E-01   5.3538257E-07   1.2338022E-01
   7.5000000E-01   7.4357189E+03   6.1964325E+02   8.0553622E+03   1.1392844E-01   4.0603604E-05   1.0516784E-01
   8.0000000E-01   6.0359512E+03   5.0133807E+02   6.5372893E+03   1.0945852E-01   3.2162793E-03   1.0131091E-01
   8.5000000E-01   4.7409449E+03   3.4452364E+02   5.0854685E+03   9.6529306E-02   4.2331440E-03   9.0236215E-02
   9.0000000E-01   3.6499534E+03   1.9452271E+02   3.8444761E+03   8.7173672E-02   7.5149997E-06   8.2763241E-02
   9.5000000E-01   2.4828171E+03   1.1057080E+02   2.5933879E+03   6.9809948E-02   1.4863126E-05   6.6834188E-02
   1.0000000E+00   1.0060164E+03   5.0300822E+01   1.0563173E+03   7.9388574E-02   4.3372427E-06   7.5607959E-02
