   0.0000000E+00   4.5964457E+07   2.2712047E+07   6.8652058E+07   1.0214960E-01   9.5392207E-06   6.8371242E-02
   5.0000000E-02   1.8774235E+07   9.2905106E+06   2.8040173E+07   7.7839378E-02   5.9795697E-06   5.2077831E-02
   1.0000000E-01   1.0622383E+07   5.2941937E+06   1.5903239E+07   4.8561669E-02   3.6139094E-06   3.2429069E-02
   1.5000000E-01   7.6265351E+06   3.8226895E+06   1.1437914E+07   3.3996960E-02   1.0787486E-06   2.2647556E-02
   2.0000000E-01   5.9978018E+06   3.0045111E+06   8.9930023E+06   2.6461842E-02   3.0160664E-06   1.7633092E-02
   2.5000000E-01   4.9163981E+06   2.4622161E+06   7.3707455E+06   2.1760704E-02   3.2137894E-06   1.4500794E-02
   3.0000000E-01   4.1863586E+06   2.1106068E+06   6.2900686E+06   1.8842477E-02   1.0613912E-06   1.2529928E-02
   3.5000000E-01   3.6026222E+06   1.8177041E+06   5.4141056E+06   1.7317412E-02   4.9545361E-06   1.1506565E-02
   4.0000000E-01   3.1670083E+06   1.5891223E+06   4.7511013E+06   1.7035452E-02   7.5023862E-06   1.1366304E-02
   4.5000000E-01   2.8009502E+06   1.4034141E+06   4.1993987E+06   1.6211457E-02   3.2224099E-06   1.0802214E-02
   5.0000000E-01   2.4862549E+06   1.2528932E+06   3.7357612E+06   1.5540069E-02   8.2109229E-07   1.0340446E-02
   5.5000000E-01   2.2227521E+06   1.1145418E+06   3.3336479E+06   1.7305268E-02   4.2042354E-06   1.1518898E-02
   6.0000000E-01   1.9795267E+06   9.9287750E+05   2.9693538E+06   1.8162153E-02   1.7507413E-06   1.2095380E-02
   6.5000000E-01   1.7666199E+06   8.8144905E+05   2.6452923E+06   1.9485188E-02   1.3327756E-06   1.3000921E-02
   7.0000000E-01   1.5590409E+06   7.8426554E+05   2.3409555E+06   2.1953397E-02   2.7301677E-06   1.4616064E-02
   7.5000000E-01   1.3786298E+06   6.9091919E+05   2.0674312E+06   2.4687360E-02   3.1377733E-06   1.6452481E-02
   8.0000000E-01   1.1959619E+06   6.0041202E+05   1.7947903E+06   2.7009185E-02   4.4686376E-06   1.7999106E-02
   8.5000000E-01   1.0186965E+06   5.1259875E+05   1.5301269E+06   3.2350434E-02   3.8137401E-06   2.1513672E-02
   9.0000000E-01   8.3192764E+05   4.1903021E+05   1.2502081E+06   3.9372456E-02   1.0361946E-06   2.6189273E-02
   9.5000000E-01   6.2358582E+05   3.1725779E+05   9.4036447E+05   5.1945901E-02   1.8810686E-06   3.4426611E-02
   1.0000000E+00   3.7780947E+05   1.8492468E+05   5.6267128E+05   7.3997174E-02   8.1991977E-06   4.9680893E-02
