   0.0000000E+00   2.3035195E+08   1.1912735E+08   3.4932396E+08   2.8729184E-05   2.6129019E-05   1.1599123E-05
   5.0000000E-02   7.5330899E+07   3.7749388E+07   1.1296353E+08   2.3568224E-05   9.0443097E-06   1.6376740E-05
   1.0000000E-01   3.2595505E+07   1.6232690E+07   4.8788439E+07   1.4060146E-05   5.0516156E-05   2.1947125E-05
   1.5000000E-01   1.7954290E+07   8.9947159E+06   2.6927722E+07   2.5728290E-05   5.0921552E-05   2.5974666E-05
   2.0000000E-01   1.0933276E+07   5.4829674E+06   1.6406264E+07   5.7530270E-05   1.1274902E-05   3.6933065E-05
   2.5000000E-01   7.0239151E+06   3.5153253E+06   1.0534007E+07   3.1882909E-05   9.6330671E-05   3.6838181E-05
   3.0000000E-01   4.6603326E+06   2.3177522E+06   6.9753155E+06   6.8635309E-06   2.9140653E-05   1.4334291E-05
   3.5000000E-01   3.1444469E+06   1.5772982E+06   4.7202173E+06   9.8837869E-05   7.2557934E-05   4.5853303E-05
   4.0000000E-01   2.1550455E+06   1.0786726E+06   3.2327870E+06   1.4549454E-04   1.6146909E-04   1.5063226E-04
   4.5000000E-01   1.4973297E+06   7.5037665E+05   2.2473032E+06   1.1563254E-04   5.2302914E-05   7.9282702E-05
   5.0000000E-01   1.0465902E+06   5.2053852E+05   1.5669122E+06   2.3829908E-04   5.8005636E-05   1.7061256E-04
   5.5000000E-01   7.3266833E+05   3.6444167E+05   1.0969480E+06   2.9362206E-04   3.7129614E-04   3.1702208E-04
   6.0000000E-01   5.1942868E+05   2.5952336E+05   7.7889368E+05   3.2329201E-04   4.3046705E-04   3.4448501E-04
   6.5000000E-01   3.6593394E+05   1.8502129E+05   5.5093565E+05   6.3656640E-04   7.6181744E-04   6.0072852E-04
   7.0000000E-01   2.6264658E+05   1.3007961E+05   3.9270345E+05   3.8820841E-04   1.0684703E-03   6.1329388E-04
   7.5000000E-01   1.8303667E+05   9.2301379E+04   2.7533805E+05   1.1780323E-03   5.8413603E-04   9.7736545E-04
   8.0000000E-01   1.2799241E+05   6.3566484E+04   1.9155889E+05   1.1215382E-03   8.1316858E-04   9.5550498E-04
   8.5000000E-01   8.7156992E+04   4.3627179E+04   1.3078043E+05   1.6252160E-03   5.5425812E-04   1.1400516E-03
   9.0000000E-01   5.6263041E+04   2.7165980E+04   8.3429021E+04   9.3519351E-04   2.0834281E-03   1.0478578E-03
   9.5000000E-01   3.2323531E+04   1.5814975E+04   4.8138507E+04   2.9481922E-03   1.1787424E-03   2.3333983E-03
   1.0000000E+00   1.4159681E+04   6.8975002E+03   2.1057181E+04   2.7926358E-03   6.7797731E-03   4.0652557E-03
