   0.0000000E+00   1.4542876E+09   1.3225755E+09   2.7132765E+09   6.4139153E-03   5.4098779E-05   3.3882420E-03
   5.0000000E-02   2.2020041E+07   8.2831235E+06   3.0254336E+07   1.6632889E-01   2.7844951E-03   1.2159243E-01
   1.0000000E-01   1.0421625E+07   3.5554896E+06   1.3957029E+07   1.6056964E-01   2.2746189E-03   1.2034243E-01
   1.5000000E-01   6.4769271E+06   2.0213314E+06   8.4866721E+06   1.5235020E-01   2.0484834E-03   1.1662661E-01
   2.0000000E-01   4.5069178E+06   1.2592339E+06   5.7587033E+06   1.4176004E-01   2.0533938E-03   1.1128593E-01
   2.5000000E-01   3.3756763E+06   8.1925325E+05   4.1899767E+06   1.2933550E-01   2.1480692E-03   1.0452332E-01
   3.0000000E-01   2.6250486E+06   5.5085648E+05   3.1722445E+06   1.1464068E-01   2.5171990E-03   9.5226602E-02
   3.5000000E-01   2.1147508E+06   3.7427786E+05   2.4868733E+06   9.9611491E-02   2.3754233E-03   8.5014379E-02
   4.0000000E-01   1.7484125E+06   2.5460016E+05   2.0013336E+06   8.5917753E-02   3.0816965E-03   7.5399782E-02
   4.5000000E-01   1.4625561E+06   1.7514825E+05   1.6365231E+06   7.2254315E-02   3.5791936E-03   6.4910363E-02
   5.0000000E-01   1.2450628E+06   1.2056305E+05   1.3648682E+06   6.0567767E-02   3.4538191E-03   5.5520506E-02
   5.5000000E-01   1.0693476E+06   8.4421569E+04   1.1530747E+06   5.1110121E-02   4.3014874E-03   4.7695556E-02
   6.0000000E-01   9.1690224E+05   5.7417798E+04   9.7374708E+05   4.2746169E-02   4.9570991E-03   4.0524816E-02
   6.5000000E-01   7.7736171E+05   3.8348996E+04   8.1535322E+05   3.6230225E-02   6.2851025E-03   3.4821226E-02
   7.0000000E-01   6.5834670E+05   2.6965395E+04   6.8498469E+05   3.0983791E-02   5.2780881E-03   2.9975592E-02
   7.5000000E-01   5.4449240E+05   1.8283720E+04   5.6247055E+05   2.6913202E-02   8.7225374E-03   2.6315354E-02
   8.0000000E-01   4.4378366E+05   1.2632924E+04   4.5618979E+05   2.5781233E-02   1.0345747E-02   2.5357770E-02
   8.5000000E-01   3.4475582E+05   8.2573329E+03   3.5289332E+05   2.2877158E-02   1.0173437E-02   2.2565348E-02
   9.0000000E-01   2.5430838E+05   5.5421288E+03   2.5981160E+05   2.2098591E-02   1.0538987E-02   2.1846550E-02
   9.5000000E-01   1.6103800E+05   3.1026837E+03   1.6409712E+05   2.1939891E-02   9.6647611E-03   2.1700408E-02
   1.0000000E+00   7.1269976E+04   1.2826709E+03   7.2546360E+04   2.3801431E-02   1.0825759E-02   2.3560613E-02
