   0.0000000E+00   2.2080418E+08   1.8248884E+08   4.0308981E+08   1.3879869E-05   2.6019461E-05   1.9378563E-05
   5.0000000E-02   1.0154722E+08   5.1789146E+07   1.5312736E+08   1.4581852E-05   1.9146765E-05   1.5061239E-05
   1.0000000E-01   4.2662724E+07   2.0112124E+07   6.2711854E+07   2.5371050E-05   4.0833315E-05   2.9921014E-05
   1.5000000E-01   2.1192351E+07   9.9135280E+06   3.1077379E+07   4.8576721E-05   6.5814447E-05   5.3786093E-05
   2.0000000E-01   1.1387902E+07   5.3139607E+06   1.6691629E+07   7.2944817E-05   9.9007332E-05   8.1271634E-05
   2.5000000E-01   6.4199921E+06   2.9989757E+06   9.4150589E+06   1.2828256E-04   1.4368380E-04   1.3298390E-04
   3.0000000E-01   3.7167348E+06   1.7281680E+06   5.4431415E+06   2.0552799E-04   2.3587418E-04   2.1536220E-04
   3.5000000E-01   2.1616606E+06   1.0132622E+06   3.1741498E+06   3.3601365E-04   3.7869263E-04   3.4793182E-04
   4.0000000E-01   1.2885900E+06   5.9656843E+05   1.8849118E+06   5.5437645E-04   5.4297133E-04   5.5003756E-04
   4.5000000E-01   7.6961672E+05   3.5906063E+05   1.1285642E+06   7.2178412E-04   8.1200366E-04   7.5049443E-04
   5.0000000E-01   4.6391119E+05   2.1444537E+05   6.7829927E+05   1.0013191E-03   1.3797928E-03   1.1209481E-03
   5.5000000E-01   2.7942399E+05   1.2964472E+05   4.0905135E+05   1.7137496E-03   1.5764444E-03   1.6684244E-03
   6.0000000E-01   1.7102260E+05   7.9158364E+04   2.5018096E+05   2.7652314E-03   2.7356236E-03   2.7558171E-03
   6.5000000E-01   1.0371026E+05   4.8343926E+04   1.5204929E+05   3.5597879E-03   4.1720069E-03   3.7525889E-03
   7.0000000E-01   6.3316384E+04   2.9539157E+04   9.2855541E+04   5.3290493E-03   6.0657260E-03   5.5580022E-03
   7.5000000E-01   3.9075722E+04   1.8262499E+04   5.7338221E+04   7.3581231E-03   8.4529980E-03   7.7068158E-03
   8.0000000E-01   2.3491270E+04   1.1367642E+04   3.4858911E+04   9.4797233E-03   1.0256241E-02   9.7321437E-03
   8.5000000E-01   1.4181642E+04   6.5422044E+03   2.0723846E+04   1.4207603E-02   1.3397878E-02   1.3824559E-02
   9.0000000E-01   8.1239757E+03   3.6605637E+03   1.1784539E+04   2.2244496E-02   2.0058625E-02   2.1553513E-02
   9.5000000E-01   3.7493554E+03   1.8629505E+03   5.6123059E+03   3.0132663E-02   3.1898470E-02   3.0659261E-02
   1.0000000E+00   1.6033387E+03   7.1678671E+02   2.3201254E+03   1.7305710E-02   4.5913254E-02   2.6027156E-02
