   0.0000000E+00   1.6564261E+09   7.8889922E+08   2.3959134E+09   5.3280422E-02   3.4113999E-06   3.6112126E-02
   5.0000000E-02   1.8332339E+08   9.3966479E+07   2.7208760E+08   3.2507612E-02   1.1048920E-05   2.1517671E-02
   1.0000000E-01   1.1879484E+07   7.8894060E+06   1.9716464E+07   2.3055435E-02   6.7505849E-05   1.3894045E-02
   1.5000000E-01   8.4912345E+05   7.2922673E+05   1.5779470E+06   2.3166863E-02   4.2136343E-04   1.2647545E-02
   2.0000000E-01   6.6526766E+04   7.1269584E+04   1.3778043E+05   3.0627902E-02   2.5651439E-03   1.6112374E-02
   2.5000000E-01   7.9195500E+03   7.7922260E+03   1.5711776E+04   8.8728014E-02   1.7745280E-02   5.3510077E-02
   3.0000000E-01   2.1114556E+03   1.0185916E+03   3.1300472E+03   1.3097844E-01   6.0373164E-02   1.0800100E-01
   3.5000000E-01   1.1095373E+03   4.6382298E+02   1.5733603E+03   1.1690609E-01   1.7577876E-01   1.3425378E-01
   4.0000000E-01   6.2866203E+02   1.5915494E+02   7.8781697E+02   8.7392492E-02   2.2114730E-01   1.1440257E-01
   4.5000000E-01   5.3051648E+02   1.0610330E+02   6.3661977E+02   7.0914696E-02   2.3292735E-01   9.7851494E-02
   5.0000000E-01   3.6923947E+02   1.2095776E+02   4.9019722E+02   4.1593275E-02   2.6523447E-01   9.6745461E-02
   5.5000000E-01   3.2988479E+02   7.5236882E+01   4.0512167E+02   1.6784063E-02   3.0162837E-01   6.9651581E-02
   6.0000000E-01   2.4403758E+02   8.4882636E+01   3.2892022E+02   2.6984995E-02   3.0766655E-01   5.9438754E-02
   6.5000000E-01   2.2526546E+02   3.4279526E+01   2.5954498E+02   4.4254426E-02   3.5446119E-01   8.4244340E-03
   7.0000000E-01   1.6370223E+02   1.8189136E+01   1.8189136E+02   7.3358862E-02   3.6241329E-01   2.9790700E-02
   7.5000000E-01   1.3156809E+02   2.1220659E+01   1.5278875E+02   7.3866318E-02   3.9771279E-01   8.5912863E-03
   8.0000000E-01   7.9577472E+01   1.1936621E+01   9.1514092E+01   1.4945827E-01   4.5703334E-01   7.0616326E-02
   8.5000000E-01   6.7406799E+01   3.3703400E+01   1.0111020E+02   1.3821139E-01   4.7289932E-01   6.5503744E-02
   9.0000000E-01   8.4882636E+01   1.4147106E+01   9.9029742E+01   1.6528435E-01   5.1405174E-01   6.8322557E-02
   9.5000000E-01   6.0311347E+01   6.7012608E+00   6.7012608E+01   1.9957779E-01   5.5390350E-01   1.2427349E-01
   1.0000000E+00   1.8862808E+01   0.0000000E+00   1.8862808E+01   3.0515414E-01   0.0000000E+00   3.0515414E-01
