   0.0000000E+00   3.1243720E+08   2.1796995E+08   5.3014792E+08   5.8424644E-06   1.5700866E-05   3.7305521E-06
   5.0000000E-02   1.1996367E+08   5.9141213E+07   1.7887876E+08   1.3838349E-05   2.4512658E-05   1.7100403E-05
   1.0000000E-01   4.4890702E+07   2.1391793E+07   6.6225709E+07   3.8354605E-05   3.8193254E-05   3.8196717E-05
   1.5000000E-01   2.0613324E+07   9.7622035E+06   3.0357023E+07   9.0313464E-05   9.2866440E-05   9.0886018E-05
   2.0000000E-01   1.0256295E+07   4.8842583E+06   1.5134823E+07   1.7116779E-04   2.0018114E-04   1.8058798E-04
   2.5000000E-01   5.3474406E+06   2.5468865E+06   7.8920480E+06   3.1017167E-04   2.9811556E-04   3.0632742E-04
   3.0000000E-01   2.8479398E+06   1.3529656E+06   4.2001944E+06   4.4545444E-04   4.8402901E-04   4.5274774E-04
   3.5000000E-01   1.5439030E+06   7.3266751E+05   2.2763340E+06   6.9413351E-04   7.6466776E-04   7.1687117E-04
   4.0000000E-01   8.4798549E+05   4.0508116E+05   1.2529393E+06   1.3182222E-03   1.5620516E-03   1.3969373E-03
   4.5000000E-01   4.6978295E+05   2.2165686E+05   6.9143273E+05   2.0378193E-03   2.2468396E-03   2.1034339E-03
   5.0000000E-01   2.5959444E+05   1.2312863E+05   3.8271671E+05   2.9359287E-03   3.8224242E-03   3.2211225E-03
   5.5000000E-01   1.4432749E+05   6.9113757E+04   2.1344125E+05   5.0297681E-03   5.2346844E-03   5.0959771E-03
   6.0000000E-01   8.1588129E+04   3.7958454E+04   1.1954658E+05   7.7245244E-03   7.8955172E-03   7.7788141E-03
   6.5000000E-01   4.5753373E+04   2.2046632E+04   6.7800006E+04   1.4534790E-02   1.5062091E-02   1.4704882E-02
   7.0000000E-01   2.6856260E+04   1.2264025E+04   3.9120285E+04   1.9639660E-02   2.2655462E-02   2.0579563E-02
   7.5000000E-01   1.5024227E+04   7.1046767E+03   2.2128903E+04   2.7547137E-02   3.1941394E-02   2.8950467E-02
   8.0000000E-01   8.0850711E+03   4.3489088E+03   1.2433980E+04   3.9962882E-02   4.4066208E-02   4.1394917E-02
   8.5000000E-01   4.8645240E+03   2.2656174E+03   7.1301415E+03   5.7581227E-02   7.2601866E-02   6.2353631E-02
   9.0000000E-01   2.5429423E+03   1.2272615E+03   3.7702038E+03   7.3122750E-02   8.2667159E-02   7.6228238E-02
   9.5000000E-01   1.1425650E+03   5.4950338E+02   1.6920683E+03   9.9198260E-02   1.3327268E-01   1.0978386E-01
   1.0000000E+00   4.2755698E+02   2.0749089E+02   6.3504787E+02   1.2522293E-01   8.8263509E-02   1.1278286E-01
