   0.0000000E+00   9.2773835E+08   8.7853834E+08   1.7803856E+09   8.4583611E-03   8.2177542E-05   4.3823944E-03
   5.0000000E-02   1.9784487E+07   7.1686569E+06   2.6916093E+07   1.5642583E-01   4.2324137E-03   1.1594784E-01
   1.0000000E-01   1.0180983E+07   3.5821640E+06   1.3745735E+07   1.4785079E-01   4.5251278E-03   1.1056888E-01
   1.5000000E-01   6.8546549E+06   2.3810004E+06   9.2213313E+06   1.4355474E-01   4.7789802E-03   1.0779515E-01
   2.0000000E-01   5.1323649E+06   1.7580573E+06   6.8805865E+06   1.4071558E-01   5.1358389E-03   1.0615477E-01
   2.5000000E-01   4.0490800E+06   1.3679813E+06   5.4094473E+06   1.3957082E-01   5.3649200E-03   1.0569162E-01
   3.0000000E-01   3.3280996E+06   1.1126204E+06   4.4339824E+06   1.3960237E-01   5.7263057E-03   1.0607855E-01
   3.5000000E-01   2.7786725E+06   9.2288949E+05   3.6961780E+06   1.4043288E-01   6.4768348E-03   1.0705043E-01
   4.0000000E-01   2.3581908E+06   7.7810852E+05   3.1316282E+06   1.4187192E-01   6.5465945E-03   1.0830158E-01
   4.5000000E-01   2.0311920E+06   6.6467348E+05   2.6922014E+06   1.4426743E-01   7.5278466E-03   1.1057743E-01
   5.0000000E-01   1.7497749E+06   5.6744467E+05   2.3146922E+06   1.4753846E-01   8.2745375E-03   1.1345358E-01
   5.5000000E-01   1.5186333E+06   4.9243118E+05   2.0087148E+06   1.5094534E-01   9.2436230E-03   1.1624113E-01
   6.0000000E-01   1.3156437E+06   4.2287468E+05   1.7367093E+06   1.5565069E-01   9.7918044E-03   1.2018601E-01
   6.5000000E-01   1.1414299E+06   3.6644324E+05   1.5061493E+06   1.6309309E-01   1.0035412E-02   1.2590601E-01
   7.0000000E-01   9.8694709E+05   3.1452655E+05   1.3001004E+06   1.6820780E-01   1.0354622E-02   1.3006500E-01
   7.5000000E-01   8.4219279E+05   2.6954906E+05   1.1106978E+06   1.7610271E-01   1.2382852E-02   1.3643266E-01
   8.0000000E-01   7.1212686E+05   2.2510477E+05   9.3636821E+05   1.8506521E-01   1.3980642E-02   1.4401207E-01
   8.5000000E-01   5.8991435E+05   1.8428644E+05   7.7356418E+05   1.9564633E-01   1.5326142E-02   1.5275298E-01
   9.0000000E-01   4.6272354E+05   1.4423682E+05   6.0661022E+05   2.0882170E-01   1.6499659E-02   1.6313951E-01
   9.5000000E-01   3.1976406E+05   9.9182010E+04   4.1873163E+05   2.2487716E-01   1.9093697E-02   1.7615419E-01
   1.0000000E+00   1.5221029E+05   4.6295619E+04   1.9848075E+05   2.4353361E-01   2.3631631E-02   1.9227208E-01
