   0.0000000E+00   6.2572084E+07   3.1563608E+07   9.4134165E+07   2.1393984E-03   1.6838806E-03   1.9866862E-03
   5.0000000E-02   2.3005974E+07   1.1511168E+07   3.4513895E+07   5.2699827E-04   8.1179391E-04   5.2708390E-04
   1.0000000E-01   1.2225901E+07   6.1362507E+06   1.8360210E+07   4.5000206E-04   4.6197171E-04   1.5731746E-04
   1.5000000E-01   8.4023200E+06   4.1898706E+06   1.2590748E+07   4.0319694E-04   1.7563952E-04   2.9239972E-04
   2.0000000E-01   6.3947979E+06   3.2082294E+06   9.6017700E+06   3.7778695E-04   2.7120859E-04   3.1164277E-04
   2.5000000E-01   5.1764572E+06   2.5912589E+06   7.7667612E+06   5.8357998E-04   3.6329439E-04   2.6832316E-04
   3.0000000E-01   4.2933850E+06   2.1512443E+06   6.4438017E+06   8.6048859E-05   5.7125757E-04   1.3980281E-04
   3.5000000E-01   3.6713953E+06   1.8336923E+06   5.5044237E+06   2.6551539E-04   2.4547492E-04   1.9285653E-04
   4.0000000E-01   3.1653610E+06   1.5916051E+06   4.7563375E+06   1.7354788E-04   5.4603691E-04   2.7723830E-04
   4.5000000E-01   2.7707107E+06   1.3896561E+06   4.1598858E+06   3.9432387E-04   6.3843588E-04   4.3579362E-04
   5.0000000E-01   2.4288763E+06   1.2180382E+06   3.6464944E+06   5.2065737E-04   6.4438827E-04   2.5143272E-04
   5.5000000E-01   2.1547149E+06   1.0782487E+06   3.2326742E+06   2.7856811E-04   7.1450855E-04   2.7511338E-04
   6.0000000E-01   1.9026019E+06   9.5547609E+05   2.8577543E+06   3.2432237E-04   6.2167408E-04   2.9626629E-04
   6.5000000E-01   1.6818417E+06   8.3979452E+05   2.5213865E+06   4.3826723E-04   2.4677208E-04   2.1109451E-04
   7.0000000E-01   1.4712237E+06   7.3617801E+05   2.2071698E+06   8.6558565E-04   3.8608447E-04   6.1403012E-04
   7.5000000E-01   1.2818042E+06   6.4008723E+05   1.9217302E+06   6.4996094E-04   4.0371576E-04   5.6308967E-04
   8.0000000E-01   1.0948905E+06   5.4833255E+05   1.6430639E+06   7.0295003E-04   1.0731986E-03   3.8208094E-04
   8.5000000E-01   9.0856127E+05   4.5549770E+05   1.3639803E+06   4.8785638E-04   5.0207173E-04   4.8933545E-04
   9.0000000E-01   7.1969158E+05   3.6108366E+05   1.0807399E+06   3.2160572E-04   1.1918445E-04   1.8232366E-04
   9.5000000E-01   4.9281742E+05   2.4620097E+05   7.3896813E+05   1.0118672E-03   8.5402785E-04   8.9631884E-04
   1.0000000E+00   2.5107655E+05   1.2344450E+05   3.7450848E+05   2.8818018E-03   2.5800182E-03   2.7820397E-03
