   0.0000000E+00   2.2321010E+08   1.1489255E+08   3.3804001E+08   1.9100230E-05   9.0380706E-06   1.0157047E-05
   5.0000000E-02   7.2129720E+07   3.6076670E+07   1.0815361E+08   2.7558082E-05   9.7661346E-06   2.1062738E-05
   1.0000000E-01   3.1111067E+07   1.5543804E+07   4.6636345E+07   4.1171068E-05   2.9629695E-05   3.7412991E-05
   1.5000000E-01   1.7397885E+07   8.6753237E+06   2.6063468E+07   4.6545204E-05   8.6617471E-05   5.9721760E-05
   2.0000000E-01   1.0737325E+07   5.3686464E+06   1.6101292E+07   5.2769162E-05   9.8701394E-05   6.1136077E-05
   2.5000000E-01   7.0109408E+06   3.5027202E+06   1.0511420E+07   7.3946665E-05   1.1176630E-04   8.6824243E-05
   3.0000000E-01   4.7316765E+06   2.3534984E+06   7.0838274E+06   1.1245634E-04   1.5332700E-04   1.2605285E-04
   3.5000000E-01   3.2576652E+06   1.6346941E+06   4.8916590E+06   1.8542898E-04   4.6748768E-05   1.3926517E-04
   4.0000000E-01   2.2825047E+06   1.1375997E+06   3.4196349E+06   2.9617895E-04   2.3516633E-04   2.6792746E-04
   4.5000000E-01   1.6108107E+06   8.0562817E+05   2.4161772E+06   3.6836777E-04   3.8041753E-04   3.6154668E-04
   5.0000000E-01   1.1498690E+06   5.7397639E+05   1.7237308E+06   4.3501234E-04   5.4146427E-04   3.7155163E-04
   5.5000000E-01   8.2805713E+05   4.1092070E+05   1.2388737E+06   2.6591146E-04   4.9185893E-04   3.3587571E-04
   6.0000000E-01   5.9308559E+05   2.9602289E+05   8.8902890E+05   6.7588876E-04   8.8756485E-04   7.4140335E-04
   6.5000000E-01   4.3252927E+05   2.1437436E+05   6.4690363E+05   1.0312811E-03   9.6671861E-04   1.0070282E-03
   7.0000000E-01   3.1342156E+05   1.5608098E+05   4.6947070E+05   1.1127295E-03   1.5337488E-03   1.2487455E-03
   7.5000000E-01   2.2488381E+05   1.1193898E+05   3.3681006E+05   1.4241691E-03   1.2871311E-03   1.2915206E-03
   8.0000000E-01   1.6054755E+05   7.9338739E+04   2.3988231E+05   1.1816869E-03   1.7107353E-03   1.3537847E-03
   8.5000000E-01   1.1168558E+05   5.5887726E+04   1.6757330E+05   1.6924038E-03   9.3084146E-04   1.4378535E-03
   9.0000000E-01   7.2454404E+04   3.6368673E+04   1.0882308E+05   2.1616958E-03   1.0082935E-03   1.7048346E-03
   9.5000000E-01   4.1551167E+04   2.0887830E+04   6.2438997E+04   2.7764916E-03   3.2988611E-03   2.9474341E-03
   1.0000000E+00   1.7435522E+04   8.4819760E+03   2.5917498E+04   2.6608157E-03   1.0054740E-02   5.0529794E-03
