   0.0000000E+00   7.3631137E+08   3.5000184E+08   1.0852748E+09   1.2910149E-03   1.7100940E-05   8.8409202E-04
   5.0000000E-02   1.5426182E+08   7.5677284E+07   2.2956630E+08   5.5232081E-04   6.6158937E-05   3.8235753E-04
   1.0000000E-01   4.2000194E+07   2.1672542E+07   6.3622316E+07   3.0267981E-04   2.3873184E-04   2.7892759E-04
   1.5000000E-01   1.4648472E+07   7.9033586E+06   2.2542345E+07   3.3277779E-04   5.6219060E-04   3.9626104E-04
   2.0000000E-01   5.5806567E+06   3.1341905E+06   8.7126509E+06   5.0026407E-04   1.2178157E-03   5.6645350E-04
   2.5000000E-01   2.2255336E+06   1.3050960E+06   3.5301712E+06   1.2785912E-04   2.7217446E-03   9.7436047E-04
   3.0000000E-01   9.2726853E+05   5.5021986E+05   1.4774353E+06   8.8935298E-04   5.3222690E-03   1.4602320E-03
   3.5000000E-01   4.0426265E+05   2.3994199E+05   6.4415917E+05   1.3273725E-03   1.0060009E-02   3.5031423E-03
   4.0000000E-01   1.9200452E+05   1.0419078E+05   2.9618735E+05   5.5538251E-03   2.1497944E-02   4.0753170E-03
   4.5000000E-01   1.0314655E+05   4.9048017E+04   1.5219457E+05   9.9130778E-03   3.8351302E-02   6.7074529E-03
   5.0000000E-01   6.6380344E+04   2.4350706E+04   9.0731050E+04   1.6438110E-02   7.1457530E-02   7.1691372E-03
   5.5000000E-01   4.8574089E+04   1.2952319E+04   6.1526407E+04   2.2265124E-02   1.1108310E-01   5.8127493E-03
   6.0000000E-01   4.0833853E+04   7.0770898E+03   4.7910943E+04   2.3182869E-02   1.7460025E-01   6.0464430E-03
   6.5000000E-01   3.7301022E+04   4.1772051E+03   4.1478227E+04   2.6954300E-02   2.3504178E-01   7.3499722E-04
   7.0000000E-01   3.5004993E+04   2.9193564E+03   3.7924349E+04   2.5783791E-02   3.0353122E-01   5.4211534E-04
   7.5000000E-01   3.3350388E+04   2.0499157E+03   3.5400303E+04   2.7779085E-02   3.6869848E-01   4.8215379E-03
   8.0000000E-01   3.1460953E+04   1.5079931E+03   3.2968946E+04   2.5223901E-02   4.3587102E-01   4.1369567E-03
   8.5000000E-01   3.0190756E+04   1.0410606E+03   3.1231817E+04   2.5371214E-02   4.4956627E-01   9.5464973E-03
   9.0000000E-01   2.7268547E+04   7.1089208E+02   2.7979439E+04   2.6118916E-02   5.0360699E-01   1.2670113E-02
   9.5000000E-01   1.9514071E+04   4.8584141E+02   1.9999913E+04   3.2176822E-02   5.5832879E-01   1.7837428E-02
   1.0000000E+00   9.1107363E+03   1.8234048E+02   9.2930768E+03   4.6865113E-02   5.6333937E-01   3.4895088E-02
