   0.0000000E+00   2.3396693E+08   3.7800394E+08   6.0920183E+08   5.7101356E-02   6.6749059E-07   2.1817555E-02
   5.0000000E-02   3.5935149E+07   1.5776075E+07   5.1573013E+07   1.3682321E-01   1.5523052E-06   9.5105276E-02
   1.0000000E-01   1.7894873E+07   7.7352485E+06   2.5573207E+07   1.1891058E-01   2.4167638E-06   8.3056248E-02
   1.5000000E-01   1.1517407E+07   4.9336971E+06   1.6407835E+07   1.0813348E-01   3.3217197E-06   7.5733212E-02
   2.0000000E-01   8.1695983E+06   3.4850476E+06   1.1624295E+07   9.9249971E-02   4.9719309E-06   6.9599044E-02
   2.5000000E-01   6.1213283E+06   2.5957535E+06   8.6973338E+06   9.3847406E-02   2.7529866E-06   6.5924836E-02
   3.0000000E-01   4.7307640E+06   2.0005034E+06   6.7163386E+06   8.8351298E-02   3.3311276E-06   6.2120757E-02
   3.5000000E-01   3.7579301E+06   1.5746517E+06   5.3213046E+06   8.4484078E-02   2.6074809E-06   5.9553155E-02
   4.0000000E-01   3.0232118E+06   1.2586450E+06   4.2751166E+06   8.2235223E-02   5.6479633E-06   5.8077197E-02
   4.5000000E-01   2.4616106E+06   1.0182592E+06   3.4738360E+06   7.9426765E-02   7.2203448E-06   5.6199169E-02
   5.0000000E-01   2.0129153E+06   8.3117077E+05   2.8404128E+06   7.9571713E-02   1.3429984E-06   5.6339339E-02
   5.5000000E-01   1.6531048E+06   6.7890869E+05   2.3286799E+06   7.8438325E-02   9.0969476E-06   5.5613261E-02
   6.0000000E-01   1.3638836E+06   5.5383268E+05   1.9152228E+06   7.9358637E-02   4.7853670E-06   5.6469886E-02
   6.5000000E-01   1.1251030E+06   4.5594218E+05   1.5793802E+06   7.9960431E-02   1.1305973E-05   5.6939032E-02
   7.0000000E-01   9.2549964E+05   3.6967601E+05   1.2939615E+06   8.3062742E-02   7.8733098E-06   5.9373679E-02
   7.5000000E-01   7.5267131E+05   3.0068401E+05   1.0524598E+06   8.7060849E-02   8.5480657E-06   6.2220172E-02
   8.0000000E-01   6.0461371E+05   2.3986241E+05   8.4389123E+05   9.0696030E-02   1.0095198E-05   6.4943985E-02
   8.5000000E-01   4.7705290E+05   1.8641350E+05   6.6301328E+05   9.6994750E-02   1.5356151E-05   6.9754647E-02
   9.0000000E-01   3.6175919E+05   1.3976987E+05   5.0131331E+05   1.0783345E-01   1.9354169E-05   7.7806873E-02
   9.5000000E-01   2.4942428E+05   9.2705241E+04   3.4201225E+05   1.2146649E-01   4.1912108E-06   8.8546859E-02
   1.0000000E+00   1.3002762E+05   4.5170138E+04   1.7517261E+05   1.4393371E-01   6.0434254E-06   1.0681822E-01
