   0.0000000E+00   6.5418539E+07   3.3760201E+07   9.9174156E+07   1.7224288E-03   3.5415737E-04   1.2117610E-03
   5.0000000E-02   2.4898645E+07   1.2493854E+07   3.7388425E+07   2.5225144E-04   7.0780830E-04   3.6597437E-04
   1.0000000E-01   1.3170008E+07   6.6077631E+06   1.9775384E+07   1.2304007E-04   3.5469708E-04   4.7045288E-05
   1.5000000E-01   8.9434043E+06   4.4934321E+06   1.3434523E+07   4.8689386E-04   4.2111067E-04   4.6447841E-04
   2.0000000E-01   6.7547109E+06   3.3807216E+06   1.0133873E+07   8.6791316E-05   3.0680122E-04   1.1191737E-04
   2.5000000E-01   5.3702825E+06   2.6921886E+06   8.0612361E+06   3.8597598E-04   8.2344748E-05   2.5054268E-04
   3.0000000E-01   4.4192341E+06   2.2128161E+06   6.6311058E+06   3.7599736E-04   3.2338843E-04   2.7739799E-04
   3.5000000E-01   3.7326018E+06   1.8648321E+06   5.5965244E+06   2.3594909E-04   3.4367304E-04   2.4766855E-04
   4.0000000E-01   3.1841493E+06   1.5970880E+06   4.7805370E+06   2.5368861E-04   1.6172838E-04   1.9680946E-04
   4.5000000E-01   2.7550711E+06   1.3814508E+06   4.1359913E+06   1.9942596E-04   4.6805663E-04   2.3441650E-04
   5.0000000E-01   2.3960267E+06   1.2055796E+06   3.6011480E+06   4.0534584E-04   6.5414532E-04   4.3051367E-04
   5.5000000E-01   2.0950346E+06   1.0502490E+06   3.1448727E+06   4.6615112E-04   5.0018259E-04   4.5808612E-04
   6.0000000E-01   1.8329079E+06   9.2029224E+05   2.7528924E+06   4.4087819E-04   7.0492717E-05   3.0326305E-04
   6.5000000E-01   1.6038950E+06   8.0394304E+05   2.4075687E+06   2.1282757E-04   5.6749111E-04   2.6653066E-04
   7.0000000E-01   1.3914098E+06   6.9606187E+05   2.0872580E+06   3.9601660E-04   5.8954814E-04   2.6072438E-04
   7.5000000E-01   1.2043148E+06   6.0148685E+05   1.8055980E+06   6.3961650E-04   2.9285442E-04   3.3042361E-04
   8.0000000E-01   1.0231355E+06   5.0919237E+05   1.5321448E+06   6.2811674E-04   8.1988808E-04   5.9193074E-04
   8.5000000E-01   8.4284339E+05   4.2206393E+05   1.2647912E+06   5.1274388E-04   1.2428674E-04   3.0522883E-04
   9.0000000E-01   6.5761054E+05   3.2826238E+05   9.8584816E+05   7.6034221E-04   3.4703916E-04   4.7796033E-04
   9.5000000E-01   4.5063968E+05   2.2517911E+05   6.7579869E+05   1.8588671E-04   7.7398261E-04   3.7831102E-04
   1.0000000E+00   2.3067328E+05   1.1542152E+05   3.4609480E+05   1.3351753E-03   2.0888721E-03   1.5786446E-03
