   0.0000000E+00   3.0360652E+07   9.0458067E+07   1.2075658E+08   9.0526263E-02   1.5533848E-05   2.2749210E-02
   5.0000000E-02   1.3245256E+07   1.9501701E+07   3.2705322E+07   6.7141906E-02   4.8849468E-05   2.7184447E-02
   1.0000000E-01   8.5586207E+06   9.7642194E+06   1.8299381E+07   3.9156227E-02   1.8912062E-06   1.8289833E-02
   1.5000000E-01   6.6828524E+06   6.2488899E+06   1.2914172E+07   2.6329323E-02   3.9451919E-05   1.3625594E-02
   2.0000000E-01   5.6148750E+06   4.3924218E+06   9.9929887E+06   1.9252829E-02   1.0742100E-04   1.0852156E-02
   2.5000000E-01   4.8707142E+06   3.2419098E+06   8.1003882E+06   1.5475749E-02   7.4747706E-05   9.3191708E-03
   3.0000000E-01   4.2947537E+06   2.4757931E+06   6.7608702E+06   1.2692871E-02   2.1052449E-04   8.1209027E-03
   3.5000000E-01   3.8132888E+06   1.9355060E+06   5.7411462E+06   1.0673558E-02   2.2521267E-04   7.1532629E-03
   4.0000000E-01   3.4049609E+06   1.5294153E+06   4.9270869E+06   9.6017593E-03   2.5336830E-04   6.6998030E-03
   4.5000000E-01   3.0465864E+06   1.2169411E+06   4.2578474E+06   9.0557508E-03   1.7427358E-04   6.5121797E-03
   5.0000000E-01   2.7219824E+06   9.8337383E+05   3.7013965E+06   8.8424143E-03   3.5837135E-04   6.5753994E-03
   5.5000000E-01   2.4363265E+06   7.9833856E+05   3.2306949E+06   8.5683748E-03   3.6895956E-04   6.5276148E-03
   6.0000000E-01   2.1645497E+06   6.4718766E+05   2.8083579E+06   8.0713067E-03   3.4182154E-04   6.2831997E-03
   6.5000000E-01   1.9099719E+06   5.2407519E+05   2.4316819E+06   7.8366513E-03   3.5092318E-04   6.2190007E-03
   7.0000000E-01   1.6685941E+06   4.2940458E+05   2.0958205E+06   8.3272865E-03   5.0032928E-04   6.7215861E-03
   7.5000000E-01   1.4434250E+06   3.4321021E+05   1.7852261E+06   9.1269711E-03   7.6720131E-04   7.5187640E-03
   8.0000000E-01   1.2288433E+06   2.7671076E+05   1.5041535E+06   9.2314249E-03   9.9138672E-04   7.7063121E-03
   8.5000000E-01   1.0156295E+06   2.1421506E+05   1.2289757E+06   1.1012395E-02   7.7678926E-04   9.2319971E-03
   9.0000000E-01   8.0786695E+05   1.6089504E+05   9.6830928E+05   1.2539344E-02   1.4641424E-03   1.0702734E-02
   9.5000000E-01   5.8290917E+05   1.0955221E+05   6.9219333E+05   1.6289107E-02   2.0590589E-03   1.4041933E-02
   1.0000000E+00   3.2953954E+05   5.9870553E+04   3.8937237E+05   2.2896846E-02   3.2703432E-03   1.9876295E-02
