   0.0000000E+00   7.7917676E+07   4.0764547E+07   1.1867102E+08   2.4647271E-03   8.7808627E-04   1.9178367E-03
   5.0000000E-02   3.0275536E+07   1.5269898E+07   4.5524998E+07   5.8006315E-04   5.4319478E-04   5.6258698E-04
   1.0000000E-01   1.5773305E+07   7.9080590E+06   2.3670605E+07   2.0242616E-04   1.5217756E-04   1.7482081E-04
   1.5000000E-01   1.0441562E+07   5.2431792E+06   1.5676656E+07   2.0154135E-04   1.5546689E-04   1.8579969E-04
   2.0000000E-01   7.6475223E+06   3.8207372E+06   1.1462578E+07   2.0005187E-04   3.4530793E-04   2.4928717E-04
   2.5000000E-01   5.8862373E+06   2.9479570E+06   8.8305656E+06   2.5911755E-04   1.4325910E-04   1.8802979E-04
   3.0000000E-01   4.7136813E+06   2.3570210E+06   7.0672434E+06   1.3894063E-04   1.1705082E-04   9.2322630E-05
   3.5000000E-01   3.8505765E+06   1.9213730E+06   5.7697941E+06   1.9189328E-04   3.0966828E-04   1.1528426E-04
   4.0000000E-01   3.1843721E+06   1.5950111E+06   4.7776404E+06   3.9330827E-04   1.9440531E-04   3.1019589E-04
   4.5000000E-01   2.6810464E+06   1.3394621E+06   4.0190797E+06   2.8994596E-04   1.6834464E-04   2.3691546E-04
   5.0000000E-01   2.2676969E+06   1.1338516E+06   3.4006700E+06   8.5705472E-05   1.5213170E-04   1.4695368E-05
   5.5000000E-01   1.9256417E+06   9.6732638E+05   2.8921173E+06   1.3801071E-04   7.6497458E-04   2.8554964E-04
   6.0000000E-01   1.6436355E+06   8.2367458E+05   2.4665462E+06   3.3501317E-04   5.9085227E-04   4.1799630E-04
   6.5000000E-01   1.3980121E+06   7.0014463E+05   2.0975397E+06   1.9783859E-04   7.9571686E-04   3.7563259E-04
   7.0000000E-01   1.1847903E+06   5.9474383E+05   1.7790112E+06   6.6503123E-04   2.6700680E-04   5.2979379E-04
   7.5000000E-01   1.0002952E+06   4.9967013E+05   1.4996385E+06   8.2090421E-04   1.2205587E-03   9.4862639E-04
   8.0000000E-01   8.2857655E+05   4.1568884E+05   1.2440267E+06   9.8948738E-04   1.5013703E-03   1.1316329E-03
   8.5000000E-01   6.6873162E+05   3.3647227E+05   1.0050129E+06   1.2090244E-03   1.0771773E-03   1.1558845E-03
   9.0000000E-01   5.1881682E+05   2.5929877E+05   7.7802010E+05   2.3187342E-03   2.5544749E-03   2.3294034E-03
   9.5000000E-01   3.5674832E+05   1.7862546E+05   5.3533357E+05   3.1799173E-03   4.0996805E-03   3.4019042E-03
   1.0000000E+00   1.9551301E+05   9.7407541E+04   2.9291426E+05   7.7358571E-03   7.9433085E-03   7.7520609E-03
