   0.0000000E+00   4.2861317E+07   4.7837138E+07   9.0678592E+07   8.1955417E-04   5.1765079E-05   3.6595683E-04
   5.0000000E-02   2.7924308E+07   1.8348591E+07   4.6227126E+07   3.1148123E-04   1.1259828E-04   2.2708976E-04
   1.0000000E-01   1.7745776E+07   9.4073622E+06   2.7127483E+07   1.6792867E-04   1.7160102E-04   1.6708253E-04
   1.5000000E-01   1.2254294E+07   6.0756657E+06   1.8308209E+07   5.5361355E-05   1.1448529E-04   5.7344607E-06
   2.0000000E-01   8.9226717E+06   4.3047752E+06   1.3212136E+07   6.6762846E-05   4.1208438E-05   3.6863150E-05
   2.5000000E-01   6.7565475E+06   3.2384975E+06   9.9851265E+06   7.5181410E-05   1.7875288E-04   5.9092133E-05
   3.0000000E-01   5.2608454E+06   2.5015762E+06   7.7554931E+06   2.9138425E-04   7.9840862E-05   2.1903760E-04
   3.5000000E-01   4.1685772E+06   1.9721207E+06   6.1353048E+06   8.4634057E-05   3.9593540E-04   1.5261328E-04
   4.0000000E-01   3.3325056E+06   1.5814351E+06   4.9101608E+06   1.0257409E-04   9.4632885E-05   6.9969525E-05
   4.5000000E-01   2.7010857E+06   1.2784740E+06   3.9765110E+06   3.6533778E-04   3.6942163E-04   3.6216733E-04
   5.0000000E-01   2.2108086E+06   1.0450623E+06   3.2539419E+06   2.4592016E-04   5.1695240E-04   2.8699684E-04
   5.5000000E-01   1.8127227E+06   8.5125323E+05   2.6624307E+06   8.2932263E-04   3.5385789E-04   6.7720504E-04
   6.0000000E-01   1.4952129E+06   7.0513598E+05   2.1992401E+06   5.9530374E-04   3.8090885E-04   5.3214111E-04
   6.5000000E-01   1.2373342E+06   5.8071476E+05   1.8171136E+06   7.1530497E-04   5.4885486E-04   6.4251328E-04
   7.0000000E-01   1.0140080E+06   4.8104809E+05   1.4943922E+06   1.0253133E-03   1.2426823E-03   1.1028232E-03
   7.5000000E-01   8.2870493E+05   3.9129622E+05   1.2194961E+06   1.4867957E-03   1.5142603E-03   1.4009451E-03
   8.0000000E-01   6.7166569E+05   3.1686953E+05   9.8821691E+05   2.0258768E-03   1.8285613E-03   1.9628813E-03
   8.5000000E-01   5.3396296E+05   2.4984705E+05   7.8357408E+05   2.8742520E-03   3.3278417E-03   3.0075715E-03
   9.0000000E-01   4.0897869E+05   1.9350058E+05   6.0235194E+05   4.1203619E-03   3.9471464E-03   4.0611845E-03
   9.5000000E-01   2.9081796E+05   1.3574409E+05   4.2648499E+05   7.2043196E-03   6.9202456E-03   7.0785832E-03
   1.0000000E+00   1.7710290E+05   8.3643979E+04   2.6074060E+05   1.2990298E-02   1.2537029E-02   1.2779760E-02
