   0.0000000E+00   2.4944545E+08   4.2609674E+08   6.7272579E+08   3.0594295E-02   2.1079423E-05   1.1291144E-02
   5.0000000E-02   2.0952303E+07   9.3381935E+06   3.0255418E+07   1.3974517E-01   5.1706113E-04   9.6820797E-02
   1.0000000E-01   1.1365223E+07   4.8678494E+06   1.6212414E+07   1.2386014E-01   8.7665841E-04   8.7000376E-02
   1.5000000E-01   7.9190831E+06   3.3240889E+06   1.1225814E+07   1.1321109E-01   1.3430027E-03   8.0164979E-02
   2.0000000E-01   6.0849869E+06   2.4992737E+06   8.5703823E+06   1.0663531E-01   1.5597241E-03   7.6051843E-02
   2.5000000E-01   4.9394819E+06   2.0058234E+06   6.9337188E+06   1.0239986E-01   2.1522091E-03   7.3480566E-02
   3.0000000E-01   4.1223146E+06   1.6558056E+06   5.7690484E+06   9.9408169E-02   2.2711766E-03   7.1581816E-02
   3.5000000E-01   3.5019908E+06   1.4033373E+06   4.8975978E+06   9.8657099E-02   2.9323088E-03   7.1310124E-02
   4.0000000E-01   3.0240394E+06   1.2025031E+06   4.2196909E+06   9.8011696E-02   3.7630526E-03   7.1233542E-02
   4.5000000E-01   2.6405149E+06   1.0499275E+06   3.6848613E+06   9.8737629E-02   4.1425997E-03   7.1861733E-02
   5.0000000E-01   2.3142529E+06   9.1727997E+05   3.2267964E+06   1.0057763E-01   5.1024456E-03   7.3509484E-02
   5.5000000E-01   2.0293297E+06   8.0477999E+05   2.8296707E+06   1.0319096E-01   5.5586809E-03   7.5490266E-02
   6.0000000E-01   1.7817979E+06   7.0951274E+05   2.4876660E+06   1.0677169E-01   7.0026425E-03   7.8388815E-02
   6.5000000E-01   1.5642189E+06   6.1908335E+05   2.1804031E+06   1.1135723E-01   7.3295651E-03   8.1863390E-02
   7.0000000E-01   1.3705969E+06   5.4399614E+05   1.9123285E+06   1.1572184E-01   9.1122051E-03   8.5428821E-02
   7.5000000E-01   1.1900503E+06   4.7277506E+05   1.6606397E+06   1.2338297E-01   9.8595907E-03   9.1104869E-02
   8.0000000E-01   1.0150743E+06   4.0402676E+05   1.4175811E+06   1.3130173E-01   1.0486120E-02   9.6918846E-02
   8.5000000E-01   8.5058768E+05   3.3987257E+05   1.1892881E+06   1.4011921E-01   1.3204002E-02   1.0391050E-01
   9.0000000E-01   6.8349975E+05   2.7007179E+05   9.5292784E+05   1.5289894E-01   1.5301215E-02   1.1393479E-01
   9.5000000E-01   4.8877656E+05   1.9136120E+05   6.7975914E+05   1.7102645E-01   1.8180874E-02   1.2804096E-01
   1.0000000E+00   2.4797047E+05   9.3880196E+04   3.4180666E+05   1.8959465E-01   2.0545754E-02   1.4316444E-01
