   0.0000000E+00   5.7904388E+07   2.9252933E+07   8.7153247E+07   7.0797940E-03   4.4317299E-03   6.1839321E-03
   5.0000000E-02   2.2190974E+07   1.1112962E+07   3.3296296E+07   1.0209409E-03   1.8189609E-03   1.2796997E-03
   1.0000000E-01   1.1987614E+07   6.0130966E+06   1.7996764E+07   7.8625086E-04   8.8502457E-04   8.0910744E-04
   1.5000000E-01   8.3326525E+06   4.1639389E+06   1.2493748E+07   4.6182881E-04   1.7630266E-04   3.6180964E-04
   2.0000000E-01   6.3786277E+06   3.1871255E+06   9.5630157E+06   4.9192472E-04   1.3514227E-04   3.4151030E-04
   2.5000000E-01   5.1599560E+06   2.5824099E+06   7.7401378E+06   4.4993348E-04   6.8512199E-04   5.0632192E-04
   3.0000000E-01   4.3086214E+06   2.1613347E+06   6.4682160E+06   3.5280574E-04   6.9466577E-04   4.4867206E-04
   3.5000000E-01   3.6742874E+06   1.8352839E+06   5.5079979E+06   1.7383469E-04   6.0495756E-04   1.2189046E-04
   4.0000000E-01   3.1807354E+06   1.5936184E+06   4.7729613E+06   4.2395164E-04   2.9315610E-04   3.7542840E-04
   4.5000000E-01   2.7743890E+06   1.3940558E+06   4.1671928E+06   6.1333866E-04   4.1520000E-04   5.5097358E-04
   5.0000000E-01   2.4417233E+06   1.2223227E+06   3.6631547E+06   5.2638924E-04   3.4050564E-04   4.6174761E-04
   5.5000000E-01   2.1640095E+06   1.0868836E+06   3.2500192E+06   1.9879429E-04   2.7171011E-04   1.0249675E-04
   6.0000000E-01   1.9146658E+06   9.6125341E+05   2.8751606E+06   4.6302999E-04   1.4003352E-04   3.5722203E-04
   6.5000000E-01   1.6886144E+06   8.4405498E+05   2.5320278E+06   1.9312167E-04   2.5822395E-04   1.9740094E-04
   7.0000000E-01   1.4827738E+06   7.4193487E+05   2.2242040E+06   3.4549527E-04   3.8927424E-04   1.8835535E-04
   7.5000000E-01   1.2896219E+06   6.4714522E+05   1.9363172E+06   1.0750834E-03   1.5063502E-03   1.1384446E-03
   8.0000000E-01   1.1038151E+06   5.5144005E+05   1.6549528E+06   7.4099168E-04   7.7338545E-04   7.2902830E-04
   8.5000000E-01   9.2107647E+05   4.6190884E+05   1.3827756E+06   1.3114138E-03   1.7672533E-03   1.4352951E-03
   9.0000000E-01   7.3146551E+05   3.6624382E+05   1.0975608E+06   2.0254644E-03   1.7741900E-03   1.8856847E-03
   9.5000000E-01   5.1128944E+05   2.5504998E+05   7.6625901E+05   1.9837478E-03   2.3162745E-03   2.0925644E-03
   1.0000000E+00   2.7612007E+05   1.3755388E+05   4.1366767E+05   4.5949391E-03   7.0277006E-03   5.3960491E-03
