   0.0000000E+00   4.7808617E+07   3.0415656E+07   7.8208994E+07   7.5283316E-03   1.4752638E-03   5.1806989E-03
   5.0000000E-02   2.3763170E+07   1.2576360E+07   3.6314893E+07   2.5485835E-03   1.3315913E-03   2.1287849E-03
   1.0000000E-01   1.3658232E+07   6.8858704E+06   2.0531497E+07   7.7704165E-04   6.9106764E-04   7.2125197E-04
   1.5000000E-01   9.4457398E+06   4.7174162E+06   1.4152461E+07   5.9360234E-04   5.0613260E-04   5.6220381E-04
   2.0000000E-01   7.1219450E+06   3.5450331E+06   1.0659116E+07   5.1672534E-04   4.6618120E-04   4.9559545E-04
   2.5000000E-01   5.6572452E+06   2.8120896E+06   8.4637071E+06   3.7379686E-04   4.4912548E-04   3.8086462E-04
   3.0000000E-01   4.6040130E+06   2.2899107E+06   6.8886504E+06   6.5054153E-04   2.1196119E-04   4.9929716E-04
   3.5000000E-01   3.8551056E+06   1.9190630E+06   5.7698214E+06   3.8968199E-04   4.2070079E-04   3.6012986E-04
   4.0000000E-01   3.2480341E+06   1.6176031E+06   4.8621596E+06   5.5316742E-04   2.8226688E-04   4.5729474E-04
   4.5000000E-01   2.7762847E+06   1.3829716E+06   4.1563702E+06   6.3659370E-04   5.2078635E-04   5.2937950E-04
   5.0000000E-01   2.3923853E+06   1.1863791E+06   3.5768100E+06   7.6634466E-04   8.4098797E-04   7.2620693E-04
   5.5000000E-01   2.0671623E+06   1.0258838E+06   3.0911652E+06   1.1946831E-03   6.8288357E-04   9.9800200E-04
   6.0000000E-01   1.7938566E+06   8.8950106E+05   2.6817661E+06   9.3175090E-04   1.6678802E-03   1.1741368E-03
   6.5000000E-01   1.5516725E+06   7.7005038E+05   2.3206162E+06   1.0502478E-03   9.7447652E-04   1.0216672E-03
   7.0000000E-01   1.3373926E+06   6.6159800E+05   1.9980493E+06   1.7482448E-03   2.0078225E-03   1.8300036E-03
   7.5000000E-01   1.1440821E+06   5.6553481E+05   1.7088530E+06   2.5013139E-03   1.6800209E-03   2.2283731E-03
   8.0000000E-01   9.6357177E+05   4.8102592E+05   1.4440924E+06   1.9564565E-03   1.8816035E-03   1.8920609E-03
   8.5000000E-01   7.9975172E+05   3.9517236E+05   1.1944859E+06   3.7686762E-03   3.1597653E-03   3.5423464E-03
   9.0000000E-01   6.3195830E+05   3.1379696E+05   9.4549708E+05   5.1424483E-03   4.5607479E-03   4.9491410E-03
   9.5000000E-01   4.5608781E+05   2.2646241E+05   6.8238938E+05   7.2246256E-03   6.8878621E-03   7.1139034E-03
   1.0000000E+00   2.7708836E+05   1.3723950E+05   4.1428385E+05   1.2822299E-02   1.3720808E-02   1.3124891E-02
