   0.0000000E+00   3.2134020E+07   1.5604824E+07   4.7730695E+07   8.9625355E-02   1.2593677E-04   6.0375660E-02
   5.0000000E-02   1.4106539E+07   6.8627611E+06   2.0958796E+07   6.0297377E-02   2.1904774E-04   4.0504020E-02
   1.0000000E-01   8.5777512E+06   4.2462221E+06   1.2817480E+07   3.1460747E-02   1.6397313E-04   2.1093282E-02
   1.5000000E-01   6.4474304E+06   3.2132322E+06   9.6533627E+06   2.0403882E-02   5.2918737E-04   1.3788477E-02
   2.0000000E-01   5.2534341E+06   2.6283961E+06   7.8753049E+06   1.4836364E-02   8.0123015E-04   1.0156480E-02
   2.5000000E-01   4.5007363E+06   2.2454980E+06   6.7414723E+06   1.2137011E-02   5.4572430E-04   8.2598286E-03
   3.0000000E-01   3.9382785E+06   1.9734789E+06   5.9067811E+06   1.0394130E-02   7.9962031E-04   7.1902525E-03
   3.5000000E-01   3.4945333E+06   1.7561975E+06   5.2459561E+06   9.0497696E-03   1.3593282E-03   6.4798628E-03
   4.0000000E-01   3.1368484E+06   1.5704694E+06   4.7030604E+06   8.2409169E-03   1.5284584E-03   5.9961833E-03
   4.5000000E-01   2.8330712E+06   1.4217629E+06   4.2507385E+06   8.7123513E-03   1.4515382E-03   6.2931935E-03
   5.0000000E-01   2.5685634E+06   1.2921853E+06   3.8572856E+06   8.5256295E-03   1.6422002E-03   6.2225529E-03
   5.5000000E-01   2.3297853E+06   1.1704775E+06   3.4969698E+06   8.9889770E-03   2.0997084E-03   6.6848762E-03
   6.0000000E-01   2.1106863E+06   1.0633672E+06   3.1713638E+06   8.9500788E-03   2.3035603E-03   6.7177796E-03
   6.5000000E-01   1.9110199E+06   9.6126647E+05   2.8697007E+06   1.0403985E-02   2.1197058E-03   7.6186797E-03
   7.0000000E-01   1.7241937E+06   8.6541182E+05   2.5873001E+06   1.1445719E-02   2.8783132E-03   8.5782411E-03
   7.5000000E-01   1.5428905E+06   7.7763954E+05   2.3185310E+06   1.3341780E-02   3.5268955E-03   1.0067177E-02
   8.0000000E-01   1.3595891E+06   6.8090066E+05   2.0388544E+06   1.4527474E-02   4.2934307E-03   1.1108799E-02
   8.5000000E-01   1.1753424E+06   5.9161450E+05   1.7656013E+06   1.7457742E-02   4.7256991E-03   1.3184877E-02
   9.0000000E-01   9.7923792E+05   4.9419025E+05   1.4726572E+06   2.1675352E-02   6.6452009E-03   1.6639653E-02
   9.5000000E-01   7.4823597E+05   3.7827947E+05   1.1258755E+06   2.9295727E-02   8.8398149E-03   2.2431226E-02
   1.0000000E+00   4.6006389E+05   2.3467848E+05   6.9460404E+05   4.2249091E-02   1.4171346E-02   3.2765255E-02
