   0.0000000E+00   1.8686318E+08   9.9205732E+07   2.8594821E+08   2.9711070E-05   6.0125046E-05   3.7482135E-05
   5.0000000E-02   6.6245508E+07   3.3047251E+07   9.9193700E+07   3.7273414E-05   5.1855191E-05   3.7840465E-05
   1.0000000E-01   2.9705761E+07   1.4866186E+07   4.4535691E+07   7.3886360E-06   6.5339971E-06   4.8009661E-06
   1.5000000E-01   1.7018396E+07   8.5005928E+06   2.5500187E+07   3.6594762E-05   1.8706923E-05   2.7208758E-05
   2.0000000E-01   1.0762630E+07   5.3754264E+06   1.6127775E+07   2.3100976E-05   4.9346728E-05   1.6252338E-05
   2.5000000E-01   7.1493546E+06   3.5705711E+06   1.0714400E+07   5.2254988E-05   6.6402676E-05   3.4021465E-05
   3.0000000E-01   4.9146091E+06   2.4527050E+06   7.3639295E+06   2.5677273E-05   1.0704116E-04   3.9976171E-05
   3.5000000E-01   3.4425396E+06   1.7254579E+06   5.1656965E+06   7.4543907E-05   8.5647404E-05   7.8485398E-05
   4.0000000E-01   2.4564053E+06   1.2266867E+06   3.6819064E+06   1.2744831E-04   1.1909797E-04   1.0446229E-04
   4.5000000E-01   1.7674970E+06   8.8315432E+05   2.6500005E+06   8.6736494E-05   1.0196496E-04   8.1745716E-05
   5.0000000E-01   1.2860420E+06   6.4181459E+05   1.9274873E+06   1.6112915E-04   1.6911160E-04   1.6051766E-04
   5.5000000E-01   9.4183265E+05   4.6846534E+05   1.4101128E+06   7.8720332E-06   1.2758714E-04   4.3398640E-05
   6.0000000E-01   6.8973508E+05   3.4406116E+05   1.0336583E+06   3.3066429E-04   1.6259589E-04   2.5850507E-04
   6.5000000E-01   5.0698440E+05   2.5292904E+05   7.5983018E+05   5.9391992E-04   5.1492917E-04   4.9129267E-04
   7.0000000E-01   3.7081283E+05   1.8812569E+05   5.5891578E+05   3.6908427E-04   5.3245913E-04   4.2180591E-04
   7.5000000E-01   2.7701024E+05   1.3674593E+05   4.1373495E+05   4.8597121E-04   1.4072537E-03   6.0877624E-04
   8.0000000E-01   1.9644495E+05   9.8047403E+04   2.9446450E+05   7.6120781E-04   1.1046319E-03   8.6625017E-04
   8.5000000E-01   1.4059935E+05   6.8597653E+04   2.0918951E+05   1.7695225E-03   9.7116241E-04   1.0287685E-03
   9.0000000E-01   9.2946487E+04   4.6498001E+04   1.3944095E+05   1.9447961E-03   1.3948765E-03   1.5524748E-03
   9.5000000E-01   5.4836417E+04   2.7277482E+04   8.2113899E+04   2.9464185E-03   1.2414819E-03   1.6085304E-03
   1.0000000E+00   2.6521108E+04   1.2644369E+04   3.9165477E+04   4.0532861E-03   8.1764751E-03   5.3814656E-03
