   0.0000000E+00   2.0050773E+08   1.0583727E+08   3.0627777E+08   2.0849363E-05   5.1730383E-06   1.3235194E-05
   5.0000000E-02   6.8512065E+07   3.4311514E+07   1.0275266E+08   2.3659657E-05   7.3758385E-06   1.3649107E-05
   1.0000000E-01   3.0252394E+07   1.5071782E+07   4.5300176E+07   2.2338982E-05   3.2686336E-05   2.5387338E-05
   1.5000000E-01   1.7098228E+07   8.5681170E+06   2.5652997E+07   4.7337863E-05   3.0639005E-05   4.2077542E-05
   2.0000000E-01   1.0727218E+07   5.3692034E+06   1.6088687E+07   7.9223918E-06   4.5965351E-05   1.9397634E-05
   2.5000000E-01   7.0739534E+06   3.5420124E+06   1.0612668E+07   8.4594113E-05   4.7008075E-05   7.1878301E-05
   3.0000000E-01   4.8304798E+06   2.4147731E+06   7.2430566E+06   4.0998767E-05   7.7888157E-05   5.0980270E-05
   3.5000000E-01   3.3747396E+06   1.6848961E+06   5.0583897E+06   1.1655198E-04   1.6481469E-04   1.3191369E-04
   4.0000000E-01   2.3902049E+06   1.1952377E+06   3.5847025E+06   1.5072648E-04   8.2775373E-05   1.2778887E-04
   4.5000000E-01   1.7079589E+06   8.5075744E+05   2.5582636E+06   1.7288651E-04   2.1896786E-04   1.8673685E-04
   5.0000000E-01   1.2406828E+06   6.1895994E+05   1.8594709E+06   1.6181132E-04   2.7970392E-04   1.9724781E-04
   5.5000000E-01   9.0154041E+05   4.4920470E+05   1.3505946E+06   4.1953498E-04   5.8674107E-04   4.5305911E-04
   6.0000000E-01   6.5721442E+05   3.3073989E+05   9.8783760E+05   4.2663351E-04   1.6724155E-04   2.8845895E-04
   6.5000000E-01   4.7965382E+05   2.4133766E+05   7.2093761E+05   3.5666929E-04   5.8236105E-04   4.1097577E-04
   7.0000000E-01   3.5160510E+05   1.7614360E+05   5.2771687E+05   6.1601962E-04   9.0847848E-04   5.1061174E-04
   7.5000000E-01   2.5705433E+05   1.2864388E+05   3.8565577E+05   1.0160562E-03   1.7516166E-03   1.1885515E-03
   8.0000000E-01   1.8418206E+05   9.2524726E+04   2.7669087E+05   1.1743875E-03   9.8648277E-04   1.0777785E-03
   8.5000000E-01   1.2960455E+05   6.5553112E+04   1.9514268E+05   1.3382373E-03   1.2357059E-03   1.2347861E-03
   9.0000000E-01   8.6431744E+04   4.3024886E+04   1.2945663E+05   1.0881643E-03   7.6284227E-04   8.0582227E-04
   9.5000000E-01   4.8949359E+04   2.4680743E+04   7.3626752E+04   3.4912217E-03   1.5395118E-03   2.7366679E-03
   1.0000000E+00   2.2383866E+04   1.0871265E+04   3.3255131E+04   8.7498544E-03   5.6012830E-03   4.5031772E-03
