   0.0000000E+00   5.7703216E+06   4.8664489E+08   4.9223746E+08   3.5698536E-03   2.7306286E-06   4.0640634E-05
   5.0000000E-02   4.2435164E+06   9.1969212E+07   9.6151804E+07   6.0377848E-04   4.5654463E-05   4.8063204E-05
   1.0000000E-01   2.8568631E+06   1.8828635E+07   2.1675662E+07   2.3967243E-04   1.5871657E-04   1.6506704E-04
   1.5000000E-01   2.1273286E+06   4.7176284E+06   6.8432381E+06   1.9820781E-04   5.2954504E-04   3.6866744E-04
   2.0000000E-01   1.8266849E+06   1.2499711E+06   3.0762900E+06   4.8447584E-04   1.5746668E-03   9.2246693E-04
   2.5000000E-01   1.7385449E+06   3.4872758E+05   2.0870306E+06   3.0500657E-04   4.5621142E-03   5.0823450E-04
   3.0000000E-01   1.7412293E+06   9.9928084E+04   1.8408603E+06   9.7707141E-05   1.2140289E-02   5.6469520E-04
   3.5000000E-01   1.7716219E+06   2.8966200E+04   1.8002425E+06   5.1379344E-05   3.1877076E-02   4.8941116E-04
   4.0000000E-01   1.8232472E+06   9.7721135E+03   1.8326771E+06   7.2794541E-05   7.6264060E-02   3.5619715E-04
   4.5000000E-01   1.9051200E+06   3.7348360E+03   1.9085224E+06   7.5732575E-05   1.4847422E-01   2.1605960E-04
   5.0000000E-01   2.0120241E+06   1.8971269E+03   2.0134756E+06   6.6902014E-05   2.7107978E-01   2.0035456E-04
   5.5000000E-01   2.1647271E+06   1.1054034E+03   2.1651149E+06   3.7455583E-05   3.5428066E-01   1.4480037E-04
   6.0000000E-01   2.3771754E+06   8.8065735E+02   2.3772762E+06   4.4406917E-05   3.9616521E-01   1.0294222E-04
   6.5000000E-01   2.6573097E+06   6.1703147E+02   2.6569767E+06   5.5959618E-05   4.6607465E-01   5.3299410E-05
   7.0000000E-01   2.9993749E+06   4.6837026E+02   2.9984473E+06   4.3798121E-05   4.9346781E-01   3.3778212E-05
   7.5000000E-01   3.2861464E+06   3.2679815E+02   3.2846270E+06   4.4563389E-05   5.1907758E-01   9.8790667E-06
   8.0000000E-01   3.2607346E+06   2.6658453E+02   3.2589441E+06   2.4748382E-05   5.8549530E-01   2.4341871E-05
   8.5000000E-01   2.6314678E+06   2.2843415E+02   2.6303743E+06   2.8514924E-05   5.9920953E-01   3.3359951E-05
   9.0000000E-01   1.5616248E+06   1.5915494E+02   1.5613913E+06   2.8017079E-05   6.4545183E-01   4.5806549E-05
   9.5000000E-01   6.0313692E+05   8.3765760E+01   6.0313022E+05   6.0579687E-05   6.9251534E-01   1.5673596E-04
   1.0000000E+00   1.4595412E+05   3.7725616E+01   1.4599185E+05   1.6038840E-04   7.2241036E-01   3.4688639E-04
