   0.0000000E+00   5.4143238E+07   2.7795329E+07   8.1932455E+07   1.0084870E-02   5.7440187E-03   8.5913217E-03
   5.0000000E-02   2.1551871E+07   1.0838133E+07   3.2382683E+07   1.9976818E-03   2.0689768E-03   2.0022263E-03
   1.0000000E-01   1.1901861E+07   5.9300495E+06   1.7827964E+07   7.1348073E-04   8.5405512E-04   7.2208293E-04
   1.5000000E-01   8.2651072E+06   4.1434186E+06   1.2404791E+07   3.4848692E-04   4.8723020E-04   3.9152945E-04
   2.0000000E-01   6.3467012E+06   3.1877621E+06   9.5313121E+06   3.6347019E-04   6.6622433E-05   2.4967732E-04
   2.5000000E-01   5.1510179E+06   2.5676785E+06   7.7160354E+06   3.7118723E-04   7.1423941E-04   4.4373507E-04
   3.0000000E-01   4.3005151E+06   2.1510109E+06   6.4492129E+06   5.9440189E-04   1.4290212E-04   3.7356293E-04
   3.5000000E-01   3.6700220E+06   1.8366844E+06   5.5049239E+06   2.3288180E-04   3.6680117E-04   2.4138114E-04
   4.0000000E-01   3.1848177E+06   1.5934036E+06   4.7765979E+06   1.6025502E-04   4.7482931E-04   1.0540170E-04
   4.5000000E-01   2.7866687E+06   1.3930585E+06   4.1783195E+06   2.3081721E-04   4.4524676E-04   2.5322200E-04
   5.0000000E-01   2.4612421E+06   1.2320120E+06   3.6922992E+06   7.1689173E-04   6.4347570E-04   6.8757538E-04
   5.5000000E-01   2.1611679E+06   1.0866116E+06   3.2466104E+06   6.3848061E-04   4.2318466E-04   5.5974074E-04
   6.0000000E-01   1.9238119E+06   9.6592196E+05   2.8888850E+06   3.9293858E-04   1.3155942E-03   5.8800055E-04
   6.5000000E-01   1.6974291E+06   8.4863374E+05   2.5454262E+06   5.2903062E-04   5.9864757E-04   5.0871746E-04
   7.0000000E-01   1.4845109E+06   7.4874216E+05   2.2326210E+06   8.6627090E-04   1.2359113E-03   8.0318152E-04
   7.5000000E-01   1.2974226E+06   6.5298939E+05   1.9499749E+06   6.5478957E-04   9.5031269E-04   7.5089031E-04
   8.0000000E-01   1.1129188E+06   5.5884075E+05   1.6714014E+06   1.6039237E-03   1.5657608E-03   1.5897692E-03
   8.5000000E-01   9.3004157E+05   4.6599444E+05   1.3956765E+06   1.9587156E-03   1.4882877E-03   1.7844122E-03
   9.0000000E-01   7.4299894E+05   3.7144642E+05   1.1142544E+06   2.3324670E-03   3.2684320E-03   2.6375167E-03
   9.5000000E-01   5.2588479E+05   2.6191543E+05   7.8768629E+05   3.3117911E-03   4.5906402E-03   3.7307133E-03
   1.0000000E+00   2.9217861E+05   1.4670235E+05   4.3883694E+05   7.8915256E-03   8.4309275E-03   8.0629393E-03
