   0.0000000E+00   3.2469676E+09   1.6625585E+09   4.6948870E+09   1.0181059E-04   2.6440988E-09   6.8217447E-05
   5.0000000E-02   3.0939721E+04   7.1938034E+03   3.8133524E+04   3.4341267E-01   1.5920478E-05   2.7863165E-01
   1.0000000E-01   3.8197186E+02   0.0000000E+00   3.8197186E+02   3.1049208E-07   0.0000000E+00   3.1049208E-07
   1.5000000E-01   5.7295780E+02   0.0000000E+00   5.7295780E+02   3.8627392E-05   0.0000000E+00   3.8627392E-05
   2.0000000E-01   5.5704230E+02   0.0000000E+00   5.5704230E+02   1.4835113E-07   0.0000000E+00   1.4835113E-07
   2.5000000E-01   6.4935217E+02   0.0000000E+00   6.4935217E+02   2.3605257E-07   0.0000000E+00   2.3605257E-07
   3.0000000E-01   6.0478878E+02   0.0000000E+00   6.0478878E+02   1.5070074E-06   0.0000000E+00   1.5070074E-06
   3.5000000E-01   6.4571434E+02   0.0000000E+00   6.4571434E+02   3.1203811E-06   0.0000000E+00   3.1203811E-06
   4.0000000E-01   5.3316906E+02   0.0000000E+00   5.3316906E+02   2.9593908E-06   0.0000000E+00   2.9593908E-06
   4.5000000E-01   5.4466358E+02   0.0000000E+00   5.4466358E+02   4.7915486E-06   0.0000000E+00   4.7915486E-06
   5.0000000E-01   6.2388738E+02   0.0000000E+00   6.2388738E+02   7.8154767E-08   0.0000000E+00   7.8154767E-08
   5.5000000E-01   6.3083232E+02   0.0000000E+00   6.3083232E+02   1.9879296E-07   0.0000000E+00   1.9879296E-07
   6.0000000E-01   7.0028175E+02   0.0000000E+00   7.0028175E+02   9.0853492E-07   0.0000000E+00   9.0853492E-07
   6.5000000E-01   7.8842910E+02   0.0000000E+00   7.8842910E+02   1.6185618E-06   0.0000000E+00   1.6185618E-06
   7.0000000E-01   7.0482903E+02   0.0000000E+00   7.0482903E+02   4.6275684E-06   0.0000000E+00   4.6275684E-06
   7.5000000E-01   7.6394373E+02   0.0000000E+00   7.6394373E+02   2.0015178E-05   0.0000000E+00   2.0015178E-05
   8.0000000E-01   1.0066550E+03   0.0000000E+00   1.0066550E+03   1.6581306E-06   0.0000000E+00   1.6581306E-06
   8.5000000E-01   1.0635295E+03   0.0000000E+00   1.0635295E+03   3.5319648E-05   0.0000000E+00   3.5319648E-05
   9.0000000E-01   1.3899532E+03   0.0000000E+00   1.3899532E+03   6.7365955E-06   0.0000000E+00   6.7365955E-06
   9.5000000E-01   2.2717274E+03   0.0000000E+00   2.2717274E+03   5.4424406E-06   0.0000000E+00   5.4424406E-06
   1.0000000E+00   2.7916956E+03   0.0000000E+00   2.7916956E+03   1.6194664E-05   0.0000000E+00   1.6194664E-05
