   0.0000000E+00   5.5984343E+07   2.8798641E+07   8.4774326E+07   8.2020574E-03   5.5236650E-03   7.2938393E-03
   5.0000000E-02   2.2315815E+07   1.1199479E+07   3.3504662E+07   2.1564981E-03   1.7775984E-03   2.0265200E-03
   1.0000000E-01   1.2160552E+07   6.0863715E+06   1.8241385E+07   1.0544343E-03   4.3451109E-04   8.4494031E-04
   1.5000000E-01   8.4359335E+06   4.2134043E+06   1.2644839E+07   6.7690523E-04   5.4113375E-04   6.1168635E-04
   2.0000000E-01   6.4675635E+06   3.2539865E+06   9.7180963E+06   2.4015086E-04   3.0250690E-04   2.5123443E-04
   2.5000000E-01   5.2104145E+06   2.6152086E+06   7.8225164E+06   3.4438872E-04   7.8769245E-04   4.8423391E-04
   3.0000000E-01   4.3476462E+06   2.1711599E+06   6.5162490E+06   2.6777440E-04   4.3068024E-04   2.8175355E-04
   3.5000000E-01   3.6908122E+06   1.8480344E+06   5.5369459E+06   1.3532751E-04   7.9511132E-04   2.2233777E-04
   4.0000000E-01   3.1809344E+06   1.5957670E+06   4.7750143E+06   1.5106450E-04   5.5853686E-04   2.7463912E-04
   4.5000000E-01   2.7828985E+06   1.3927543E+06   4.1739763E+06   4.7976414E-04   6.2303565E-04   5.1724037E-04
   5.0000000E-01   2.4413732E+06   1.2201646E+06   3.6606146E+06   1.0271073E-03   7.0377351E-04   8.8503016E-04
   5.5000000E-01   2.1492168E+06   1.0771317E+06   3.2252373E+06   4.8262951E-04   7.4874529E-04   5.6242653E-04
   6.0000000E-01   1.9001827E+06   9.5275454E+05   2.8520035E+06   4.6299582E-04   2.4902279E-04   3.9123194E-04
   6.5000000E-01   1.6717341E+06   8.3492193E+05   2.5059558E+06   7.9081362E-04   3.6150309E-04   5.9331315E-04
   7.0000000E-01   1.4659625E+06   7.3285395E+05   2.1981662E+06   6.6524839E-04   4.7062736E-04   5.3186140E-04
   7.5000000E-01   1.2726029E+06   6.3656035E+05   1.9086200E+06   7.9330689E-04   9.4816057E-04   7.6057875E-04
   8.0000000E-01   1.0923361E+06   5.4759248E+05   1.6395506E+06   1.2341832E-03   3.3190424E-04   8.6786930E-04
   8.5000000E-01   9.0744906E+05   4.5391739E+05   1.3610107E+06   2.2520036E-03   1.6428589E-03   2.0391774E-03
   9.0000000E-01   7.2184901E+05   3.5968663E+05   1.0813376E+06   2.4032563E-03   2.4154940E-03   2.3910669E-03
   9.5000000E-01   5.0802593E+05   2.5612889E+05   7.6403084E+05   4.1826969E-03   3.9162589E-03   4.0899474E-03
   1.0000000E+00   2.8484098E+05   1.4051534E+05   4.2533117E+05   8.7755605E-03   7.3746944E-03   8.3053528E-03
