   0.0000000E+00   4.1021741E+07   7.3397167E+07   1.1440108E+08   1.7450643E-04   3.4034904E-05   8.3950985E-05
   5.0000000E-02   3.1358999E+07   2.5235671E+07   5.6559401E+07   1.1026399E-05   3.5161762E-05   1.5472225E-05
   1.0000000E-01   2.1192563E+07   1.1772850E+07   3.2943132E+07   7.5575641E-05   5.0306681E-05   3.8760948E-05
   1.5000000E-01   1.4687561E+07   7.1741955E+06   2.1845523E+07   2.9325364E-05   2.2234405E-05   1.5801205E-05
   2.0000000E-01   1.0467239E+07   4.8265965E+06   1.5283649E+07   8.1123450E-05   1.6824130E-05   6.0297852E-05
   2.5000000E-01   7.6515203E+06   3.4328321E+06   1.1077719E+07   3.6906626E-05   1.9895914E-04   4.9365929E-05
   3.0000000E-01   5.6894391E+06   2.5192318E+06   8.2039599E+06   6.0674534E-05   5.3097687E-05   5.7989524E-05
   3.5000000E-01   4.3117166E+06   1.9011558E+06   6.2097348E+06   9.0272825E-05   1.3436761E-04   1.0397142E-04
   4.0000000E-01   3.3097623E+06   1.4510077E+06   4.7584782E+06   2.0598321E-05   1.5113990E-04   4.9991078E-05
   4.5000000E-01   2.5638517E+06   1.1162279E+06   3.6784527E+06   1.0930979E-04   4.5736532E-04   1.6347462E-04
   5.0000000E-01   2.0025894E+06   8.7339776E+05   2.8750258E+06   2.4301821E-04   1.2933874E-04   1.8878525E-04
   5.5000000E-01   1.5666634E+06   6.8359652E+05   2.2496754E+06   1.6884378E-04   2.4464384E-04   9.6565087E-05
   6.0000000E-01   1.2376843E+06   5.3454840E+05   1.7717075E+06   3.3354896E-04   3.6209009E-04   3.3564551E-04
   6.5000000E-01   9.7785287E+05   4.2101624E+05   1.3986145E+06   2.3118854E-04   2.0737648E-04   1.5399256E-04
   7.0000000E-01   7.6900031E+05   3.3367061E+05   1.1025163E+06   6.2792606E-04   1.7040239E-04   4.8602646E-04
   7.5000000E-01   6.0466995E+05   2.6335262E+05   8.6787403E+05   6.7695855E-04   8.9303664E-04   6.5121097E-04
   8.0000000E-01   4.6448574E+05   2.0328065E+05   6.6769478E+05   1.3881807E-03   7.0104814E-04   1.1610446E-03
   8.5000000E-01   3.5435754E+05   1.5307335E+05   5.0735974E+05   1.1576888E-03   1.5090583E-03   1.2029612E-03
   9.0000000E-01   2.5860910E+05   1.1128821E+05   3.6988316E+05   1.9192848E-03   1.5646993E-03   1.7742161E-03
   9.5000000E-01   1.7072132E+05   7.3978568E+04   2.4468984E+05   2.6316214E-03   3.9562404E-03   3.0188044E-03
   1.0000000E+00   9.7017710E+04   4.2082925E+04   1.3910063E+05   4.6996258E-03   4.4168165E-03   4.4828759E-03
