   0.0000000E+00   6.0366324E+07   4.2856734E+07   1.0319963E+08   1.6550459E-03   2.2173874E-04   1.0376081E-03
   5.0000000E-02   3.1237786E+07   1.6906775E+07   4.8101971E+07   4.9698723E-04   2.6766128E-04   4.1414156E-04
   1.0000000E-01   1.7536869E+07   8.7809920E+06   2.6295134E+07   1.3864842E-04   1.7150288E-04   1.4312682E-04
   1.5000000E-01   1.1651521E+07   5.7839665E+06   1.7417875E+07   3.6758255E-05   2.1519722E-04   8.2704297E-05
   2.0000000E-01   8.4107340E+06   4.1607240E+06   1.2559792E+07   7.6687260E-05   1.7374195E-04   8.4240596E-05
   2.5000000E-01   6.4062411E+06   3.1431828E+06   9.5405749E+06   1.8404955E-04   3.2093032E-04   2.1033715E-04
   3.0000000E-01   5.0033646E+06   2.4658724E+06   7.4636135E+06   1.3342650E-04   4.4908808E-04   2.3002867E-04
   3.5000000E-01   3.9986270E+06   1.9734213E+06   5.9672190E+06   1.8690049E-04   2.2092560E-04   1.8710456E-04
   4.0000000E-01   3.2439915E+06   1.5936980E+06   4.8341245E+06   2.6664124E-04   1.1124563E-04   2.1597273E-04
   4.5000000E-01   2.6592457E+06   1.3074331E+06   3.9640050E+06   8.3586626E-05   3.5153893E-04   1.6257736E-04
   5.0000000E-01   2.2033219E+06   1.0788031E+06   3.2805781E+06   3.7930350E-04   1.9696941E-04   3.1848108E-04
   5.5000000E-01   1.8322496E+06   9.0004725E+05   2.7308963E+06   5.0938411E-04   7.1248658E-04   5.5052049E-04
   6.0000000E-01   1.5266832E+06   7.5531753E+05   2.2807752E+06   5.3714781E-04   5.4646098E-04   5.0024057E-04
   6.5000000E-01   1.2729016E+06   6.2333890E+05   1.8953934E+06   7.4418826E-04   8.6408977E-04   6.7837030E-04
   7.0000000E-01   1.0583031E+06   5.2159622E+05   1.5792217E+06   8.8527807E-04   1.0280230E-03   9.3549322E-04
   7.5000000E-01   8.7274629E+05   4.3013003E+05   1.3023416E+06   1.4006468E-03   1.0412563E-03   1.2869016E-03
   8.0000000E-01   7.1401284E+05   3.5071781E+05   1.0643726E+06   1.6374928E-03   1.2526903E-03   1.5074128E-03
   8.5000000E-01   5.7048247E+05   2.8070438E+05   8.5093969E+05   2.4849140E-03   2.3093917E-03   2.4224901E-03
   9.0000000E-01   4.3841528E+05   2.1563019E+05   6.5393583E+05   3.2235612E-03   3.2957794E-03   3.2402991E-03
   9.5000000E-01   3.0745719E+05   1.4946492E+05   4.5685175E+05   6.6740832E-03   4.3595952E-03   5.9029044E-03
   1.0000000E+00   1.8308870E+05   8.9409710E+04   2.7249213E+05   1.2215320E-02   1.2125770E-02   1.2185864E-02
