   0.0000000E+00   6.2853725E+07   3.1324239E+07   9.4176436E+07   2.7492327E-03   1.8520468E-03   2.3690886E-03
   5.0000000E-02   2.2848857E+07   1.1461320E+07   3.4307440E+07   3.3472117E-04   7.5682086E-04   3.6951914E-04
   1.0000000E-01   1.2157082E+07   6.1117726E+06   1.8266690E+07   2.4268892E-04   2.6573111E-04   1.3409928E-04
   1.5000000E-01   8.3679001E+06   4.1969371E+06   1.2563521E+07   1.9168616E-04   1.9520665E-04   7.4795125E-05
   2.0000000E-01   6.3781980E+06   3.1966429E+06   9.5737905E+06   3.0801556E-04   2.2756310E-04   2.6876547E-04
   2.5000000E-01   5.1413031E+06   2.5909661E+06   7.7313906E+06   5.4541926E-04   1.4013916E-04   4.1057186E-04
   3.0000000E-01   4.2826155E+06   2.1503000E+06   6.4321621E+06   3.6071114E-04   1.8768328E-04   1.8615148E-04
   3.5000000E-01   3.6553434E+06   1.8302909E+06   5.4848613E+06   5.6168650E-04   4.4198051E-04   5.0803246E-04
   4.0000000E-01   3.1676529E+06   1.5889711E+06   4.7559953E+06   2.6314568E-04   2.8994309E-04   2.2387925E-04
   4.5000000E-01   2.7799417E+06   1.3884324E+06   4.1677516E+06   4.7607537E-04   1.7314087E-04   2.9986101E-04
   5.0000000E-01   2.4429074E+06   1.2217243E+06   3.6642561E+06   5.3185440E-04   3.8854492E-04   4.3734719E-04
   5.5000000E-01   2.1521915E+06   1.0760379E+06   3.2278243E+06   3.8439461E-04   3.1061766E-04   3.5534716E-04
   6.0000000E-01   1.9034560E+06   9.5804379E+05   2.8610754E+06   3.5902566E-04   5.2011806E-04   3.4140817E-04
   6.5000000E-01   1.6809357E+06   8.4290906E+05   2.5235412E+06   7.2373389E-04   7.1274533E-04   6.4606929E-04
   7.0000000E-01   1.4789723E+06   7.4056614E+05   2.2193429E+06   8.9872547E-06   1.1096808E-03   3.6764614E-04
   7.5000000E-01   1.2878988E+06   6.4159389E+05   1.9293187E+06   2.2216888E-04   2.6439627E-04   2.1546868E-04
   8.0000000E-01   1.0975922E+06   5.5253026E+05   1.6499871E+06   3.2169500E-04   6.2990713E-04   4.1105074E-04
   8.5000000E-01   9.1509973E+05   4.5914890E+05   1.3741475E+06   6.0905435E-04   5.2307841E-04   4.9339707E-04
   9.0000000E-01   7.2015490E+05   3.6065571E+05   1.0807222E+06   7.3133902E-04   7.1401451E-04   3.2379121E-04
   9.5000000E-01   4.9407390E+05   2.4896524E+05   7.4301904E+05   1.4904188E-03   1.1884918E-03   1.1803859E-03
   1.0000000E+00   2.5226491E+05   1.2681466E+05   3.7907957E+05   2.5106759E-03   3.0877452E-03   2.7009200E-03
