   0.0000000E+00   1.2770644E+08   6.6750856E+07   1.9440483E+08   1.4409852E-03   9.4020174E-04   1.2683670E-03
   5.0000000E-02   4.7313390E+07   2.3683019E+07   7.0928865E+07   3.2052134E-04   2.7856245E-04   3.0422593E-04
   1.0000000E-01   2.2770743E+07   1.1405998E+07   3.4151022E+07   2.4004684E-04   1.8593614E-04   2.0700049E-04
   1.5000000E-01   1.4020405E+07   7.0133429E+06   2.1014437E+07   1.7096468E-04   1.2956988E-04   1.0481817E-04
   2.0000000E-01   9.5301662E+06   4.7591625E+06   1.4278379E+07   4.7585807E-05   2.6686111E-04   8.9494495E-05
   2.5000000E-01   6.8498378E+06   3.4109323E+06   1.0253513E+07   9.6378798E-05   1.3967967E-04   7.5985248E-05
   3.0000000E-01   5.0832497E+06   2.5208233E+06   7.5990331E+06   7.3839744E-05   1.9430085E-04   1.1477383E-04
   3.5000000E-01   3.8403360E+06   1.9213639E+06   5.7585442E+06   9.1152123E-05   8.8526928E-05   9.0931705E-05
   4.0000000E-01   2.9636879E+06   1.4795760E+06   4.4410118E+06   2.1484567E-04   1.8600706E-04   1.9734934E-04
   4.5000000E-01   2.3053275E+06   1.1501456E+06   3.4538886E+06   3.4074408E-04   1.1080179E-05   2.2649608E-04
   5.0000000E-01   1.8265194E+06   9.0955140E+05   2.7351605E+06   1.2893721E-04   1.3351916E-04   1.1745487E-04
   5.5000000E-01   1.4422968E+06   7.1738367E+05   2.1590149E+06   1.4481807E-04   3.1317625E-04   1.3300807E-04
   6.0000000E-01   1.1357774E+06   5.7216202E+05   1.7074355E+06   1.1081674E-04   4.7601364E-04   1.3391524E-04
   6.5000000E-01   9.0583648E+05   4.5304801E+05   1.3585417E+06   6.2355278E-04   7.1120830E-04   6.4637638E-04
   7.0000000E-01   7.1959407E+05   3.6079971E+05   1.0801528E+06   2.0672817E-04   7.0846474E-04   3.6320010E-04
   7.5000000E-01   5.6738525E+05   2.8353771E+05   8.5074471E+05   4.0714216E-04   6.6294682E-04   2.6841591E-04
   8.0000000E-01   4.4336190E+05   2.2007548E+05   6.6331404E+05   7.0745364E-04   8.8490515E-04   7.6045901E-04
   8.5000000E-01   3.3482830E+05   1.6889897E+05   5.0361867E+05   1.5458586E-03   1.0531697E-03   1.2847283E-03
   9.0000000E-01   2.4295533E+05   1.2106386E+05   3.6398382E+05   2.2749148E-03   1.3243030E-03   1.8545709E-03
   9.5000000E-01   1.5644093E+05   7.8310933E+04   2.3473511E+05   3.6628327E-03   2.7322292E-03   3.3360124E-03
   1.0000000E+00   8.1669671E+04   4.1083196E+04   1.2275287E+05   6.2974243E-03   5.5678888E-03   5.9849889E-03
