   0.0000000E+00   2.2224065E+09   1.3655662E+09   3.4651255E+09   1.1932916E-02   1.3571935E-07   7.4262297E-03
   5.0000000E-02   4.8717010E+07   1.4266331E+07   6.2713605E+07   1.9756693E-01   3.0677872E-06   1.5283124E-01
   1.0000000E-01   1.6778019E+07   4.9183652E+06   2.1636701E+07   2.1583989E-01   6.2022411E-06   1.6697544E-01
   1.5000000E-01   7.2685850E+06   2.0877309E+06   9.3405702E+06   2.2617322E-01   2.3442445E-06   1.7575643E-01
   2.0000000E-01   3.4068070E+06   9.3794783E+05   4.3402349E+06   2.3189398E-01   1.9034925E-05   1.8188670E-01
   2.5000000E-01   1.6432939E+06   4.2319936E+05   2.0649908E+06   2.3363238E-01   1.5017403E-05   1.8582601E-01
   3.0000000E-01   8.1053368E+05   1.9177110E+05   1.0019334E+06   2.3123211E-01   4.1908541E-05   1.8700899E-01
   3.5000000E-01   4.0932832E+05   8.7307854E+04   4.9650886E+05   2.2612249E-01   3.5231502E-05   1.8638377E-01
   4.0000000E-01   2.1306072E+05   4.1332539E+04   2.5438530E+05   2.2393661E-01   4.7706910E-05   1.8755297E-01
   4.5000000E-01   1.1366492E+05   1.9961567E+04   1.3360527E+05   2.2011562E-01   1.8611514E-05   1.8721344E-01
   5.0000000E-01   6.0020512E+04   9.7975783E+03   6.9818090E+04   2.1773304E-01   2.2220982E-05   1.8718165E-01
   5.5000000E-01   3.1616853E+04   4.8672475E+03   3.6484100E+04   2.2440307E-01   2.3113428E-04   1.9449687E-01
   6.0000000E-01   1.7804133E+04   2.4987326E+03   2.0302866E+04   2.1881645E-01   8.8234081E-04   1.9199455E-01
   6.5000000E-01   9.7060030E+03   1.2928278E+03   1.0998831E+04   2.1770557E-01   4.2035791E-06   1.9211645E-01
   7.0000000E-01   4.9610869E+03   6.5026162E+02   5.6113486E+03   2.0923289E-01   6.4884854E-03   1.8573525E-01
   7.5000000E-01   2.8393242E+03   3.5650707E+02   3.1958313E+03   2.0678994E-01   6.6615087E-03   1.8446484E-01
   8.0000000E-01   1.5318663E+03   1.5119720E+02   1.6830635E+03   1.9569331E-01   7.8803883E-05   1.7810855E-01
   8.5000000E-01   8.6879875E+02   7.8641266E+01   9.4744001E+02   1.9072575E-01   4.2318834E-04   1.7492787E-01
   9.0000000E-01   4.7039128E+02   3.5367765E+01   5.0575904E+02   2.1273518E-01   1.3789617E-06   1.9785856E-01
   9.5000000E-01   2.3789476E+02   6.7012608E+00   2.4459602E+02   1.6865266E-01   8.9333594E-05   1.6402960E-01
   1.0000000E+00   9.4314040E+01   1.8862808E+01   1.1317685E+02   2.6462846E-01   1.7925932E-05   2.2052079E-01
