   0.0000000E+00   8.7033613E+08   1.0215975E+09   1.8611426E+09   1.5013481E-02   8.1847457E-07   6.9022126E-03
   5.0000000E-02   3.0441375E+07   1.7420718E+07   4.7717389E+07   1.6008489E-01   2.8739927E-05   1.0183519E-01
   1.0000000E-01   1.3767476E+07   7.3334778E+06   2.1053875E+07   1.5139864E-01   4.4488843E-05   9.8802092E-02
   1.5000000E-01   8.2054135E+06   3.9891444E+06   1.2168244E+07   1.4168972E-01   4.0929818E-05   9.5392815E-02
   2.0000000E-01   5.5108831E+06   2.3840933E+06   7.8819417E+06   1.2950667E-01   3.3920135E-05   9.0451327E-02
   2.5000000E-01   3.9855708E+06   1.4924023E+06   5.4696461E+06   1.1686906E-01   4.0511769E-05   8.5069952E-02
   3.0000000E-01   3.0533239E+06   9.5844168E+05   4.0067787E+06   1.0178108E-01   5.4970258E-05   7.7489347E-02
   3.5000000E-01   2.4276495E+06   6.1953108E+05   3.0434609E+06   8.7671948E-02   1.1040596E-04   6.9864561E-02
   4.0000000E-01   2.0072860E+06   4.0477877E+05   2.4094069E+06   7.3599337E-02   1.0530387E-04   6.1276595E-02
   4.5000000E-01   1.7201891E+06   2.6713273E+05   1.9856029E+06   6.0119843E-02   1.8979090E-04   5.2073667E-02
   5.0000000E-01   1.4897412E+06   1.7750232E+05   1.6661485E+06   4.9065379E-02   2.1041166E-04   4.3876837E-02
   5.5000000E-01   1.3232316E+06   1.1960928E+05   1.4416255E+06   3.9189111E-02   1.8486944E-05   3.5955599E-02
   6.0000000E-01   1.1879272E+06   8.1153105E+04   1.2680829E+06   3.1764199E-02   7.7925791E-05   2.9731200E-02
   6.5000000E-01   1.0667984E+06   5.4146960E+04   1.1202892E+06   2.5143027E-02   1.0970081E-04   2.3932430E-02
   7.0000000E-01   9.5747614E+05   3.6692035E+04   9.9346334E+05   2.0606056E-02   3.8764374E-04   1.9861959E-02
   7.5000000E-01   8.5069803E+05   2.4475908E+04   8.7465191E+05   1.6892968E-02   3.2969783E-04   1.6439730E-02
   8.0000000E-01   7.3929063E+05   1.6647607E+04   7.5546077E+05   1.4564200E-02   3.1812083E-04   1.4252460E-02
   8.5000000E-01   6.2043465E+05   1.1159570E+04   6.3130212E+05   1.2566931E-02   9.1618865E-04   1.2368603E-02
   9.0000000E-01   4.8928120E+05   7.1089208E+03   4.9624158E+05   1.1711009E-02   1.3787266E-04   1.1547558E-02
   9.5000000E-01   3.3376299E+05   3.8666275E+03   3.3750565E+05   1.1451012E-02   1.5715017E-03   1.1338673E-02
   1.0000000E+00   1.5868652E+05   1.5970511E+03   1.6028357E+05   1.2575524E-02   4.3564182E-04   1.2454564E-02
