   0.0000000E+00   4.8159522E+07   2.8149798E+07   7.6306265E+07   4.0004204E-03   9.8923339E-04   2.6974738E-03
   5.0000000E-02   2.2364516E+07   1.1406189E+07   3.3765931E+07   8.3387955E-04   3.6364155E-04   6.0425060E-04
   1.0000000E-01   1.2465079E+07   6.2729966E+06   1.8735370E+07   2.4534754E-04   8.6146921E-05   1.8507778E-04
   1.5000000E-01   8.6462514E+06   4.3222663E+06   1.2966056E+07   1.2385442E-04   6.8524805E-04   2.0265464E-04
   2.0000000E-01   6.5789720E+06   3.2764432E+06   9.8536804E+06   4.4613832E-04   5.1910312E-04   4.1810738E-04
   2.5000000E-01   5.3132795E+06   2.6484783E+06   7.9602300E+06   2.8161683E-04   1.9046459E-04   1.5830690E-04
   3.0000000E-01   4.4059075E+06   2.1888367E+06   6.5936301E+06   4.4911307E-04   7.9214544E-04   4.6575005E-05
   3.5000000E-01   3.7323289E+06   1.8533002E+06   5.5847470E+06   3.7316942E-04   4.4241670E-04   3.9425728E-04
   4.0000000E-01   3.2108873E+06   1.6104650E+06   4.8204849E+06   4.6974516E-04   3.0269298E-04   3.1704336E-04
   4.5000000E-01   2.7845254E+06   1.3920257E+06   4.1758791E+06   3.0758121E-04   2.3996190E-04   1.4823760E-04
   5.0000000E-01   2.4400872E+06   1.2210622E+06   3.6605510E+06   5.0380838E-04   4.9191672E-04   4.7235192E-04
   5.5000000E-01   2.1536152E+06   1.0685547E+06   3.2216433E+06   5.2353368E-04   2.7537336E-04   4.3484921E-04
   6.0000000E-01   1.8896095E+06   9.4477027E+05   2.8338227E+06   5.3919469E-04   1.5093599E-04   3.2006535E-04
   6.5000000E-01   1.6556864E+06   8.2880549E+05   2.4840855E+06   2.8512961E-04   7.9718069E-04   3.4238109E-04
   7.0000000E-01   1.4531437E+06   7.2462791E+05   2.1774352E+06   6.2922550E-04   6.6287421E-04   4.5187432E-04
   7.5000000E-01   1.2566407E+06   6.2749064E+05   1.8839234E+06   5.5343520E-04   3.5989643E-04   2.7879766E-04
   8.0000000E-01   1.0717056E+06   5.3800339E+05   1.6095140E+06   3.5738666E-04   1.3109492E-03   6.4597954E-04
   8.5000000E-01   8.8919679E+05   4.4530055E+05   1.3343438E+06   6.2445968E-04   1.2713271E-03   8.3658912E-04
   9.0000000E-01   6.9969818E+05   3.4981195E+05   1.0494288E+06   1.3016683E-03   1.5954656E-03   1.3929897E-03
   9.5000000E-01   4.9068977E+05   2.4387898E+05   7.3452854E+05   2.1465181E-03   1.4886566E-03   1.9035571E-03
   1.0000000E+00   2.7123460E+05   1.3508914E+05   4.0631117E+05   4.4709942E-03   5.1618186E-03   4.6646312E-03
