   0.0000000E+00   3.2446911E+09   1.6624786E+09   4.6926532E+09   1.2116295E-05   6.1524943E-10   8.2071303E-06
   5.0000000E-02   8.6134655E+04   1.9862537E+04   1.0599719E+05   2.0290131E-01   3.7694657E-04   1.6495080E-01
   1.0000000E-01   3.3104228E+04   8.1169021E+03   4.1221130E+04   2.3474115E-01   2.0190597E-07   1.8851795E-01
   1.5000000E-01   1.7634368E+04   3.6287327E+03   2.1263100E+04   2.3602881E-01   3.6828353E-06   1.9574781E-01
   2.0000000E-01   1.0488311E+04   2.1963382E+03   1.2684649E+04   2.3015529E-01   7.5727282E-06   1.9030537E-01
   2.5000000E-01   7.1428738E+03   1.1841128E+03   8.3269866E+03   1.9619482E-01   3.6098963E-06   1.6829504E-01
   3.0000000E-01   5.0717375E+03   6.7906109E+02   5.7507986E+03   1.7388425E-01   6.2352164E-06   1.5335252E-01
   3.5000000E-01   3.4013685E+03   2.5464791E+02   3.6560164E+03   1.1918212E-01   1.3722996E-06   1.1088098E-01
   4.0000000E-01   3.1433101E+03   2.7056340E+02   3.4138735E+03   7.5804956E-02   1.0089451E-05   6.9797904E-02
   4.5000000E-01   2.5889204E+03   8.4882636E+01   2.6738030E+03   5.5790494E-02   1.9193560E-06   5.4019306E-02
   5.0000000E-01   2.5019157E+03   3.1830989E+01   2.5337467E+03   3.1745799E-02   1.6273014E-06   3.1347003E-02
   5.5000000E-01   2.4770297E+03   1.7362357E+01   2.4943920E+03   1.8815949E-02   3.3938421E-07   1.8684982E-02
   6.0000000E-01   2.2653054E+03   0.0000000E+00   2.2653054E+03   4.3283933E-03   0.0000000E+00   4.3283933E-03
   6.5000000E-01   1.7825354E+03   4.8970752E+00   1.7874324E+03   2.4607654E-03   6.0520829E-06   2.4540070E-03
   7.0000000E-01   1.5278875E+03   4.5472841E+00   1.5324347E+03   1.1479502E-03   8.4506548E-06   1.1445689E-03
   7.5000000E-01   1.3411457E+03   0.0000000E+00   1.3411457E+03   9.5949257E-06   0.0000000E+00   9.5949257E-06
   8.0000000E-01   1.0345071E+03   0.0000000E+00   1.0345071E+03   1.5438246E-05   0.0000000E+00   1.5438246E-05
   8.5000000E-01   6.9653693E+02   0.0000000E+00   6.9653693E+02   1.7499498E-04   0.0000000E+00   1.7499498E-04
   9.0000000E-01   6.1186234E+02   0.0000000E+00   6.1186234E+02   1.7284469E-05   0.0000000E+00   1.7284469E-05
   9.5000000E-01   3.5851745E+02   0.0000000E+00   3.5851745E+02   4.7746567E-06   0.0000000E+00   4.7746567E-06
   1.0000000E+00   1.2575205E+02   0.0000000E+00   1.2575205E+02   1.6617569E-06   0.0000000E+00   1.6617569E-06
