   0.0000000E+00   6.3418534E+07   1.9364955E+08   2.5673857E+08   4.7049977E-02   4.8367669E-04   1.1960929E-02
   5.0000000E-02   1.4384042E+07   9.5556628E+06   2.3916532E+07   7.9165576E-02   4.5966030E-03   4.9401394E-02
   1.0000000E-01   9.1078326E+06   5.1945309E+06   1.4286989E+07   5.6182252E-02   4.8398411E-03   3.7548438E-02
   1.5000000E-01   6.9973213E+06   3.6687336E+06   1.0652198E+07   4.6114055E-02   5.0685690E-03   3.1992882E-02
   2.0000000E-01   5.7365330E+06   2.8458495E+06   8.5707483E+06   3.8932656E-02   5.7533069E-03   2.7936736E-02
   2.5000000E-01   4.8833829E+06   2.3164302E+06   7.1894362E+06   3.4968129E-02   6.2651637E-03   2.5745788E-02
   3.0000000E-01   4.2330440E+06   1.9497011E+06   6.1728351E+06   3.2891380E-02   7.1201302E-03   2.4755186E-02
   3.5000000E-01   3.7111659E+06   1.6664705E+06   5.3691875E+06   3.1574731E-02   7.9691605E-03   2.4271182E-02
   4.0000000E-01   3.2785123E+06   1.4433443E+06   4.7145593E+06   3.0983067E-02   8.0159797E-03   2.3953335E-02
   4.5000000E-01   2.9067776E+06   1.2671987E+06   4.1676030E+06   3.0714501E-02   8.6615225E-03   2.4023577E-02
   5.0000000E-01   2.6027563E+06   1.1118501E+06   3.7099017E+06   3.1932701E-02   1.0100964E-02   2.5397427E-02
   5.5000000E-01   2.3104610E+06   9.7809104E+05   3.2839799E+06   3.2804931E-02   1.1206664E-02   2.6381671E-02
   6.0000000E-01   2.0576612E+06   8.6573923E+05   2.9192942E+06   3.4552048E-02   1.2632649E-02   2.8056505E-02
   6.5000000E-01   1.8224759E+06   7.6326303E+05   2.5823355E+06   3.6938654E-02   1.3892035E-02   3.0142030E-02
   7.0000000E-01   1.6134992E+06   6.7014235E+05   2.2806358E+06   3.9025726E-02   1.5679282E-02   3.2169046E-02
   7.5000000E-01   1.4119038E+06   5.8603821E+05   1.9955568E+06   4.3064524E-02   1.7991259E-02   3.5718225E-02
   8.0000000E-01   1.2201654E+06   5.0492701E+05   1.7232581E+06   4.6987733E-02   2.0799975E-02   3.9320862E-02
   8.5000000E-01   1.0382894E+06   4.2184673E+05   1.4586944E+06   5.1508298E-02   2.3979672E-02   4.3566369E-02
   9.0000000E-01   8.4484395E+05   3.4499133E+05   1.1890147E+06   5.8973637E-02   2.7760286E-02   4.9927366E-02
   9.5000000E-01   6.2414873E+05   2.5163904E+05   8.7511094E+05   6.9609059E-02   3.6046664E-02   5.9970702E-02
   1.0000000E+00   3.3694634E+05   1.3450440E+05   4.7136271E+05   8.7448373E-02   4.5675561E-02   7.5538705E-02
