   0.0000000E+00   1.2948999E+08   6.6712150E+07   1.9619857E+08   9.2626322E-05   1.0561041E-04   2.7232415E-05
   5.0000000E-02   4.4843624E+07   2.2496615E+07   6.7327379E+07   6.2310605E-05   5.1382646E-05   4.9230910E-05
   1.0000000E-01   2.1346402E+07   1.0664241E+07   3.2005040E+07   4.1695176E-05   1.0307879E-04   6.0340979E-05
   1.5000000E-01   1.3131577E+07   6.6004314E+06   1.9728253E+07   7.6488900E-05   6.8818386E-05   7.0232301E-05
   2.0000000E-01   9.0200587E+06   4.5167536E+06   1.3534664E+07   5.1226494E-05   8.2229552E-05   5.5685020E-05
   2.5000000E-01   6.5485129E+06   3.2845633E+06   9.8315356E+06   1.8348652E-04   2.7405971E-04   1.8270574E-04
   3.0000000E-01   4.9478407E+06   2.4692889E+06   7.4161641E+06   6.7038512E-05   2.6259308E-04   1.2386576E-04
   3.5000000E-01   3.8239112E+06   1.9040388E+06   5.7272588E+06   9.5856118E-05   3.1402605E-04   1.5706277E-04
   4.0000000E-01   2.9959406E+06   1.4991520E+06   4.4945197E+06   1.6066905E-04   1.9371507E-04   1.4875775E-04
   4.5000000E-01   2.3805760E+06   1.1897292E+06   3.5699020E+06   2.5277691E-04   2.5475501E-04   1.2588365E-04
   5.0000000E-01   1.9104450E+06   9.5188025E+05   2.8620770E+06   1.0306859E-04   1.5248064E-05   7.0487043E-05
   5.5000000E-01   1.5390862E+06   7.7145005E+05   2.3103221E+06   2.0242588E-04   6.1918675E-04   3.0505028E-04
   6.0000000E-01   1.2510374E+06   6.2471498E+05   1.8755880E+06   3.0028278E-04   7.9263934E-04   4.3774244E-04
   6.5000000E-01   1.0130824E+06   5.0878163E+05   1.5217808E+06   4.4042502E-04   1.0136403E-03   5.4701207E-04
   7.0000000E-01   8.1630116E+05   4.1175203E+05   1.2279941E+06   2.2408472E-04   6.3082839E-04   1.1875214E-04
   7.5000000E-01   6.5491198E+05   3.2801197E+05   9.8285605E+05   8.3137958E-04   2.9421864E-04   6.2508071E-04
   8.0000000E-01   5.1981596E+05   2.6104594E+05   7.8084598E+05   8.1537415E-04   9.5700079E-04   8.6125443E-04
   8.5000000E-01   3.9954631E+05   1.9846434E+05   5.9798819E+05   9.4448058E-04   5.7284951E-04   7.7102876E-04
   9.0000000E-01   2.9101658E+05   1.4673732E+05   4.3773976E+05   7.0643999E-04   8.9908229E-04   7.7098640E-04
   9.5000000E-01   1.8468005E+05   9.2614774E+04   2.7728142E+05   1.5256473E-03   1.7092535E-03   1.5753971E-03
   1.0000000E+00   8.7818947E+04   4.4547665E+04   1.3236661E+05   9.4016902E-04   1.7828254E-03   1.1120316E-03
