   0.0000000E+00   7.2992786E+07   3.8845520E+07   1.1183729E+08   1.0205141E-03   7.0188031E-05   6.7322295E-04
   5.0000000E-02   2.8087091E+07   1.4071461E+07   4.2154542E+07   2.5517093E-04   2.0328550E-04   2.2654333E-04
   1.0000000E-01   1.4600461E+07   7.3051801E+06   2.1902808E+07   4.7380440E-05   1.8942467E-04   8.8399932E-05
   1.5000000E-01   9.7140538E+06   4.8832981E+06   1.4595336E+07   2.1117951E-04   4.9537664E-05   1.5927377E-04
   2.0000000E-01   7.2063926E+06   3.5961696E+06   1.0801050E+07   2.6609553E-04   1.5015433E-04   2.2536834E-04
   2.5000000E-01   5.6182332E+06   2.8216134E+06   8.4386879E+06   2.7190250E-04   1.6254251E-04   1.3649673E-04
   3.0000000E-01   4.5556723E+06   2.2839689E+06   6.8386757E+06   2.7877350E-04   2.7516879E-04   2.7449264E-04
   3.5000000E-01   3.7849137E+06   1.8848311E+06   5.6690081E+06   1.6944504E-04   1.1182254E-04   1.3309261E-04
   4.0000000E-01   3.1822872E+06   1.5914539E+06   4.7732079E+06   2.4255488E-04   1.2928972E-04   2.0392225E-04
   4.5000000E-01   2.7126581E+06   1.3546561E+06   4.0667342E+06   3.7732870E-04   3.4193178E-04   2.8525458E-04
   5.0000000E-01   2.3317854E+06   1.1674015E+06   3.4988113E+06   1.5766615E-04   1.7156241E-04   1.3130557E-04
   5.5000000E-01   2.0100748E+06   1.0048522E+06   3.0146551E+06   2.5464455E-04   2.0123418E-04   1.6056400E-04
   6.0000000E-01   1.7410437E+06   8.7066242E+05   2.6114249E+06   7.1393613E-04   3.3336040E-04   5.5874171E-04
   6.5000000E-01   1.5034462E+06   7.5200955E+05   2.2552451E+06   4.0761315E-04   5.1573730E-04   3.9925286E-04
   7.0000000E-01   1.2937023E+06   6.4682843E+05   1.9403716E+06   3.6931320E-04   4.2290374E-04   2.4779421E-04
   7.5000000E-01   1.0940056E+06   5.4993338E+05   1.6438244E+06   7.5545173E-04   3.5187299E-04   5.3293490E-04
   8.0000000E-01   9.2005483E+05   4.6037159E+05   1.3803468E+06   2.0777667E-04   3.3285546E-04   1.3924579E-04
   8.5000000E-01   7.5113643E+05   3.7567682E+05   1.1267271E+06   3.6800312E-04   1.1496872E-03   3.9410082E-04
   9.0000000E-01   5.7862371E+05   2.8980700E+05   8.6838827E+05   1.2504976E-03   9.3933591E-04   9.8454320E-04
   9.5000000E-01   3.9171215E+05   1.9685624E+05   5.8853823E+05   1.8468092E-03   5.3750010E-04   1.1802795E-03
   1.0000000E+00   1.9749989E+05   9.9520175E+04   2.9702006E+05   1.3674142E-03   2.6970176E-03   1.8011166E-03
