   0.0000000E+00   4.0531798E+07   1.6366527E+08   2.0397654E+08   8.8890112E-04   5.8420822E-06   1.7774045E-04
   5.0000000E-02   3.1921771E+07   3.8406571E+07   7.0103551E+07   3.0209150E-04   3.0365897E-06   1.3528059E-04
   1.0000000E-01   2.3677194E+07   1.6567488E+07   4.0110006E+07   1.0712378E-04   1.1980666E-05   6.7125666E-05
   1.5000000E-01   1.7410129E+07   9.0130930E+06   2.6329512E+07   7.2484981E-05   1.0381978E-05   5.0583739E-05
   2.0000000E-01   1.2766518E+07   5.4038833E+06   1.8112310E+07   5.5039824E-05   3.3894487E-05   4.9142224E-05
   2.5000000E-01   9.2543888E+06   3.3987602E+06   1.2620121E+07   2.6990478E-05   4.0105577E-05   2.6148871E-05
   3.0000000E-01   6.6663852E+06   2.1966884E+06   8.8430837E+06   4.7827199E-06   4.1188855E-05   1.2864413E-05
   3.5000000E-01   4.7668633E+06   1.4597509E+06   6.2150824E+06   4.1695454E-05   1.0526315E-04   4.3365166E-05
   4.0000000E-01   3.3970747E+06   9.8045811E+05   4.3712940E+06   4.0560306E-05   9.8245063E-05   5.1632261E-05
   4.5000000E-01   2.4103769E+06   6.6219774E+05   3.0690307E+06   4.9737876E-05   6.8234827E-05   4.4905477E-05
   5.0000000E-01   1.7074779E+06   4.5722032E+05   2.1628838E+06   1.8833908E-04   8.6484739E-05   1.6713751E-04
   5.5000000E-01   1.2044094E+06   3.1467537E+05   1.5179678E+06   1.9357559E-04   3.2370285E-04   1.8783231E-04
   6.0000000E-01   8.5684777E+05   2.1816960E+05   1.0743861E+06   3.5308574E-04   5.6305114E-04   3.8988193E-04
   6.5000000E-01   6.0443619E+05   1.5171629E+05   7.5587824E+05   2.1499848E-04   4.6271075E-04   2.6421183E-04
   7.0000000E-01   4.2430708E+05   1.0509228E+05   5.2924475E+05   7.4507095E-04   7.1524744E-04   7.3628593E-04
   7.5000000E-01   2.9982669E+05   7.3775743E+04   3.7350482E+05   9.0983716E-04   4.3302340E-04   8.1112222E-04
   8.0000000E-01   2.0876752E+05   5.1247892E+04   2.5996368E+05   1.2436798E-03   1.5987672E-03   1.2865654E-03
   8.5000000E-01   1.4293986E+05   3.4886764E+04   1.7778918E+05   1.9526438E-03   2.7516546E-03   2.0179875E-03
   9.0000000E-01   9.3657379E+04   2.2914775E+04   1.1656862E+05   3.1584949E-03   2.9316808E-03   3.0795601E-03
   9.5000000E-01   5.6990872E+04   1.3807948E+04   7.0792119E+04   4.4113996E-03   6.9290972E-03   4.8787529E-03
   1.0000000E+00   2.9432268E+04   6.8723497E+03   3.6304618E+04   9.0131043E-03   1.2478730E-02   9.6237824E-03
