   0.0000000E+00   4.8051042E+07   4.6472734E+07   9.4477430E+07   1.1660370E-01   4.8320128E-06   5.9284176E-02
   5.0000000E-02   1.9018124E+07   1.0071516E+07   2.9062457E+07   1.0435479E-01   1.1810933E-05   6.8209812E-02
   1.0000000E-01   1.0786726E+07   5.6053734E+06   1.6377489E+07   7.7526760E-02   3.6863043E-06   5.1027026E-02
   1.5000000E-01   7.7056033E+06   3.9719132E+06   1.1663065E+07   6.1627966E-02   2.6015699E-06   4.0669795E-02
   2.0000000E-01   6.0555114E+06   3.0791707E+06   9.1228091E+06   5.1350378E-02   7.4688087E-06   3.4061815E-02
   2.5000000E-01   4.9752981E+06   2.5233189E+06   7.4885584E+06   4.4055237E-02   4.7885881E-06   2.9227568E-02
   3.0000000E-01   4.2222003E+06   2.1327187E+06   6.3464943E+06   4.0631307E-02   1.2613988E-05   2.7004530E-02
   3.5000000E-01   3.6385003E+06   1.8202687E+06   5.4516843E+06   3.7610857E-02   2.3779358E-06   2.5065682E-02
   4.0000000E-01   3.1809901E+06   1.5822627E+06   4.7570855E+06   3.5906371E-02   8.2777010E-06   2.3962121E-02
   4.5000000E-01   2.8036027E+06   1.3805453E+06   4.1785246E+06   3.5511099E-02   1.7475328E-05   2.3804563E-02
   5.0000000E-01   2.4889860E+06   1.2263525E+06   3.7110731E+06   3.5661092E-02   1.3010863E-05   2.3893328E-02
   5.5000000E-01   2.2169994E+06   1.0786075E+06   3.2914689E+06   3.6899488E-02   1.0610073E-05   2.4826764E-02
   6.0000000E-01   1.9707573E+06   9.5343891E+05   2.9206311E+06   3.8765102E-02   3.2845603E-06   2.6119386E-02
   6.5000000E-01   1.7500971E+06   8.4689528E+05   2.5937310E+06   4.1576498E-02   1.0704405E-05   2.8014609E-02
   7.0000000E-01   1.5460539E+06   7.4612747E+05   2.2896894E+06   4.4507334E-02   8.3818407E-06   3.0011521E-02
   7.5000000E-01   1.3616109E+06   6.5205992E+05   2.0114596E+06   4.8449562E-02   6.5570519E-06   3.2778514E-02
   8.0000000E-01   1.1764654E+06   5.6199600E+05   1.7365834E+06   5.3570662E-02   1.1813598E-05   3.6252305E-02
   8.5000000E-01   9.9905864E+05   4.7586205E+05   1.4736100E+06   5.9972178E-02   1.2629619E-05   4.0615813E-02
   9.0000000E-01   8.1995212E+05   3.8686676E+05   1.2060408E+06   6.9695449E-02   1.6935270E-05   4.7356712E-02
   9.5000000E-01   6.1407338E+05   2.8574176E+05   8.9929579E+05   8.5831740E-02   1.6919212E-05   5.8580923E-02
   1.0000000E+00   3.5652594E+05   1.5454927E+05   5.1093688E+05   1.0989599E-01   4.7244420E-05   7.6669530E-02
