   0.0000000E+00   1.8841093E+09   1.2586059E+09   3.0562363E+09   3.2261926E-03   6.9083653E-08   1.9418057E-03
   5.0000000E-02   1.4033073E+07   3.9858127E+06   1.8001443E+07   1.7459186E-01   3.7282941E-05   1.3599230E-01
   1.0000000E-01   6.9066561E+06   1.9692559E+06   8.8678588E+06   1.7522594E-01   4.3394683E-05   1.3639437E-01
   1.5000000E-01   4.4896336E+06   1.2701413E+06   5.7540666E+06   1.7850237E-01   3.8941776E-05   1.3917209E-01
   2.0000000E-01   3.2738013E+06   9.2602712E+05   4.1956426E+06   1.8182708E-01   7.6838400E-05   1.4178291E-01
   2.5000000E-01   2.5278007E+06   7.1536964E+05   3.2399363E+06   1.8636684E-01   6.5598914E-05   1.4529089E-01
   3.0000000E-01   2.0284085E+06   5.7691545E+05   2.6028836E+06   1.9184877E-01   9.1101000E-05   1.4940026E-01
   3.5000000E-01   1.6702084E+06   4.7470008E+05   2.1432350E+06   1.9784815E-01   7.9202769E-05   1.5408823E-01
   4.0000000E-01   1.3957093E+06   3.9772025E+05   1.7921483E+06   2.0442818E-01   1.5330818E-04   1.5915662E-01
   4.5000000E-01   1.1854992E+06   3.3892222E+05   1.5234311E+06   2.1176514E-01   1.5593986E-04   1.6472203E-01
   5.0000000E-01   1.0086413E+06   2.9240583E+05   1.3003404E+06   2.2030465E-01   1.3655484E-04   1.7085612E-01
   5.5000000E-01   8.6479009E+05   2.5043464E+05   1.1144666E+06   2.3000074E-01   1.3476483E-04   1.7839600E-01
   6.0000000E-01   7.3832509E+05   2.1620138E+05   9.5382088E+05   2.3916726E-01   3.1549015E-04   1.8509643E-01
   6.5000000E-01   6.3279026E+05   1.8607417E+05   8.1845307E+05   2.4998941E-01   2.6822275E-04   1.9322982E-01
   7.0000000E-01   5.4108133E+05   1.5938685E+05   7.0003165E+05   2.6167886E-01   2.8025491E-04   2.0223618E-01
   7.5000000E-01   4.5655824E+05   1.3576129E+05   5.9205214E+05   2.7367318E-01   4.9434736E-04   2.1108635E-01
   8.0000000E-01   3.8164560E+05   1.1371223E+05   4.9511511E+05   2.8896981E-01   4.7504092E-04   2.2277245E-01
   8.5000000E-01   3.0688818E+05   9.2852866E+04   3.9956129E+05   3.0351832E-01   2.1981746E-04   2.3307618E-01
   9.0000000E-01   2.3789774E+05   7.2475624E+04   3.1028494E+05   3.2080282E-01   4.8363265E-04   2.4602023E-01
   9.5000000E-01   1.5867580E+05   4.8386453E+04   2.0703880E+05   3.4115416E-01   2.9881095E-04   2.6150585E-01
   1.0000000E+00   7.2263418E+04   2.1591628E+04   9.3855045E+04   3.5830974E-01   3.2394346E-04   2.7595406E-01
