   0.0000000E+00   1.1241483E+08   5.7686409E+07   1.7009258E+08   6.9203427E-05   2.6724529E-05   5.2698262E-05
   5.0000000E-02   3.9460940E+07   1.9782832E+07   5.9232568E+07   9.3440126E-05   1.6125301E-04   5.8990765E-05
   1.0000000E-01   1.9147899E+07   9.5945921E+06   2.8738895E+07   6.5344087E-05   6.2629873E-05   6.3967497E-05
   1.5000000E-01   1.2126100E+07   6.0802706E+06   1.8202742E+07   2.0421909E-05   7.9435294E-05   1.2872151E-05
   2.0000000E-01   8.5118133E+06   4.2471133E+06   1.2756842E+07   5.9392833E-05   2.3156908E-04   1.1229209E-04
   2.5000000E-01   6.3237225E+06   3.1662284E+06   9.4883339E+06   4.4647436E-05   3.3297118E-05   2.9965588E-05
   3.0000000E-01   4.8713721E+06   2.4303490E+06   7.3007131E+06   1.1028069E-04   8.8418627E-05   1.0347689E-04
   3.5000000E-01   3.8411545E+06   1.9194086E+06   5.7598447E+06   1.7587846E-04   1.1640437E-04   1.4538733E-04
   4.0000000E-01   3.0752077E+06   1.5384315E+06   4.6130185E+06   2.1153631E-05   1.1957986E-04   4.5252654E-05
   4.5000000E-01   2.5007839E+06   1.2498756E+06   3.7503978E+06   1.8051939E-04   2.6409110E-04   1.4482395E-04
   5.0000000E-01   2.0606172E+06   1.0275298E+06   3.0878987E+06   2.3304983E-04   2.6868331E-04   1.5787956E-04
   5.5000000E-01   1.6970373E+06   8.4585354E+05   2.5426594E+06   2.1560195E-04   2.7293930E-04   7.3736108E-05
   6.0000000E-01   1.3958684E+06   6.9924724E+05   2.0948982E+06   3.6901031E-04   5.6843813E-04   4.3726030E-04
   6.5000000E-01   1.1584227E+06   5.8041604E+05   1.7387163E+06   4.2327606E-04   1.6406330E-04   3.3680790E-04
   7.0000000E-01   9.5788994E+05   4.8092077E+05   1.4386879E+06   4.3006813E-04   4.5170660E-04   4.1195750E-04
   7.5000000E-01   7.7937539E+05   3.9020124E+05   1.1695130E+06   7.7274538E-04   2.0775602E-04   5.6199629E-04
   8.0000000E-01   6.2909572E+05   3.1581513E+05   9.4484321E+05   3.2088149E-04   1.4351224E-04   2.2654096E-04
   8.5000000E-01   4.9467229E+05   2.4856257E+05   7.4320116E+05   5.1105662E-04   4.8809431E-04   1.9881447E-04
   9.0000000E-01   3.6835174E+05   1.8497695E+05   5.5331808E+05   6.6275696E-04   1.2449377E-03   8.0885111E-04
   9.5000000E-01   2.4000565E+05   1.1929584E+05   3.5929480E+05   6.0829154E-04   8.2560933E-04   6.2801911E-04
   1.0000000E+00   1.1491223E+05   5.7814507E+04   1.7272673E+05   8.6673672E-04   4.2242463E-04   6.9892143E-04
