   0.0000000E+00   8.3326958E+08   8.3416340E+08   1.6454278E+09   1.0517501E-02   1.0379329E-05   5.2600689E-03
   5.0000000E-02   2.1888197E+07   8.5724035E+06   3.0415274E+07   1.5827501E-01   4.7473721E-04   1.1385680E-01
   1.0000000E-01   1.1187256E+07   4.2335533E+06   1.5400660E+07   1.4976347E-01   4.8696729E-04   1.0880037E-01
   1.5000000E-01   7.4536504E+06   2.7562029E+06   1.0193004E+07   1.4443824E-01   7.5864916E-04   1.0570782E-01
   2.0000000E-01   5.5222309E+06   1.9999569E+06   7.5104581E+06   1.4083740E-01   7.8533264E-04   1.0364339E-01
   2.5000000E-01   4.3355334E+06   1.5319109E+06   5.8573093E+06   1.3941732E-01   1.1242275E-03   1.0336190E-01
   3.0000000E-01   3.5093028E+06   1.2150737E+06   4.7175753E+06   1.3865936E-01   1.2866162E-03   1.0335052E-01
   3.5000000E-01   2.9248586E+06   9.9768322E+05   3.9171760E+06   1.3876188E-01   1.1561405E-03   1.0377155E-01
   4.0000000E-01   2.4480020E+06   8.2077796E+05   3.2640689E+06   1.3874563E-01   1.4899632E-03   1.0431469E-01
   4.5000000E-01   2.0811666E+06   6.9224619E+05   2.7701590E+06   1.4013153E-01   1.5471987E-03   1.0556170E-01
   5.0000000E-01   1.7884432E+06   5.8003701E+05   2.3660865E+06   1.4273271E-01   1.8380190E-03   1.0825724E-01
   5.5000000E-01   1.5408861E+06   4.9234437E+05   2.0306955E+06   1.4520163E-01   1.7872585E-03   1.1050245E-01
   6.0000000E-01   1.3306308E+06   4.1599389E+05   1.7447732E+06   1.4876562E-01   2.3159825E-03   1.1391707E-01
   6.5000000E-01   1.1426345E+06   3.5525832E+05   1.4963748E+06   1.5278905E-01   2.5004019E-03   1.1715906E-01
   7.0000000E-01   9.8178137E+05   3.0056638E+05   1.2811791E+06   1.5892674E-01   2.5932007E-03   1.2229848E-01
   7.5000000E-01   8.3676454E+05   2.5025523E+05   1.0861158E+06   1.6463190E-01   3.0961167E-03   1.2747156E-01
   8.0000000E-01   7.0314256E+05   2.0821445E+05   9.1068856E+05   1.7225142E-01   3.5179115E-03   1.3372208E-01
   8.5000000E-01   5.7596863E+05   1.6697413E+05   7.4242598E+05   1.8081800E-01   3.5692213E-03   1.4100562E-01
   9.0000000E-01   4.5012555E+05   1.2935053E+05   5.7923204E+05   1.9211535E-01   5.0050851E-03   1.5037382E-01
   9.5000000E-01   3.1105242E+05   8.5343906E+04   3.9621539E+05   2.0668039E-01   4.8681315E-03   1.6324541E-01
   1.0000000E+00   1.4925511E+05   3.9322667E+04   1.8855892E+05   2.2451258E-01   7.0246342E-03   1.7915739E-01
