   0.0000000E+00   2.6929612E+09   1.5556858E+09   4.0865693E+09   1.0332218E-03   1.8494334E-04   7.2808718E-04
   5.0000000E-02   7.1578344E+06   2.0471782E+06   9.1998560E+06   1.6034451E-01   4.8043191E-02   1.3533612E-01
   1.0000000E-01   3.4103721E+06   8.9954374E+05   4.3082606E+06   1.6166386E-01   4.1926522E-02   1.3669020E-01
   1.5000000E-01   2.1630854E+06   5.1795385E+05   2.6796387E+06   1.6199007E-01   3.7889378E-02   1.3802361E-01
   2.0000000E-01   1.5242587E+06   3.4328130E+05   1.8666647E+06   1.6211847E-01   3.4697867E-02   1.3874579E-01
   2.5000000E-01   1.1400078E+06   2.3409782E+05   1.3735708E+06   1.5870644E-01   3.0053187E-02   1.3680699E-01
   3.0000000E-01   8.9042947E+05   1.7226931E+05   1.0623274E+06   1.5558525E-01   2.7090540E-02   1.3477125E-01
   3.5000000E-01   7.0271909E+05   1.3031607E+05   8.3273504E+05   1.5213778E-01   2.4756730E-02   1.3222326E-01
   4.0000000E-01   5.7350688E+05   9.7546065E+04   6.7083013E+05   1.4635579E-01   2.1847255E-02   1.2826851E-01
   4.5000000E-01   4.6873606E+05   7.3579099E+04   5.4213125E+05   1.3913528E-01   2.0853558E-02   1.2311182E-01
   5.0000000E-01   3.8928026E+05   5.6525470E+04   4.4571660E+05   1.3285406E-01   1.9983830E-02   1.1854786E-01
   5.5000000E-01   3.2211224E+05   4.2531988E+04   3.6454584E+05   1.2451203E-01   1.7369881E-02   1.1201806E-01
   6.0000000E-01   2.6807528E+05   3.2647984E+04   3.0063308E+05   1.1825599E-01   1.6331036E-02   1.0718920E-01
   6.5000000E-01   2.2185220E+05   2.5210143E+04   2.4702806E+05   1.1165856E-01   1.8032999E-02   1.0211236E-01
   7.0000000E-01   1.8146392E+05   1.8966722E+04   2.0039881E+05   1.0581868E-01   1.4975881E-02   9.7223665E-02
   7.5000000E-01   1.5052662E+05   1.4137203E+04   1.6465109E+05   9.8044122E-02   1.9390564E-02   9.1290329E-02
   8.0000000E-01   1.2108110E+05   1.0420670E+04   1.3148188E+05   9.2894598E-02   1.8289905E-02   8.6986661E-02
   8.5000000E-01   9.4362030E+04   7.2349965E+03   1.0158954E+05   8.7239413E-02   1.8758547E-02   8.2357162E-02
   9.0000000E-01   6.9508269E+04   5.0788111E+03   7.4580006E+04   8.2038485E-02   2.1289956E-02   7.7884088E-02
   9.5000000E-01   4.4040686E+04   2.9183991E+03   4.6959085E+04   7.8211638E-02   1.9694604E-02   7.4574642E-02
   1.0000000E+00   1.8737056E+04   1.1506313E+03   1.9887687E+04   8.1711138E-02   1.8910184E-02   7.8062700E-02
