   0.0000000E+00   3.8804267E+07   3.6877601E+07   7.5666589E+07   1.4672744E-02   1.5217561E-03   8.2649997E-03
   5.0000000E-02   2.0875654E+07   1.3292112E+07   3.4137335E+07   8.2019185E-03   2.1141862E-03   5.8295363E-03
   1.0000000E-01   1.3284408E+07   7.1758189E+06   2.0444121E+07   4.5600518E-03   1.8284600E-03   3.5956894E-03
   1.5000000E-01   9.5811488E+06   4.9053463E+06   1.4468924E+07   3.0712864E-03   1.5483936E-03   2.5563103E-03
   2.0000000E-01   7.4158246E+06   3.6881293E+06   1.1089837E+07   2.4067512E-03   1.7797176E-03   2.2002793E-03
   2.5000000E-01   5.9060235E+06   2.8931822E+06   8.7874919E+06   2.2399587E-03   1.3486043E-03   1.9280042E-03
   3.0000000E-01   4.8314242E+06   2.3447343E+06   7.1671503E+06   1.7050091E-03   1.6092677E-03   1.6658867E-03
   3.5000000E-01   4.0054115E+06   1.9415721E+06   5.9395624E+06   1.9486763E-03   1.3056040E-03   1.7289886E-03
   4.0000000E-01   3.3666920E+06   1.6216854E+06   4.9826479E+06   2.1616040E-03   1.7150874E-03   2.0007219E-03
   4.5000000E-01   2.8551548E+06   1.3749643E+06   4.2253515E+06   2.1659953E-03   1.6441584E-03   1.9965376E-03
   5.0000000E-01   2.4437478E+06   1.1678599E+06   3.6083036E+06   2.6224142E-03   2.5611272E-03   2.5707562E-03
   5.5000000E-01   2.0864171E+06   1.0018312E+06   3.0851231E+06   2.9347844E-03   2.8024904E-03   2.8922210E-03
   6.0000000E-01   1.7923393E+06   8.5590876E+05   2.6457599E+06   4.1195938E-03   3.0890596E-03   3.7776332E-03
   6.5000000E-01   1.5310118E+06   7.3394914E+05   2.2630364E+06   4.6005577E-03   3.9106998E-03   4.3632325E-03
   7.0000000E-01   1.3145061E+06   6.2612464E+05   1.9390392E+06   5.8150745E-03   4.8091611E-03   5.4836115E-03
   7.5000000E-01   1.1128920E+06   5.2799122E+05   1.6397670E+06   6.3388933E-03   6.0208032E-03   6.2360155E-03
   8.0000000E-01   9.3208695E+05   4.4349321E+05   1.3747486E+06   8.1644134E-03   7.0611155E-03   7.8146097E-03
   8.5000000E-01   7.6777842E+05   3.6684653E+05   1.1339209E+06   1.0365442E-02   1.0001273E-02   1.0234954E-02
   9.0000000E-01   6.1169257E+05   2.9075132E+05   9.0212205E+05   1.3039394E-02   1.2369639E-02   1.2826833E-02
   9.5000000E-01   4.4931953E+05   2.1337484E+05   6.6242298E+05   1.9187453E-02   1.8919273E-02   1.9108092E-02
   1.0000000E+00   2.6871956E+05   1.2804703E+05   3.9668485E+05   3.1490702E-02   2.9468225E-02   3.0828706E-02
