   0.0000000E+00   7.4787544E+07   5.7575892E+07   1.3234357E+08   1.3532248E-04   1.0008298E-04   1.0350403E-04
   5.0000000E-02   3.9268808E+07   2.0932886E+07   6.0165407E+07   6.2361180E-05   5.6250528E-05   5.9377761E-05
   1.0000000E-01   2.0929830E+07   1.0389667E+07   3.1303072E+07   8.2174509E-05   5.6183178E-05   6.3615377E-05
   1.5000000E-01   1.3317725E+07   6.5613641E+06   1.9867078E+07   3.1877937E-05   7.3979920E-05   4.4632012E-05
   2.0000000E-01   9.2857997E+06   4.5503831E+06   1.3828830E+07   7.0716874E-05   2.0013011E-05   5.2931662E-05
   2.5000000E-01   6.7941335E+06   3.3364733E+06   1.0126316E+07   3.6849846E-05   7.1318351E-05   4.9559567E-06
   3.0000000E-01   5.1330546E+06   2.5058840E+06   7.6356600E+06   1.3305467E-04   6.2118426E-05   8.7921982E-05
   3.5000000E-01   3.9811472E+06   1.9468560E+06   5.9258296E+06   8.1342255E-06   2.5611595E-04   8.6643121E-05
   4.0000000E-01   3.1390766E+06   1.5384792E+06   4.6761075E+06   1.1507073E-04   1.1746365E-04   4.2876708E-05
   4.5000000E-01   2.4930525E+06   1.2206618E+06   3.7125755E+06   2.0765873E-04   2.2157000E-04   1.4831595E-04
   5.0000000E-01   1.9959749E+06   9.8097377E+05   2.9761974E+06   1.9921547E-04   4.2540231E-04   9.5388981E-05
   5.5000000E-01   1.6124363E+06   7.8837835E+05   2.4002880E+06   2.5617875E-04   5.2039009E-04   3.3913966E-04
   6.0000000E-01   1.3094685E+06   6.4190902E+05   1.9510168E+06   2.3194892E-04   5.6526810E-04   2.9134257E-04
   6.5000000E-01   1.0601874E+06   5.2264035E+05   1.5825192E+06   4.9305031E-04   3.4051363E-04   4.1778241E-04
   7.0000000E-01   8.6040526E+05   4.1876394E+05   1.2789509E+06   6.5193498E-04   2.3402248E-04   5.0152354E-04
   7.5000000E-01   6.8792284E+05   3.3823184E+05   1.0260528E+06   4.3718551E-04   2.4731712E-04   2.6654384E-04
   8.0000000E-01   5.4686036E+05   2.6630601E+05   8.1310669E+05   8.0227297E-04   1.1173312E-03   8.9332464E-04
   8.5000000E-01   4.2381651E+05   2.0656065E+05   6.3032098E+05   1.7272461E-03   1.5830508E-03   1.6486039E-03
   9.0000000E-01   3.1579524E+05   1.5338646E+05   4.6914633E+05   1.4975993E-03   2.5944010E-03   1.8365216E-03
   9.5000000E-01   2.0656301E+05   1.0117228E+05   3.0770514E+05   2.6299690E-03   2.5299306E-03   2.5977325E-03
   1.0000000E+00   1.1474875E+05   5.6230031E+04   1.7097878E+05   6.1136577E-03   5.7890438E-03   6.0023507E-03
