   0.0000000E+00   3.5156690E+06   7.0753056E+08   7.1042081E+08   2.5611116E-04   1.0673585E-05   1.0657999E-05
   5.0000000E-02   3.5435530E+06   9.4114493E+07   9.7547974E+07   3.5960721E-05   5.3364595E-05   5.0374101E-05
   1.0000000E-01   3.5818457E+06   1.1629038E+07   1.5202989E+07   2.2207761E-05   2.8879985E-04   2.1961977E-04
   1.5000000E-01   3.6769673E+06   1.6705964E+06   5.3455477E+06   4.5251804E-05   1.5442530E-03   4.5263711E-04
   2.0000000E-01   3.8168538E+06   2.4928439E+05   4.0649287E+06   3.0607755E-05   7.2765930E-03   4.2811236E-04
   2.5000000E-01   4.0134802E+06   4.2080567E+04   4.0542112E+06   2.1346531E-05   3.1534942E-02   3.3452357E-04
   3.0000000E-01   4.3143298E+06   8.6474186E+03   4.3208233E+06   2.8783437E-05   1.0543878E-01   2.0140160E-04
   3.5000000E-01   4.7697463E+06   2.6738030E+03   4.7692916E+06   1.6343488E-05   2.2775802E-01   1.1154603E-04
   4.0000000E-01   5.5332205E+06   1.5597184E+03   5.5298146E+06   3.0715178E-05   3.7561820E-01   7.5667057E-05
   4.5000000E-01   6.6222038E+06   9.3370900E+02   6.6155900E+06   1.0611721E-05   4.1161268E-01   4.8461309E-05
   5.0000000E-01   7.5660923E+06   6.2388738E+02   7.5588858E+06   1.8824693E-05   4.4620891E-01   2.0312797E-05
   5.5000000E-01   6.5594639E+06   5.3823308E+02   6.5513094E+06   4.2158289E-06   4.8243143E-01   3.8801087E-05
   6.0000000E-01   3.2887141E+06   4.9338032E+02   3.2867512E+06   3.9014191E-05   5.0050379E-01   1.1383363E-04
   6.5000000E-01   9.3856363E+05   3.0361866E+02   9.3876441E+05   2.3266594E-04   5.4709412E-01   4.0929313E-04
   7.0000000E-01   2.0575551E+05   2.4100606E+02   2.0598287E+05   1.3025919E-03   5.4681007E-01   1.9390848E-03
   7.5000000E-01   4.1240229E+04   1.9523006E+02   4.1435459E+04   4.5773024E-03   5.9802223E-01   7.3712036E-03
   8.0000000E-01   8.4192965E+03   1.5915494E+02   8.5784514E+03   2.1564696E-02   6.5077813E-01   3.3191540E-02
   8.5000000E-01   1.8574318E+03   9.3620555E+01   1.9510524E+03   7.7592792E-02   6.5631864E-01   1.0527856E-01
   9.0000000E-01   5.6942102E+02   1.0256652E+02   6.7198754E+02   2.3042581E-01   7.3602181E-01   3.0744757E-01
   9.5000000E-01   2.4124539E+02   4.6908825E+01   2.8815421E+02   3.1865305E-01   7.7557731E-01   3.9261323E-01
   1.0000000E+00   1.0060164E+02   1.8862808E+01   1.1946445E+02   3.9665581E-01   8.1398768E-01   4.5805683E-01
