   0.0000000E+00   2.7858481E+07   2.2676906E+07   5.0529785E+07   2.2599767E-02   7.2856453E-04   1.2744826E-02
   5.0000000E-02   1.6496728E+07   9.8237434E+06   2.6310731E+07   7.3629115E-03   9.3375918E-04   4.9619551E-03
   1.0000000E-01   1.0777591E+07   5.6503188E+06   1.6421448E+07   2.5079745E-03   1.1550817E-03   2.0540638E-03
   1.5000000E-01   8.0060029E+06   4.0322011E+06   1.2032326E+07   1.0334350E-03   8.8754237E-04   9.9006406E-04
   2.0000000E-01   6.3328388E+06   3.1456656E+06   9.4726794E+06   8.5351272E-04   8.0979910E-04   8.3577647E-04
   2.5000000E-01   5.1993628E+06   2.5716510E+06   7.7661628E+06   1.0193174E-03   8.4355719E-04   9.2580551E-04
   3.0000000E-01   4.3813658E+06   2.1476899E+06   6.5252466E+06   5.9019397E-04   1.0265581E-03   7.0921547E-04
   3.5000000E-01   3.7596672E+06   1.8511721E+06   5.6076562E+06   6.3192193E-04   4.4644287E-04   3.8386098E-04
   4.0000000E-01   3.2693370E+06   1.6015921E+06   4.8678813E+06   5.0495671E-04   9.0091820E-04   6.2225468E-04
   4.5000000E-01   2.8669252E+06   1.4094691E+06   4.2738054E+06   7.8427989E-04   4.6354112E-04   6.7037537E-04
   5.0000000E-01   2.5188944E+06   1.2394860E+06   3.7563813E+06   4.7672500E-04   7.7208900E-04   5.7253164E-04
   5.5000000E-01   2.2225843E+06   1.0904718E+06   3.3112794E+06   1.3008639E-03   1.0357704E-03   1.1937921E-03
   6.0000000E-01   1.9709854E+06   9.6981595E+05   2.9392629E+06   1.0948736E-03   1.1771194E-03   1.1012776E-03
   6.5000000E-01   1.7493626E+06   8.5907431E+05   2.6070755E+06   1.2210121E-03   1.2659327E-03   1.2344297E-03
   7.0000000E-01   1.5354359E+06   7.5528570E+05   2.2895848E+06   1.8924317E-03   1.7142246E-03   1.8315220E-03
   7.5000000E-01   1.3425208E+06   6.5901606E+05   2.0005734E+06   2.2292001E-03   1.8329573E-03   2.0999866E-03
   8.0000000E-01   1.1591215E+06   5.7045508E+05   1.7288245E+06   2.8432878E-03   3.2005624E-03   2.9607157E-03
   8.5000000E-01   9.8378726E+05   4.8292478E+05   1.4660941E+06   4.0170177E-03   3.9499024E-03   3.9107955E-03
   9.0000000E-01   7.9582423E+05   3.9097296E+05   1.1864789E+06   5.3442762E-03   5.2557381E-03   5.2832029E-03
   9.5000000E-01   5.9736044E+05   2.9335774E+05   8.9046688E+05   8.6136824E-03   8.2419046E-03   8.4921562E-03
   1.0000000E+00   3.7979007E+05   1.8465432E+05   5.6440037E+05   1.4854883E-02   1.5039977E-02   1.4911870E-02
