   0.0000000E+00   1.0489253E+08   5.6704996E+07   1.6154965E+08   2.3332774E-03   1.1791846E-03   1.9296401E-03
   5.0000000E-02   4.1337632E+07   2.0890169E+07   6.2166812E+07   6.7125698E-04   5.3977752E-04   6.2350691E-04
   1.0000000E-01   2.0639468E+07   1.0315978E+07   3.0929535E+07   1.8553718E-04   3.1137555E-04   2.1841116E-04
   1.5000000E-01   1.3030822E+07   6.5213632E+06   1.9533765E+07   1.6058123E-04   8.6406751E-05   1.3322954E-04
   2.0000000E-01   9.0609296E+06   4.5303455E+06   1.3578670E+07   1.8908666E-04   2.1659067E-04   1.8325916E-04
   2.5000000E-01   6.6385564E+06   3.3110722E+06   9.9427149E+06   1.8068082E-04   2.0255185E-04   1.7517292E-04
   3.0000000E-01   5.0480553E+06   2.5190726E+06   7.5617697E+06   2.1257989E-04   4.1559959E-04   2.7788822E-04
   3.5000000E-01   3.8984867E+06   1.9504757E+06   5.8452063E+06   1.1771041E-04   3.5791753E-04   1.5840870E-04
   4.0000000E-01   3.0711254E+06   1.5384792E+06   4.6066364E+06   1.9942715E-04   2.8134019E-04   2.2535661E-04
   4.5000000E-01   2.4536599E+06   1.2211358E+06   3.6729353E+06   7.6010096E-05   4.6570372E-04   1.3316023E-04
   5.0000000E-01   1.9708093E+06   9.8630228E+05   2.9559211E+06   1.2531216E-04   3.5628101E-04   1.9933576E-04
   5.5000000E-01   1.6016833E+06   7.9610460E+05   2.3968329E+06   3.7469357E-04   6.0865413E-04   4.4909402E-04
   6.0000000E-01   1.2962587E+06   6.4683752E+05   1.9424065E+06   3.4628785E-04   3.3981086E-04   2.7129471E-04
   6.5000000E-01   1.0515343E+06   5.2293907E+05   1.5739591E+06   5.4693617E-04   6.8608776E-04   5.7738524E-04
   7.0000000E-01   8.5059677E+05   4.2580768E+05   1.2761453E+06   3.6488857E-04   5.5365751E-04   3.3175332E-04
   7.5000000E-01   6.8512595E+05   3.4214069E+05   1.0270290E+06   9.6872222E-04   6.4643309E-04   8.2847645E-04
   8.0000000E-01   5.4538420E+05   2.7301837E+05   8.1821954E+05   1.3399005E-03   5.8274883E-04   1.0636773E-03
   8.5000000E-01   4.2234479E+05   2.1030547E+05   6.3253792E+05   1.8181331E-03   1.7893156E-03   1.7818818E-03
   9.0000000E-01   3.1265104E+05   1.5643870E+05   4.6902962E+05   2.2872650E-03   2.0815058E-03   2.2005272E-03
   9.5000000E-01   2.0897882E+05   1.0371206E+05   3.1266072E+05   4.0846762E-03   4.5797737E-03   4.2349648E-03
   1.0000000E+00   1.1469216E+05   5.7783069E+04   1.7247523E+05   8.5913106E-03   9.0591626E-03   8.7419085E-03
