   0.0000000E+00   3.2234122E+09   1.6585483E+09   4.6656106E+09   3.1331303E-04   1.8963471E-08   2.0779368E-04
   5.0000000E-02   1.5880480E+06   4.0138877E+05   1.9888638E+06   2.3370097E-01   1.4688955E-05   1.8657555E-01
   1.0000000E-01   4.5760229E+05   1.1656508E+05   5.7413554E+05   2.8182119E-01   1.1206611E-05   2.2460069E-01
   1.5000000E-01   1.5404076E+05   3.9300661E+04   1.9334142E+05   3.1289126E-01   4.9628269E-06   2.4929062E-01
   2.0000000E-01   4.9194793E+04   1.4435353E+04   6.3630146E+04   3.3706159E-01   5.2066136E-06   2.6059346E-01
   2.5000000E-01   1.5558987E+04   4.2144229E+03   1.9773410E+04   3.5144457E-01   8.6847022E-06   2.7654098E-01
   3.0000000E-01   4.4457281E+03   1.3156809E+03   5.7614089E+03   3.6159726E-01   1.4788105E-05   2.7902594E-01
   3.5000000E-01   1.0822536E+03   2.5464791E+02   1.3369015E+03   3.5402685E-01   1.2843343E-05   2.8659561E-01
   4.0000000E-01   2.3873241E+02   6.3661977E+01   3.0239439E+02   3.7815367E-01   1.6385523E-06   2.9854220E-01
   4.5000000E-01   5.6588424E+01   7.0735530E+00   6.3661977E+01   3.5659983E-01   1.1659643E-05   3.1697892E-01
   5.0000000E-01   1.9098593E+01   6.3661977E+00   2.5464791E+01   3.7113512E-01   1.4198240E-05   2.7834779E-01
   5.5000000E-01   5.7874525E+00   0.0000000E+00   5.7874525E+00   4.4112888E-01   0.0000000E+00   4.4112888E-01
   6.0000000E-01   0.0000000E+00   0.0000000E+00   0.0000000E+00   0.0000000E+00   0.0000000E+00   0.0000000E+00
   6.5000000E-01   0.0000000E+00   0.0000000E+00   0.0000000E+00   0.0000000E+00   0.0000000E+00   0.0000000E+00
   7.0000000E-01   0.0000000E+00   0.0000000E+00   0.0000000E+00   0.0000000E+00   0.0000000E+00   0.0000000E+00
   7.5000000E-01   0.0000000E+00   0.0000000E+00   0.0000000E+00   0.0000000E+00   0.0000000E+00   0.0000000E+00
   8.0000000E-01   0.0000000E+00   0.0000000E+00   0.0000000E+00   0.0000000E+00   0.0000000E+00   0.0000000E+00
   8.5000000E-01   0.0000000E+00   0.0000000E+00   0.0000000E+00   0.0000000E+00   0.0000000E+00   0.0000000E+00
   9.0000000E-01   0.0000000E+00   0.0000000E+00   0.0000000E+00   0.0000000E+00   0.0000000E+00   0.0000000E+00
   9.5000000E-01   0.0000000E+00   0.0000000E+00   0.0000000E+00   0.0000000E+00   0.0000000E+00   0.0000000E+00
   1.0000000E+00   0.0000000E+00   0.0000000E+00   0.0000000E+00   0.0000000E+00   0.0000000E+00   0.0000000E+00
