   0.0000000E+00   2.7259142E+09   1.6126083E+09   4.1622679E+09   7.0435635E-03   4.0941399E-08   4.4597859E-03
   5.0000000E-02   1.8210127E+07   5.3809013E+06   2.3555441E+07   2.5975851E-01   1.0545419E-05   2.0048562E-01
   1.0000000E-01   2.1879667E+06   5.9043301E+05   2.7774129E+06   2.7716075E-01   8.1111534E-06   2.1825581E-01
   1.5000000E-01   4.2237600E+05   5.0547610E+04   4.7288117E+05   1.5283007E-01   2.6918671E-04   1.3651602E-01
   2.0000000E-01   2.4352298E+05   4.6473243E+03   2.4812256E+05   3.0737456E-02   8.6777692E-04   3.0183884E-02
   2.5000000E-01   2.2533793E+05   4.0743665E+02   2.2573264E+05   4.4434566E-03   7.4454772E-06   4.4356764E-03
   3.0000000E-01   2.2814331E+05   8.4882636E+01   2.2821758E+05   6.0260418E-04   4.4086994E-02   6.1870492E-04
   3.5000000E-01   2.3706811E+05   2.7283705E+01   2.3706811E+05   1.1409645E-04   1.0582510E-05   1.1409527E-04
   4.0000000E-01   2.4957087E+05   7.9577472E+00   2.4957882E+05   2.1944456E-05   5.5265746E-01   3.9560172E-05
   4.5000000E-01   2.6482675E+05   0.0000000E+00   2.6475602E+05   7.7082816E-06   0.0000000E+00   7.7102347E-06
   5.0000000E-01   2.8435259E+05   0.0000000E+00   2.8432076E+05   2.2826375E-06   0.0000000E+00   2.2812283E-06
   5.5000000E-01   3.1496474E+05   0.0000000E+00   3.1490686E+05   1.5176398E-05   0.0000000E+00   1.5178390E-05
   6.0000000E-01   3.6626327E+05   0.0000000E+00   3.6618369E+05   2.1461009E-06   0.0000000E+00   2.1456768E-06
   6.5000000E-01   4.4980125E+05   0.0000000E+00   4.4969352E+05   5.4127461E-06   0.0000000E+00   5.3996690E-06
   7.0000000E-01   5.4235912E+05   0.0000000E+00   5.4218178E+05   2.8074640E-06   0.0000000E+00   2.7073824E-06
   7.5000000E-01   4.9676290E+05   0.0000000E+00   4.9654645E+05   6.8403287E-07   0.0000000E+00   6.8229619E-07
   8.0000000E-01   2.7879171E+05   0.0000000E+00   2.7870816E+05   1.0915871E-05   0.0000000E+00   1.0919941E-05
   8.5000000E-01   9.0149105E+04   3.7448222E+00   9.0145360E+04   1.2553758E-05   5.2171499E-01   3.4231432E-05
   9.0000000E-01   1.7432771E+04   0.0000000E+00   1.7429235E+04   7.2757733E-05   0.0000000E+00   7.2771489E-05
   9.5000000E-01   2.5464791E+03   0.0000000E+00   2.5464791E+03   1.3310335E-05   0.0000000E+00   1.3310335E-05
   1.0000000E+00   3.6468096E+02   0.0000000E+00   3.6468096E+02   8.3281247E-06   0.0000000E+00   8.3281247E-06
