   0.0000000E+00   7.7635527E+07   4.0733480E+07   1.1835067E+08   2.4289722E-03   1.1642564E-03   1.9776356E-03
   5.0000000E-02   3.0373766E+07   1.5230937E+07   4.5585604E+07   4.6410959E-04   5.9386305E-04   4.6814265E-04
   1.0000000E-01   1.5799343E+07   7.8962497E+06   2.3685725E+07   1.7866332E-04   3.4700468E-04   2.2804203E-04
   1.5000000E-01   1.0441562E+07   5.2218312E+06   1.5656687E+07   3.4054815E-04   1.5489211E-04   2.2194459E-04
   2.0000000E-01   7.6238083E+06   3.8360957E+06   1.1454875E+07   2.1371637E-04   3.8282430E-04   2.4719010E-04
   2.5000000E-01   5.9025985E+06   2.9498668E+06   8.8487475E+06   3.4763636E-04   1.4373023E-04   2.0847180E-04
   3.0000000E-01   4.7153259E+06   2.3523737E+06   7.0650046E+06   1.8782001E-04   9.0078145E-05   1.3568829E-04
   3.5000000E-01   3.8372621E+06   1.9277029E+06   5.7628459E+06   1.3717170E-04   4.8605870E-04   9.6207018E-05
   4.0000000E-01   3.1924890E+06   1.5953453E+06   4.7859881E+06   2.6550538E-04   2.1428578E-04   2.4733169E-04
   4.5000000E-01   2.6776511E+06   1.3362295E+06   4.0121546E+06   4.5879653E-04   1.5237806E-04   3.4285307E-04
   5.0000000E-01   2.2719241E+06   1.1369647E+06   3.4077238E+06   1.7607044E-04   6.3190678E-05   1.3956073E-04
   5.5000000E-01   1.9273548E+06   9.6073447E+05   2.8871517E+06   5.1412296E-04   7.0282708E-04   5.6107462E-04
   6.0000000E-01   1.6451846E+06   8.2217322E+05   2.4666576E+06   2.9215954E-04   1.3718338E-04   1.7286052E-04
   6.5000000E-01   1.3964108E+06   7.0015443E+05   2.0959922E+06   4.6440351E-04   7.5817576E-04   5.5933092E-04
   7.0000000E-01   1.1866729E+06   5.9382983E+05   1.7801162E+06   7.7229394E-04   6.8738618E-04   7.3961010E-04
   7.5000000E-01   9.9997687E+05   5.0098581E+05   1.5006953E+06   8.3536128E-04   1.3692726E-03   1.0106678E-03
   8.0000000E-01   8.2686165E+05   4.1517556E+05   1.2417746E+06   1.0484058E-03   1.5679005E-03   1.2134219E-03
   8.5000000E-01   6.6958919E+05   3.3561471E+05   1.0050429E+06   1.0262238E-03   1.1208777E-03   7.7917001E-04
   9.0000000E-01   5.1934380E+05   2.6082666E+05   7.8007143E+05   1.9443449E-03   2.5803058E-03   2.1410093E-03
   9.5000000E-01   3.5603798E+05   1.7846128E+05   5.3444900E+05   3.4837104E-03   3.1408059E-03   3.3677845E-03
   1.0000000E+00   1.9562618E+05   9.7156037E+04   2.9277593E+05   8.1822554E-03   7.5808295E-03   7.9551267E-03
