   0.0000000E+00   3.0385302E+08   1.6117379E+08   4.6481545E+08   7.3040043E-06   2.3240540E-05   5.9529019E-06
   5.0000000E-02   9.6753091E+07   4.8407549E+07   1.4499595E+08   5.0760202E-06   1.0429186E-05   5.0974329E-06
   1.0000000E-01   3.8505151E+07   1.9206086E+07   5.7658844E+07   1.0179506E-05   2.5732264E-05   1.5369408E-05
   1.5000000E-01   1.9545670E+07   9.7644528E+06   2.9286377E+07   1.9262603E-05   2.9069433E-05   2.2827291E-05
   2.0000000E-01   1.0923440E+07   5.4309396E+06   1.6344019E+07   7.8594143E-05   6.0718427E-05   7.1335419E-05
   2.5000000E-01   6.3812729E+06   3.1874151E+06   9.5642826E+06   1.0914222E-04   1.0111658E-04   1.0515685E-04
   3.0000000E-01   3.8512844E+06   1.9247138E+06   5.7744066E+06   1.5944924E-04   9.7195333E-05   1.3784478E-04
   3.5000000E-01   2.3605679E+06   1.1814390E+06   3.5411975E+06   1.2401323E-04   1.2372853E-04   1.2325111E-04
   4.0000000E-01   1.4616551E+06   7.2734605E+05   2.1887863E+06   2.5700402E-04   3.3173670E-04   2.8186301E-04
   4.5000000E-01   9.1500653E+05   4.5609563E+05   1.3709182E+06   3.5023905E-04   5.0851177E-04   3.9783435E-04
   5.0000000E-01   5.7267768E+05   2.8779033E+05   8.6040435E+05   5.9929858E-04   7.1002142E-04   6.3148928E-04
   5.5000000E-01   3.6471947E+05   1.8146557E+05   5.4617347E+05   8.6185298E-04   7.9849632E-04   8.3645426E-04
   6.0000000E-01   2.3183570E+05   1.1507433E+05   3.4689411E+05   1.3897420E-03   6.8187388E-04   1.1358554E-03
   6.5000000E-01   1.4825405E+05   7.3343495E+04   2.2159265E+05   1.5368949E-03   1.1458060E-03   1.3935592E-03
   7.0000000E-01   9.3860491E+04   4.7264471E+04   1.4112041E+05   1.7919552E-03   1.9539452E-03   1.8204746E-03
   7.5000000E-01   6.0988174E+04   3.0256416E+04   9.1244590E+04   2.8664510E-03   2.9237652E-03   2.6784502E-03
   8.0000000E-01   3.8177292E+04   1.9082678E+04   5.7259970E+04   4.7900313E-03   3.0889620E-03   4.1326338E-03
   8.5000000E-01   2.4060483E+04   1.2155693E+04   3.6216175E+04   5.8442422E-03   5.2731019E-03   5.6216976E-03
   9.0000000E-01   1.3941973E+04   7.0947737E+03   2.1036747E+04   7.7555677E-03   1.4780668E-02   1.0123101E-02
   9.5000000E-01   7.1938034E+03   3.6052783E+03   1.0799082E+04   1.8791139E-02   7.0657709E-03   1.4522896E-02
   1.0000000E+00   2.7916956E+03   1.2952462E+03   4.0869417E+03   7.2786115E-03   1.2071012E-02   3.3485538E-03
