   0.0000000E+00   3.2452279E+09   1.6634269E+09   4.6919061E+09   1.0707332E-04   8.5332585E-10   7.2162551E-05
   5.0000000E-02   1.5788170E+04   3.5014087E+03   1.9289579E+04   3.1804596E-01   2.7498669E-06   2.6031434E-01
   1.0000000E-01   1.5915494E+03   0.0000000E+00   1.5915494E+03   2.5148452E-07   0.0000000E+00   2.5148452E-07
   1.5000000E-01   1.6127701E+03   0.0000000E+00   1.6127701E+03   3.7167778E-07   0.0000000E+00   3.7167778E-07
   2.0000000E-01   2.1645072E+03   0.0000000E+00   2.1645072E+03   6.0593087E-08   0.0000000E+00   6.0593087E-08
   2.5000000E-01   2.1263100E+03   0.0000000E+00   2.1263100E+03   1.6041859E-05   0.0000000E+00   1.6041859E-05
   3.0000000E-01   2.3236622E+03   0.0000000E+00   2.3236622E+03   1.0382747E-06   0.0000000E+00   1.0382747E-06
   3.5000000E-01   2.4191551E+03   0.0000000E+00   2.4191551E+03   2.3052739E-06   0.0000000E+00   2.3052739E-06
   4.0000000E-01   2.5942256E+03   0.0000000E+00   2.5942256E+03   7.6514258E-06   0.0000000E+00   7.6514258E-06
   4.5000000E-01   2.7728328E+03   0.0000000E+00   2.7728328E+03   2.0329378E-06   0.0000000E+00   2.0329378E-06
   5.0000000E-01   3.1258031E+03   0.0000000E+00   3.1258031E+03   1.2987989E-06   0.0000000E+00   1.2987989E-06
   5.5000000E-01   3.1773114E+03   0.0000000E+00   3.1773114E+03   1.1788096E-06   0.0000000E+00   1.1788096E-06
   6.0000000E-01   3.3740848E+03   0.0000000E+00   3.3740848E+03   7.8046475E-06   0.0000000E+00   7.8046475E-06
   6.5000000E-01   3.8246157E+03   0.0000000E+00   3.8246157E+03   1.2970776E-05   0.0000000E+00   1.2970776E-05
   7.0000000E-01   5.5476866E+03   0.0000000E+00   5.5476866E+03   1.0459306E-05   0.0000000E+00   1.0459306E-05
   7.5000000E-01   9.6681323E+03   0.0000000E+00   9.6681323E+03   6.2854605E-08   0.0000000E+00   6.2854605E-08
   8.0000000E-01   1.4085212E+03   0.0000000E+00   1.4085212E+03   8.9305667E-06   0.0000000E+00   8.9305667E-06
   8.5000000E-01   0.0000000E+00   0.0000000E+00   0.0000000E+00   0.0000000E+00   0.0000000E+00   0.0000000E+00
   9.0000000E-01   0.0000000E+00   0.0000000E+00   0.0000000E+00   0.0000000E+00   0.0000000E+00   0.0000000E+00
   9.5000000E-01   0.0000000E+00   0.0000000E+00   0.0000000E+00   0.0000000E+00   0.0000000E+00   0.0000000E+00
   1.0000000E+00   0.0000000E+00   0.0000000E+00   0.0000000E+00   0.0000000E+00   0.0000000E+00   0.0000000E+00
