   0.0000000E+00   9.7507740E+07   4.9303910E+07   1.4679892E+08   8.6716458E-04   5.5540143E-04   7.6022977E-04
   5.0000000E-02   3.3987856E+07   1.7044476E+07   5.1020809E+07   2.3580524E-04   3.0171030E-04   2.5117772E-04
   1.0000000E-01   1.6957227E+07   8.4798390E+06   2.5431655E+07   1.6714725E-04   1.5540139E-04   1.3439334E-04
   1.5000000E-01   1.1004143E+07   5.5079069E+06   1.6507890E+07   2.3125652E-05   1.2575788E-04   5.7642628E-05
   2.0000000E-01   7.8974911E+06   3.9755632E+06   1.1870396E+07   1.2834715E-04   1.9122285E-04   7.0156130E-05
   2.5000000E-01   6.0122499E+06   3.0145092E+06   9.0247474E+06   1.7724224E-04   1.8119073E-04   1.5575491E-04
   3.0000000E-01   4.7500111E+06   2.3779871E+06   7.1264066E+06   2.8380934E-04   1.4651831E-04   2.3290792E-04
   3.5000000E-01   3.8221651E+06   1.9161709E+06   5.7371719E+06   3.2891650E-04   6.4792710E-05   2.3547960E-04
   4.0000000E-01   3.1431271E+06   1.5721325E+06   4.7142808E+06   1.9667032E-04   2.4659180E-04   5.3420628E-05
   4.5000000E-01   2.6105372E+06   1.3088620E+06   3.9187130E+06   5.7286510E-05   4.1175524E-04   1.8014712E-04
   5.0000000E-01   2.1864579E+06   1.0968258E+06   3.2827808E+06   2.6460668E-04   2.9216503E-04   1.7902322E-04
   5.5000000E-01   1.8392292E+06   9.2351537E+05   2.7623048E+06   2.3916632E-04   7.6347645E-04   4.1169936E-04
   6.0000000E-01   1.5609917E+06   7.8215636E+05   2.3427979E+06   1.3230587E-04   7.8995488E-04   3.4245705E-04
   6.5000000E-01   1.3175483E+06   6.5745683E+05   1.9747015E+06   6.4337340E-04   7.2995863E-04   6.6974195E-04
   7.0000000E-01   1.1043352E+06   5.5475502E+05   1.6588629E+06   4.5782033E-04   5.7339665E-04   1.2651693E-04
   7.5000000E-01   9.1928320E+05   4.6113341E+05   1.3802935E+06   4.2278643E-04   4.4142617E-04   4.2457223E-04
   8.0000000E-01   7.5653506E+05   3.8037634E+05   1.1367960E+06   4.1688448E-04   4.4767310E-04   3.4712723E-04
   8.5000000E-01   6.0408476E+05   3.0382491E+05   9.0783852E+05   6.4953359E-04   9.5168048E-04   6.9116283E-04
   9.0000000E-01   4.6067575E+05   2.3103285E+05   6.9168738E+05   1.3628996E-03   1.5003389E-03   1.3771125E-03
   9.5000000E-01   3.0632803E+05   1.5267482E+05   4.5898610E+05   2.0812031E-03   2.5947312E-03   2.2296371E-03
   1.0000000E+00   1.5432292E+05   7.6432098E+04   2.3074873E+05   2.7779174E-03   4.1893570E-03   3.2350975E-03
