   0.0000000E+00   1.1448206E+08   4.6463516E+08   5.7750784E+08   2.6581989E-02   1.8105887E-04   5.3851710E-03
   5.0000000E-02   1.7586812E+07   1.4153203E+07   3.1696216E+07   6.3890504E-02   2.6263023E-03   3.6572207E-02
   1.0000000E-01   1.1262122E+07   6.9527474E+06   1.8186763E+07   4.5019525E-02   2.5238596E-03   2.8802771E-02
   1.5000000E-01   8.5088052E+06   4.4606250E+06   1.2946533E+07   3.5007344E-02   2.7707675E-03   2.3921610E-02
   2.0000000E-01   6.8546283E+06   3.1484349E+06   9.9862087E+06   2.9574123E-02   3.1058030E-03   2.1247169E-02
   2.5000000E-01   5.6586840E+06   2.3801685E+06   8.0251652E+06   2.6779483E-02   3.4910403E-03   1.9897310E-02
   3.0000000E-01   4.7612899E+06   1.8414333E+06   6.5918264E+06   2.4045024E-02   3.7664845E-03   1.8396605E-02
   3.5000000E-01   4.0486107E+06   1.4640891E+06   5.5032596E+06   2.2875913E-02   3.9921618E-03   1.7859195E-02
   4.0000000E-01   3.4538214E+06   1.1786060E+06   4.6259578E+06   2.1771526E-02   4.6034351E-03   1.7400448E-02
   4.5000000E-01   2.9582165E+06   9.6111194E+05   3.9140020E+06   2.1207888E-02   5.2804061E-03   1.7304183E-02
   5.0000000E-01   2.5362486E+06   7.9080908E+05   3.3230852E+06   2.1655154E-02   6.2383887E-03   1.7997015E-02
   5.5000000E-01   2.1847749E+06   6.5224589E+05   2.8335425E+06   2.1891262E-02   6.7751208E-03   1.8426785E-02
   6.0000000E-01   1.8667071E+06   5.3884028E+05   2.4026455E+06   2.2883401E-02   7.7443153E-03   1.9482537E-02
   6.5000000E-01   1.5927639E+06   4.4392476E+05   2.0345731E+06   2.3675153E-02   8.8325914E-03   2.0443881E-02
   7.0000000E-01   1.3471284E+06   3.6521057E+05   1.7106064E+06   2.5649743E-02   9.9469806E-03   2.2301309E-02
   7.5000000E-01   1.1342570E+06   2.9856194E+05   1.4314947E+06   2.7869061E-02   1.2060767E-02   2.4564091E-02
   8.0000000E-01   9.3693719E+05   2.4020460E+05   1.1760715E+06   3.0502468E-02   1.4021626E-02   2.7151793E-02
   8.5000000E-01   7.5845382E+05   1.9086610E+05   9.4864210E+05   3.3994876E-02   1.7252827E-02   3.0632863E-02
   9.0000000E-01   5.9011470E+05   1.4576117E+05   7.3553634E+05   3.9294295E-02   2.0210157E-02   3.5520670E-02
   9.5000000E-01   4.1269044E+05   9.9232269E+04   5.1172167E+05   4.7987751E-02   2.5756293E-02   4.3680476E-02
   1.0000000E+00   2.1288565E+05   4.9087314E+04   2.6193524E+05   6.0337185E-02   3.8300861E-02   5.6221011E-02
