   0.0000000E+00   3.2295889E+09   1.6569252E+09   4.6815745E+09   5.0495605E-05   2.6715294E-10   3.3646219E-05
   5.0000000E-02   3.5459721E+05   8.4161134E+04   4.3875835E+05   1.9326122E-01   6.2661933E-04   1.5631071E-01
   1.0000000E-01   1.6307015E+05   3.7815214E+04   2.0085354E+05   2.0725051E-01   5.8232081E-04   1.6831400E-01
   1.5000000E-01   9.5959820E+04   2.3130518E+04   1.1909034E+05   2.1945881E-01   7.1331264E-04   1.7697260E-01
   2.0000000E-01   6.4139442E+04   1.6170142E+04   8.0309584E+04   2.3433374E-01   7.1085248E-04   1.8728746E-01
   2.5000000E-01   4.5403722E+04   1.1357297E+04   5.6761019E+04   2.4342988E-01   6.4453496E-06   1.9472077E-01
   3.0000000E-01   3.4090989E+04   8.2123951E+03   4.2303384E+04   2.5603807E-01   2.4417599E-06   2.0633363E-01
   3.5000000E-01   2.5037346E+04   5.5294975E+03   3.0566844E+04   2.5973736E-01   4.4978188E-05   2.1275939E-01
   4.0000000E-01   1.9194086E+04   4.5757046E+03   2.3769791E+04   2.6422783E-01   2.9486470E-06   2.1336319E-01
   4.5000000E-01   1.4493710E+04   3.2326137E+03   1.7726324E+04   2.7235431E-01   2.6095309E-06   2.2268762E-01
   5.0000000E-01   1.1268170E+04   2.7501974E+03   1.4018367E+04   2.7858064E-01   1.2887041E-06   2.2392747E-01
   5.5000000E-01   8.9358266E+03   2.0892703E+03   1.1025097E+04   2.7155706E-01   8.3670262E-06   2.2009822E-01
   6.0000000E-01   6.8277471E+03   1.5331926E+03   8.3609397E+03   2.7933990E-01   7.1200607E-04   2.2824633E-01
   6.5000000E-01   5.2986353E+03   1.1116361E+03   6.4102714E+03   2.5935687E-01   8.8842383E-05   2.1436513E-01
   7.0000000E-01   4.2244269E+03   8.7762583E+02   5.1020527E+03   2.4489126E-01   2.0871299E-06   2.0276683E-01
   7.5000000E-01   3.4080378E+03   8.2760570E+02   4.2356436E+03   2.2184269E-01   2.8395253E-05   1.7850222E-01
   8.0000000E-01   2.6180988E+03   4.3369722E+02   3.0517960E+03   2.3856750E-01   5.5513654E-05   2.0465627E-01
   8.5000000E-01   2.2206796E+03   4.0069597E+02   2.6213755E+03   2.0479970E-01   6.2837715E-05   1.7350421E-01
   9.0000000E-01   1.5880127E+03   2.2635370E+02   1.8143664E+03   1.9088634E-01   5.1442389E-05   1.6707848E-01
   9.5000000E-01   1.0856042E+03   1.0051891E+02   1.1861232E+03   1.5127550E-01   1.8561467E-06   1.3845539E-01
   1.0000000E+00   6.5391068E+02   3.7725616E+01   6.9163630E+02   1.4652688E-01   1.0299961E-05   1.3853506E-01
