   0.0000000E+00   1.5425450E+08   8.2240070E+07   2.3641817E+08   4.7840226E-05   3.9451629E-05   4.0129486E-05
   5.0000000E-02   5.6033426E+07   2.8063664E+07   8.4033555E+07   2.8225589E-05   4.4685080E-05   1.3739153E-05
   1.0000000E-01   2.6058662E+07   1.3028169E+07   3.9061684E+07   2.2658253E-05   4.6479290E-05   2.2710177E-05
   1.5000000E-01   1.5503686E+07   7.7330628E+06   2.3223210E+07   3.5319900E-05   9.0386847E-05   1.8051869E-05
   2.0000000E-01   1.0165751E+07   5.0845707E+06   1.5242699E+07   6.0482177E-05   5.3237995E-05   5.5636858E-05
   2.5000000E-01   7.0466933E+06   3.5168022E+06   1.0558785E+07   1.0169369E-04   1.4872562E-04   2.6199110E-05
   3.0000000E-01   5.0542411E+06   2.5154227E+06   7.5669687E+06   7.9686005E-05   1.0970533E-04   1.7778218E-05
   3.5000000E-01   3.6893753E+06   1.8499625E+06   5.5372460E+06   1.0514288E-04   1.4354148E-05   7.3992569E-05
   4.0000000E-01   2.7465289E+06   1.3723453E+06   4.1177044E+06   9.0839700E-05   6.9227889E-05   6.9827822E-05
   4.5000000E-01   2.0686394E+06   1.0303691E+06   3.0983506E+06   1.2163365E-04   3.2219279E-04   1.8714888E-04
   5.0000000E-01   1.5742461E+06   7.8254576E+05   2.3564099E+06   1.7500073E-04   1.1502233E-04   1.3042648E-04
   5.5000000E-01   1.2005607E+06   6.0380492E+05   1.8040242E+06   1.1046498E-04   1.7014172E-04   4.3105059E-05
   6.0000000E-01   9.2627646E+05   4.5913548E+05   1.3852316E+06   2.9336194E-04   1.4792922E-04   2.4140960E-04
   6.5000000E-01   7.0922871E+05   3.5444540E+05   1.0635174E+06   3.6662270E-04   3.6734864E-04   3.6906721E-04
   7.0000000E-01   5.4549220E+05   2.7330996E+05   8.1873395E+05   3.3500233E-04   2.5716653E-04   3.0339908E-04
   7.5000000E-01   4.1679072E+05   2.0899378E+05   6.2573357E+05   2.7759668E-04   1.1166884E-03   4.5362134E-04
   8.0000000E-01   3.1445436E+05   1.5749973E+05   4.7191430E+05   6.9536691E-04   9.1742455E-04   2.2941771E-04
   8.5000000E-01   2.3204791E+05   1.1580114E+05   3.4783032E+05   1.7968084E-04   2.0200493E-03   7.2817531E-04
   9.0000000E-01   1.6021598E+05   7.9510273E+04   2.3971210E+05   1.1948959E-03   1.3125805E-03   1.0772943E-03
   9.5000000E-01   1.0002302E+05   4.9843978E+04   1.4986365E+05   2.1528039E-03   2.7714564E-03   2.2770975E-03
   1.0000000E+00   4.7578290E+04   2.4006067E+04   7.1584357E+04   4.2449151E-03   6.9031142E-03   5.0537070E-03
