   0.0000000E+00   9.3289243E+07   4.7881446E+07   1.4115796E+08   8.8547070E-04   4.6105905E-04   7.2069960E-04
   5.0000000E-02   3.3699277E+07   1.6789892E+07   5.0474462E+07   4.0687699E-05   1.8164209E-04   4.2533514E-05
   1.0000000E-01   1.6939338E+07   8.4727089E+06   2.5405935E+07   1.6931419E-04   2.3640204E-04   8.9951589E-05
   1.5000000E-01   1.0979675E+07   5.4979332E+06   1.6472261E+07   2.0119250E-04   2.8382869E-05   1.3765112E-04
   2.0000000E-01   7.9056239E+06   3.9623533E+06   1.1864205E+07   6.2484679E-05   1.1556287E-04   7.4788386E-05
   2.5000000E-01   6.0290821E+06   3.0165719E+06   9.0431711E+06   5.6394273E-05   1.0968737E-04   9.1192213E-06
   3.0000000E-01   4.7510191E+06   2.3883958E+06   7.1374732E+06   1.9078873E-04   1.7688297E-04   1.0898455E-04
   3.5000000E-01   3.8379714E+06   1.9182536E+06   5.7546335E+06   9.6127796E-05   2.1562313E-04   9.0494385E-05
   4.0000000E-01   3.1498036E+06   1.5798675E+06   4.7285570E+06   1.7203443E-04   1.4212294E-04   1.6147567E-04
   4.5000000E-01   2.6203199E+06   1.3138630E+06   3.9331431E+06   1.5783022E-04   4.8381782E-04   2.3267621E-04
   5.0000000E-01   2.1996041E+06   1.1021352E+06   3.3011982E+06   4.5472194E-04   4.1068306E-04   4.3944703E-04
   5.5000000E-01   1.8500981E+06   9.3150784E+05   2.7810851E+06   2.6956512E-04   4.4226605E-04   3.1537871E-04
   6.0000000E-01   1.5595434E+06   7.8061255E+05   2.3397793E+06   2.8904865E-04   5.2253051E-04   3.0584371E-04
   6.5000000E-01   1.3139636E+06   6.5837748E+05   1.9719836E+06   1.6303605E-04   7.8284687E-04   2.8194461E-04
   7.0000000E-01   1.1069772E+06   5.5237679E+05   1.6590721E+06   3.3325835E-04   3.0758079E-04   3.2064042E-04
   7.5000000E-01   9.2469022E+05   4.6303903E+05   1.3875467E+06   2.3874424E-04   4.2906471E-04   1.6424862E-04
   8.0000000E-01   7.6310816E+05   3.7908320E+05   1.1420083E+06   2.7699417E-04   2.5488932E-04   2.5117619E-04
   8.5000000E-01   6.0587853E+05   3.0498955E+05   9.1078195E+05   6.2048190E-04   5.8501594E-04   5.9154010E-04
   9.0000000E-01   4.6352639E+05   2.3160581E+05   6.9509684E+05   9.7943684E-04   1.0786984E-03   1.0127905E-03
   9.5000000E-01   3.1156172E+05   1.5648114E+05   4.6799595E+05   1.9695073E-03   1.3807115E-03   1.7368957E-03
   1.0000000E+00   1.5813950E+05   7.8720786E+04   2.3686028E+05   2.9570110E-03   1.3519616E-03   2.4014360E-03
