   0.0000000E+00   9.7688031E+07   4.1145143E+08   5.0805670E+08   2.6836770E-02   5.3035094E-05   5.1849006E-03
   5.0000000E-02   1.5060896E+07   1.5629461E+07   3.0647385E+07   6.3586434E-02   6.9711116E-04   3.1558053E-02
   1.0000000E-01   1.0129894E+07   7.6507373E+06   1.7755994E+07   4.1748358E-02   8.2545597E-04   2.4144146E-02
   1.5000000E-01   7.8869338E+06   4.8278060E+06   1.2693158E+07   3.2198458E-02   1.2256032E-03   2.0454716E-02
   2.0000000E-01   6.5129068E+06   3.4029873E+06   9.8984348E+06   2.6779713E-02   1.3942327E-03   1.8088301E-02
   2.5000000E-01   5.4669978E+06   2.5211289E+06   7.9740828E+06   2.3304403E-02   1.4082953E-03   1.6400370E-02
   3.0000000E-01   4.6974688E+06   1.9383162E+06   6.6238696E+06   2.0836520E-02   1.7766567E-03   1.5274621E-02
   3.5000000E-01   4.0483379E+06   1.5253592E+06   5.5639841E+06   1.9584246E-02   2.2081876E-03   1.4835922E-02
   4.0000000E-01   3.4955359E+06   1.2206945E+06   4.7084239E+06   1.8631243E-02   2.6971678E-03   1.4509135E-02
   4.5000000E-01   3.0471452E+06   9.8408684E+05   4.0249153E+06   1.8179034E-02   2.9137615E-03   1.4454646E-02
   5.0000000E-01   2.6297044E+06   7.9862041E+05   3.4239194E+06   1.8085369E-02   3.4367312E-03   1.4678420E-02
   5.5000000E-01   2.2791682E+06   6.5339760E+05   2.9285899E+06   1.9052429E-02   3.7292213E-03   1.5637934E-02
   6.0000000E-01   1.9580249E+06   5.3316906E+05   2.4879950E+06   1.9442705E-02   4.6818234E-03   1.6283488E-02
   6.5000000E-01   1.6821747E+06   4.3518838E+05   2.1148509E+06   2.0511355E-02   5.6940511E-03   1.7478653E-02
   7.0000000E-01   1.4364870E+06   3.5642067E+05   1.7910206E+06   2.1637447E-02   6.0225401E-03   1.8539434E-02
   7.5000000E-01   1.2137835E+06   2.9121959E+05   1.5035092E+06   2.3474996E-02   7.5858708E-03   2.0406215E-02
   8.0000000E-01   1.0108925E+06   2.3420446E+05   1.2441659E+06   2.6347103E-02   8.9221165E-03   2.3056038E-02
   8.5000000E-01   8.1967043E+05   1.8301695E+05   1.0019347E+06   2.9476320E-02   1.1124930E-02   2.6133839E-02
   9.0000000E-01   6.3772678E+05   1.3790953E+05   7.7516946E+05   3.3756419E-02   1.3231081E-02   3.0117624E-02
   9.5000000E-01   4.4578127E+05   9.4028740E+04   5.3956541E+05   4.2175147E-02   1.7627235E-02   3.7902147E-02
   1.0000000E+00   2.3328892E+05   4.7735480E+04   2.8099925E+05   5.1994176E-02   2.7078579E-02   4.7762860E-02
