   0.0000000E+00   1.3815311E+08   7.3891693E+07   2.1199999E+08   3.6024067E-05   5.7535253E-05   3.7990469E-05
   5.0000000E-02   5.0957657E+07   2.5532527E+07   7.6447085E+07   2.1752295E-05   2.8134628E-05   1.2465831E-05
   1.0000000E-01   2.4095072E+07   1.2062067E+07   3.6140777E+07   4.1558617E-05   6.2661225E-05   4.4369724E-05
   1.5000000E-01   1.4613649E+07   7.3103473E+06   2.1912240E+07   3.6036882E-05   5.5440746E-05   3.7631896E-05
   2.0000000E-01   9.7846390E+06   4.8878870E+06   1.4666064E+07   5.6346544E-05   1.4303703E-04   6.7011830E-05
   2.5000000E-01   6.9116281E+06   3.4585515E+06   1.0365265E+07   1.1063255E-04   8.6899378E-05   1.0293888E-04
   3.0000000E-01   5.0416360E+06   2.5231788E+06   7.5620137E+06   1.1099104E-04   1.0448169E-04   9.3694434E-05
   3.5000000E-01   3.7757009E+06   1.8898058E+06   5.6636878E+06   4.2520074E-05   1.8647993E-04   4.2491065E-05
   4.0000000E-01   2.8732481E+06   1.4313839E+06   4.3034064E+06   7.7610312E-05   2.5487770E-04   1.0698509E-04
   4.5000000E-01   2.2170142E+06   1.1058934E+06   3.3222427E+06   5.5068176E-05   1.0076261E-04   6.6432389E-05
   5.0000000E-01   1.7230878E+06   8.6120650E+05   2.5838741E+06   5.7729425E-05   3.0191732E-04   6.2669815E-05
   5.5000000E-01   1.3488468E+06   6.7408774E+05   2.0225873E+06   7.9888222E-05   5.0840690E-05   5.1995361E-05
   6.0000000E-01   1.0517542E+06   5.2540760E+05   1.5769178E+06   3.9710313E-04   1.2354331E-04   2.7161908E-04
   6.5000000E-01   8.3212081E+05   4.1495856E+05   1.2468933E+06   3.7102382E-04   2.1613237E-04   1.8761123E-04
   7.0000000E-01   6.5047989E+05   3.2579472E+05   9.7617002E+05   6.8423005E-04   6.7078741E-04   6.2507719E-04
   7.5000000E-01   5.0608725E+05   2.5525906E+05   7.6130812E+05   3.8813326E-04   7.8283073E-04   4.6002618E-04
   8.0000000E-01   3.8969884E+05   1.9474597E+05   5.8438512E+05   5.0000602E-04   8.7721724E-04   6.1602635E-04
   8.5000000E-01   2.9278892E+05   1.4587580E+05   4.3863851E+05   7.7497800E-04   1.2217370E-03   9.3074354E-04
   9.0000000E-01   2.0790233E+05   1.0405904E+05   3.1195430E+05   1.4692563E-03   1.3364881E-03   1.2083088E-03
   9.5000000E-01   1.3095939E+05   6.5380851E+04   1.9632684E+05   1.8057246E-03   2.2966192E-03   1.9648619E-03
   1.0000000E+00   6.5120701E+04   3.2192526E+04   9.7313227E+04   5.2030944E-03   2.7757910E-03   4.1920274E-03
