   0.0000000E+00   2.0743822E+08   9.9664608E+07   3.0707176E+08   1.9730422E-03   5.5439607E-05   1.3467510E-03
   5.0000000E-02   5.7875231E+07   2.7446461E+07   8.5302720E+07   1.0171685E-03   3.1036057E-05   6.9713508E-04
   1.0000000E-01   2.5809330E+07   1.2437513E+07   3.8238758E+07   5.2093983E-04   8.6980390E-05   3.4739702E-04
   1.5000000E-01   1.5080483E+07   7.3953785E+06   2.2471426E+07   2.5998520E-04   1.4714161E-04   2.2413422E-04
   2.0000000E-01   9.8372715E+06   4.8659555E+06   1.4700251E+07   7.3961635E-04   1.8061462E-04   5.5016670E-04
   2.5000000E-01   6.7642124E+06   3.3762366E+06   1.0139074E+07   5.0736847E-04   2.9752850E-04   4.3387629E-04
   3.0000000E-01   4.8581516E+06   2.4564186E+06   7.3136259E+06   7.3938258E-05   3.4680333E-04   1.1524083E-04
   3.5000000E-01   3.5531477E+06   1.8149939E+06   5.3676505E+06   2.2876469E-04   5.3256874E-04   5.2576482E-05
   4.0000000E-01   2.6646198E+06   1.3699739E+06   4.0341958E+06   3.1012768E-04   5.3797254E-04   3.8073071E-04
   4.5000000E-01   2.0140174E+06   1.0470981E+06   3.0609174E+06   3.9466121E-04   7.6751712E-04   4.8990339E-04
   5.0000000E-01   1.5298737E+06   8.0806784E+05   2.3378206E+06   6.2396155E-04   7.5272129E-04   5.4324776E-04
   5.5000000E-01   1.1799342E+06   6.2484809E+05   1.8047013E+06   1.0239780E-03   1.1346385E-03   9.3893147E-04
   6.0000000E-01   9.1364487E+05   4.8817596E+05   1.4017572E+06   9.0687757E-04   1.2063549E-03   1.0067707E-03
   6.5000000E-01   7.0801913E+05   3.8244688E+05   1.0904415E+06   2.0557989E-04   1.7084585E-03   7.1770742E-04
   7.0000000E-01   5.4376878E+05   2.9601001E+05   8.3974241E+05   6.4865542E-04   1.8600812E-03   6.1502132E-04
   7.5000000E-01   4.1758013E+05   2.3031206E+05   6.4787521E+05   1.6865705E-03   2.0347035E-03   1.6927953E-03
   8.0000000E-01   3.1784834E+05   1.7548026E+05   4.9331666E+05   5.1007718E-04   2.5022957E-03   1.1187705E-03
   8.5000000E-01   2.3448579E+05   1.3063063E+05   3.6511267E+05   7.9386622E-04   2.7403584E-03   5.0116003E-04
   9.0000000E-01   1.6407106E+05   9.2918193E+04   2.5698218E+05   1.2460467E-03   3.1508402E-03   1.2594821E-03
   9.5000000E-01   9.9101595E+04   5.7279026E+04   1.5638062E+05   1.5507615E-03   3.4865233E-03   2.2559336E-03
   1.0000000E+00   4.3736564E+04   2.4942920E+04   6.8679484E+04   2.2570006E-03   4.3743107E-03   3.0131556E-03
