   0.0000000E+00   3.2109904E+09   1.6538776E+09   4.6510549E+09   1.0579579E-04   2.3378412E-09   6.9814106E-05
   5.0000000E-02   7.0518372E+05   1.7748959E+05   8.8248233E+05   1.9733036E-01   6.9476755E-06   1.5767798E-01
   1.0000000E-01   3.1385355E+05   7.7094654E+04   3.9091637E+05   2.1684569E-01   2.7447392E-05   1.7410349E-01
   1.5000000E-01   1.7840208E+05   4.2420097E+04   2.2082218E+05   2.3549852E-01   7.7498583E-07   1.9029298E-01
   2.0000000E-01   1.1261804E+05   2.8600143E+04   1.4120227E+05   2.5389265E-01   5.0886566E-06   2.0249186E-01
   2.5000000E-01   7.2039893E+04   1.9391438E+04   9.1418599E+04   2.6376117E-01   1.3464148E-05   2.0778845E-01
   3.0000000E-01   4.9720004E+04   1.2987043E+04   6.2707048E+04   2.7975306E-01   5.3879440E-06   2.2181547E-01
   3.5000000E-01   3.5141411E+04   9.5947694E+03   4.4736181E+04   2.8972739E-01   8.6784688E-07   2.2758844E-01
   4.0000000E-01   2.5114650E+04   6.2309160E+03   3.1345566E+04   2.9800585E-01   9.0295059E-06   2.3876603E-01
   4.5000000E-01   1.6785541E+04   4.6543979E+03   2.1439939E+04   3.0230912E-01   1.8404093E-05   2.3668480E-01
   5.0000000E-01   1.2566874E+04   3.1640003E+03   1.5730875E+04   3.1056031E-01   3.0460564E-04   2.4815760E-01
   5.5000000E-01   8.5770046E+03   2.3034061E+03   1.0880411E+04   3.0150955E-01   2.3372082E-05   2.3768428E-01
   6.0000000E-01   6.1115498E+03   1.5066668E+03   7.6182166E+03   2.9763931E-01   3.0460726E-07   2.3877465E-01
   6.5000000E-01   4.2898379E+03   9.5982673E+02   5.2496646E+03   2.8162542E-01   4.0844087E-04   2.3020888E-01
   7.0000000E-01   3.1194369E+03   7.0482903E+02   3.8242659E+03   2.7138725E-01   4.4632325E-05   2.2137761E-01
   7.5000000E-01   2.4149110E+03   3.2679815E+02   2.7417092E+03   2.4830744E-01   7.5206380E-06   2.1871132E-01
   8.0000000E-01   1.7785565E+03   2.8647890E+02   2.0650354E+03   2.2291278E-01   2.9381094E-06   1.9198887E-01
   8.5000000E-01   1.3294119E+03   1.9847558E+02   1.5278875E+03   1.7283464E-01   1.5392958E-04   1.5036308E-01
   9.0000000E-01   1.0504226E+03   1.3439751E+02   1.1848201E+03   1.5068450E-01   4.6305454E-03   1.3411719E-01
   9.5000000E-01   7.2708679E+02   2.3454413E+01   7.5054121E+02   1.0053002E-01   2.8142453E-06   9.7388367E-02
   1.0000000E+00   3.3953055E+02   3.7725616E+01   3.7725616E+02   7.0090126E-02   4.6252028E-06   6.3081373E-02
