   0.0000000E+00   1.5411241E+08   7.8684167E+07   2.3274411E+08   4.7079180E-04   3.0734492E-04   4.1281944E-04
   5.0000000E-02   5.2457724E+07   2.6209190E+07   7.8621205E+07   5.4915387E-05   1.8252355E-04   8.8849954E-05
   1.0000000E-01   2.4430761E+07   1.2245413E+07   3.6658190E+07   6.6041722E-05   2.0984986E-04   1.1062796E-04
   1.5000000E-01   1.4711837E+07   7.3366609E+06   2.2036551E+07   8.2780008E-05   1.7487296E-04   1.1380829E-04
   2.0000000E-01   9.7824427E+06   4.9045028E+06   1.4679895E+07   1.2191648E-04   2.2936465E-04   1.4561267E-04
   2.5000000E-01   6.8840115E+06   3.4382179E+06   1.0318002E+07   3.5039113E-05   1.9168664E-04   5.8252925E-05
   3.0000000E-01   5.0220706E+06   2.5068601E+06   7.5257158E+06   4.0141974E-05   1.2288176E-04   2.5014191E-05
   3.5000000E-01   3.7312285E+06   1.8677515E+06   5.5972338E+06   5.5871236E-05   1.3145034E-04   5.9475762E-05
   4.0000000E-01   2.8272841E+06   1.4181422E+06   4.2442963E+06   1.1012849E-04   2.6493698E-04   6.2907018E-05
   4.5000000E-01   2.1716727E+06   1.0940452E+06   3.2648974E+06   1.6131819E-04   1.0894986E-04   1.2037466E-04
   5.0000000E-01   1.6864249E+06   8.4091106E+05   2.5268776E+06   1.0004599E-04   3.7695247E-04   1.0946053E-04
   5.5000000E-01   1.3111011E+06   6.5614085E+05   1.9668541E+06   3.4645856E-04   1.4304584E-04   2.2001274E-04
   6.0000000E-01   1.0270481E+06   5.1331713E+05   1.5401106E+06   6.4765207E-04   4.1854229E-04   5.3772205E-04
   6.5000000E-01   8.0181281E+05   4.0273057E+05   1.2044063E+06   1.4173847E-04   2.7801500E-04   1.4171770E-04
   7.0000000E-01   6.3019901E+05   3.1488578E+05   9.4494382E+05   4.3671273E-04   7.9051347E-04   5.5501427E-04
   7.5000000E-01   4.8687831E+05   2.4261155E+05   7.2939649E+05   5.6590577E-05   7.8491350E-04   2.4970858E-04
   8.0000000E-01   3.7327007E+05   1.8746861E+05   5.6068695E+05   3.3982882E-04   5.4094905E-04   3.6999388E-04
   8.5000000E-01   2.7904917E+05   1.4088396E+05   4.1989568E+05   8.6282706E-04   1.0801788E-03   8.9430442E-04
   9.0000000E-01   1.9925138E+05   9.8859977E+04   2.9808660E+05   8.3491681E-04   1.3022081E-03   9.8105182E-04
   9.5000000E-01   1.2385940E+05   6.1762170E+04   1.8560482E+05   8.9786577E-04   1.3948769E-03   1.0351988E-03
   1.0000000E+00   5.9505872E+04   2.9620896E+04   8.9126768E+04   4.7307753E-03   4.6348290E-03   4.3119956E-03
