   0.0000000E+00   6.2473790E+07   3.0919858E+07   9.3390593E+07   2.3373818E-03   5.2322236E-04   1.4048747E-03
   5.0000000E-02   2.2977326E+07   1.1532495E+07   3.4507656E+07   2.5662785E-04   8.3324198E-04   4.0670684E-04
   1.0000000E-01   1.2204765E+07   6.1236774E+06   1.8327424E+07   3.8324749E-04   5.2029348E-04   8.2057185E-05
   1.5000000E-01   8.3674332E+06   4.2021361E+06   1.2568487E+07   3.4436170E-04   2.4678805E-04   2.8458445E-04
   2.0000000E-01   6.4000818E+06   3.1940169E+06   9.5933984E+06   6.5217943E-04   1.0438061E-03   7.1969151E-04
   2.5000000E-01   5.1379927E+06   2.5726951E+06   7.7102294E+06   3.7104246E-04   4.9610471E-04   9.6668916E-05
   3.0000000E-01   4.2982445E+06   2.1523478E+06   6.4499557E+06   7.2283941E-04   5.2923556E-04   5.2623918E-04
   3.5000000E-01   3.6565985E+06   1.8356840E+06   5.4919369E+06   3.2199741E-04   5.2111527E-04   2.8812088E-04
   4.0000000E-01   3.1671754E+06   1.5906025E+06   4.7574516E+06   5.1110438E-04   1.9182112E-04   3.9294108E-04
   4.5000000E-01   2.7590111E+06   1.3904130E+06   4.1490986E+06   3.7623860E-04   9.0885888E-04   3.0897950E-04
   5.0000000E-01   2.4395906E+06   1.2240034E+06   3.6634094E+06   4.8579700E-04   4.2247797E-04   4.6433485E-04
   5.5000000E-01   2.1544949E+06   1.0794698E+06   3.2337854E+06   7.3228656E-04   9.3270328E-04   7.4760336E-04
   6.0000000E-01   1.9048459E+06   9.5467501E+05   2.8592822E+06   1.8713435E-04   3.9848974E-04   5.0615832E-05
   6.5000000E-01   1.6836879E+06   8.4186109E+05   2.5253874E+06   3.8123317E-04   8.4244704E-04   2.3488354E-04
   7.0000000E-01   1.4776036E+06   7.3901097E+05   2.2164554E+06   5.6684019E-04   1.6891427E-04   4.3390901E-04
   7.5000000E-01   1.2887179E+06   6.4220929E+05   1.9308211E+06   3.1857725E-04   3.9365136E-04   3.4175466E-04
   8.0000000E-01   1.0999914E+06   5.5093473E+05   1.6508346E+06   1.5831621E-04   6.3223565E-04   3.1447360E-04
   8.5000000E-01   9.1368419E+05   4.5936985E+05   1.3730091E+06   7.1222781E-04   6.0365984E-04   6.7302276E-04
   9.0000000E-01   7.1938742E+05   3.6280253E+05   1.0821723E+06   1.7912215E-04   6.6197816E-04   2.4105750E-04
   9.5000000E-01   4.9062611E+05   2.4749096E+05   7.3809026E+05   8.6263342E-04   8.1484483E-04   7.2076241E-04
   1.0000000E+00   2.4387096E+05   1.2169026E+05   3.6556122E+05   8.8886764E-04   1.1961111E-03   3.6455852E-04
