   0.0000000E+00   5.0214530E+07   2.2759921E+07   7.2962737E+07   6.1684869E-02   1.5184167E-05   4.2442902E-02
   5.0000000E-02   2.0205357E+07   9.6480363E+06   2.9839260E+07   2.7705715E-02   1.9392806E-05   1.8757361E-02
   1.0000000E-01   1.1210047E+07   5.4572320E+06   1.6657984E+07   1.2092012E-02   1.5749811E-05   8.1194684E-03
   1.5000000E-01   7.9094702E+06   3.8815556E+06   1.1782941E+07   7.7303109E-03   1.3325762E-05   5.1863542E-03
   2.0000000E-01   6.1464047E+06   3.0212383E+06   9.1612768E+06   5.8221256E-03   7.1192275E-06   3.9004717E-03
   2.5000000E-01   5.0087970E+06   2.4827662E+06   7.4867376E+06   4.8791985E-03   5.7799557E-06   3.2562841E-03
   3.0000000E-01   4.2244390E+06   2.0920811E+06   6.3126898E+06   3.9248095E-03   1.1694593E-05   2.6238492E-03
   3.5000000E-01   3.6327707E+06   1.8064177E+06   5.4361872E+06   3.1170906E-03   8.0798972E-06   2.0816189E-03
   4.0000000E-01   3.1639525E+06   1.5832734E+06   4.7439234E+06   3.5018321E-03   1.1766802E-05   2.3289242E-03
   4.5000000E-01   2.7938059E+06   1.4007616E+06   4.1916673E+06   3.5640384E-03   1.4529784E-05   2.3705234E-03
   5.0000000E-01   2.4737962E+06   1.2450946E+06   3.7167390E+06   4.1315872E-03   1.2131911E-05   2.7529563E-03
   5.5000000E-01   2.2000653E+06   1.1084939E+06   3.3061980E+06   4.2572737E-03   1.2409029E-05   2.8323681E-03
   6.0000000E-01   1.9525181E+06   9.8899412E+05   2.9396024E+06   3.6820553E-03   7.7704058E-06   2.4445848E-03
   6.5000000E-01   1.7365518E+06   8.8090547E+05   2.6160127E+06   3.9100117E-03   6.8696656E-07   2.5887578E-03
   7.0000000E-01   1.5327485E+06   7.7911347E+05   2.3105842E+06   5.7843332E-03   4.7236655E-06   3.8322068E-03
   7.5000000E-01   1.3435436E+06   6.8741779E+05   2.0298409E+06   6.1043242E-03   9.6371851E-06   4.0414341E-03
   8.0000000E-01   1.1642025E+06   5.9531906E+05   1.7585746E+06   8.7434908E-03   8.7310099E-06   5.7834477E-03
   8.5000000E-01   9.8041692E+05   5.0675308E+05   1.4864735E+06   1.0390495E-02   8.6086788E-06   6.8508157E-03
   9.0000000E-01   7.8891337E+05   4.0928285E+05   1.1978744E+06   1.3189759E-02   2.9613138E-06   8.6747983E-03
   9.5000000E-01   5.7043477E+05   3.0477669E+05   8.7499032E+05   1.8472603E-02   4.5892941E-06   1.2037867E-02
   1.0000000E+00   3.3988265E+05   1.8710648E+05   5.2694512E+05   3.2785296E-02   4.1331467E-06   2.1142000E-02
