   0.0000000E+00   1.4007565E+09   9.8174052E+08   2.3373673E+09   4.3197383E-03   8.9819378E-04   2.9148735E-03
   5.0000000E-02   1.6946054E+07   6.1749571E+06   2.3095037E+07   1.4197021E-01   5.6744478E-02   1.1918210E-01
   1.0000000E-01   8.5827486E+06   3.0831496E+06   1.1653675E+07   1.3825903E-01   5.6054309E-02   1.1653694E-01
   1.5000000E-01   5.6783088E+06   2.0562182E+06   7.7250414E+06   1.3681494E-01   5.5111383E-02   1.1509138E-01
   2.0000000E-01   4.2148685E+06   1.5122744E+06   5.7192329E+06   1.3584499E-01   5.6147932E-02   1.1482839E-01
   2.5000000E-01   3.2981361E+06   1.1845202E+06   4.4771431E+06   1.3622393E-01   5.6935721E-02   1.1528408E-01
   3.0000000E-01   2.6898246E+06   9.6107304E+05   3.6462928E+06   1.3756257E-01   5.8027195E-02   1.1664448E-01
   3.5000000E-01   2.2412654E+06   8.0342325E+05   3.0407962E+06   1.3975645E-01   5.9296714E-02   1.1855863E-01
   4.0000000E-01   1.8933629E+06   6.7499999E+05   2.5651957E+06   1.4160097E-01   6.0207789E-02   1.2025435E-01
   4.5000000E-01   1.6089221E+06   5.7299316E+05   2.1793122E+06   1.4473311E-01   6.2053750E-02   1.2304863E-01
   5.0000000E-01   1.3837122E+06   4.9447531E+05   1.8764559E+06   1.4892094E-01   6.4840926E-02   1.2680120E-01
   5.5000000E-01   1.1974934E+06   4.2975307E+05   1.6255970E+06   1.5458210E-01   6.7228715E-02   1.3154447E-01
   6.0000000E-01   1.0325867E+06   3.7223158E+05   1.4035821E+06   1.5884628E-01   6.9879920E-02   1.3529231E-01
   6.5000000E-01   8.9235483E+05   3.2058703E+05   1.2120457E+06   1.6464992E-01   7.3100175E-02   1.4047065E-01
   7.0000000E-01   7.6802719E+05   2.7777085E+05   1.0448840E+06   1.7073633E-01   7.6984726E-02   1.4585381E-01
   7.5000000E-01   6.5817572E+05   2.3713662E+05   8.9464601E+05   1.7824308E-01   8.0207998E-02   1.5226957E-01
   8.0000000E-01   5.5086311E+05   2.0076202E+05   7.5106411E+05   1.8742326E-01   8.6360071E-02   1.6048229E-01
   8.5000000E-01   4.4927381E+05   1.6337536E+05   6.1226719E+05   1.9687703E-01   9.1669716E-02   1.6887373E-01
   9.0000000E-01   3.5136814E+05   1.2786508E+05   4.7902101E+05   2.0875170E-01   9.5631441E-02   1.7856982E-01
   9.5000000E-01   2.3994869E+05   8.6948858E+04   3.2679703E+05   2.2138511E-01   1.0357812E-01   1.9005952E-01
   1.0000000E+00   1.1081900E+05   4.0121193E+04   1.5091504E+05   2.3877124E-01   1.1212008E-01   2.0511039E-01
