   0.0000000E+00   8.0778391E+07   1.9766229E+08   2.7813052E+08   6.0631792E-06   3.1091049E-06   3.7119573E-06
   5.0000000E-02   6.1710292E+07   5.9111610E+07   1.2028154E+08   2.2580752E-06   5.4410065E-06   3.8059672E-06
   1.0000000E-01   4.0530175E+07   2.1255493E+07   6.1554989E+07   5.1891432E-06   8.8986941E-06   6.3262388E-06
   1.5000000E-01   2.5163479E+07   9.7648773E+06   3.4796406E+07   4.8722220E-06   1.6005255E-05   7.8229933E-06
   2.0000000E-01   1.5141778E+07   4.9170920E+06   2.0000254E+07   1.1424114E-05   2.0334170E-05   1.3315824E-05
   2.5000000E-01   8.8991805E+06   2.6039659E+06   1.1482405E+07   2.1024734E-05   5.2946094E-05   2.8511365E-05
   3.0000000E-01   5.1667000E+06   1.4173915E+06   6.5748923E+06   2.1821786E-05   7.5558020E-05   3.3394831E-05
   3.5000000E-01   2.9822089E+06   7.9391942E+05   3.7722541E+06   1.9537670E-05   9.7533348E-05   3.4543431E-05
   4.0000000E-01   1.7144330E+06   4.4332609E+05   2.1564062E+06   8.4368267E-05   1.3095784E-04   9.3905369E-05
   4.5000000E-01   9.9876447E+05   2.5613336E+05   1.2545017E+06   4.0688847E-05   2.2745619E-04   7.7417123E-05
   5.0000000E-01   5.7424377E+05   1.4532756E+05   7.1935488E+05   1.9817026E-04   4.4980563E-04   2.4792001E-04
   5.5000000E-01   3.3428326E+05   8.3356678E+04   4.1755312E+05   3.7825835E-04   4.5115490E-04   3.8246628E-04
   6.0000000E-01   1.9621682E+05   4.9157657E+04   2.4534265E+05   1.1961484E-04   6.2774482E-04   2.1205077E-04
   6.5000000E-01   1.1527225E+05   2.8437316E+04   1.4370957E+05   3.6913135E-04   1.3997368E-03   5.5353326E-04
   7.0000000E-01   6.7822742E+04   1.6647607E+04   8.4470349E+04   7.4901208E-04   2.8395514E-03   1.1178409E-03
   7.5000000E-01   3.8804097E+04   9.7063295E+03   4.8501938E+04   1.4936877E-03   1.5249999E-03   1.4981276E-03
   8.0000000E-01   2.2600002E+04   5.5226765E+03   2.8122678E+04   1.2604533E-03   4.0263018E-03   1.6039407E-03
   8.5000000E-01   1.2664989E+04   3.2879539E+03   1.5952943E+04   2.5867166E-03   2.7386996E-03   2.6135836E-03
   9.0000000E-01   7.2645390E+03   1.7294837E+03   8.9940227E+03   3.3777028E-03   1.2401149E-02   4.7818711E-03
   9.5000000E-01   3.8163680E+03   8.3095633E+02   4.6473243E+03   2.6007546E-03   7.6054289E-03   2.0548122E-03
   1.0000000E+00   1.5027370E+03   3.3953055E+02   1.8422676E+03   1.4070809E-02   4.7759945E-02   1.6029571E-02
