   0.0000000E+00   3.2304445E+09   1.6589491E+09   4.6746893E+09   6.6185387E-05   6.7588543E-10   4.4669823E-05
   5.0000000E-02   4.1100173E+05   1.0064959E+05   5.1165131E+05   2.0354925E-01   2.0122576E-06   1.6350762E-01
   1.0000000E-01   1.6170142E+05   3.9597750E+04   2.0129917E+05   2.3949036E-01   1.0732349E-07   1.9238000E-01
   1.5000000E-01   8.1848082E+04   2.1369204E+04   1.0321729E+05   2.6092213E-01   5.5643726E-06   2.0690424E-01
   2.0000000E-01   4.5422821E+04   1.1411409E+04   5.6834230E+04   2.8430531E-01   4.4753617E-06   2.2722043E-01
   2.5000000E-01   2.6419721E+04   7.2956626E+03   3.3715383E+04   2.9684548E-01   8.9329872E-07   2.3261135E-01
   3.0000000E-01   1.5300095E+04   3.9682632E+03   1.9268358E+04   3.1449274E-01   4.9516692E-07   2.4972396E-01
   3.5000000E-01   8.9399605E+03   2.2645475E+03   1.1204508E+04   3.3279933E-01   3.6579353E-06   2.6553639E-01
   4.0000000E-01   5.0133807E+03   1.3766903E+03   6.3900710E+03   3.3258011E-01   2.0726023E-05   2.6092389E-01
   4.5000000E-01   2.9567452E+03   8.1345860E+02   3.7702038E+03   3.5266317E-01   2.1249391E-06   2.7657216E-01
   5.0000000E-01   1.6615776E+03   4.7109863E+02   2.1326762E+03   3.5271402E-01   1.4101464E-05   2.7480419E-01
   5.5000000E-01   8.7969278E+02   2.6043536E+02   1.1401281E+03   3.5739400E-01   1.2182555E-05   2.7575299E-01
   6.0000000E-01   4.4032868E+02   1.2201879E+02   5.6234747E+02   3.6115418E-01   4.4848608E-06   2.8279151E-01
   6.5000000E-01   2.1547131E+02   7.3456128E+01   2.8892744E+02   3.3330872E-01   2.7138800E-05   2.4856232E-01
   7.0000000E-01   1.4096581E+02   1.3641852E+01   1.5460766E+02   3.1543907E-01   2.2508247E-06   2.8760601E-01
   7.5000000E-01   6.7906109E+01   2.1220659E+01   8.9126768E+01   2.1756306E-01   4.8785738E-06   1.6576349E-01
   8.0000000E-01   5.5704230E+01   7.9577472E+00   6.3661977E+01   1.6549909E-01   6.6308849E-05   1.4480342E-01
   8.5000000E-01   2.6213755E+01   0.0000000E+00   2.6213755E+01   5.9942248E-02   0.0000000E+00   5.9942248E-02
   9.0000000E-01   2.8294212E+01   0.0000000E+00   2.8294212E+01   9.1005598E-02   0.0000000E+00   9.1005598E-02
   9.5000000E-01   4.3558195E+01   0.0000000E+00   4.3558195E+01   3.5904098E-06   0.0000000E+00   3.5904098E-06
   1.0000000E+00   3.1438013E+01   0.0000000E+00   3.1438013E+01   2.4807213E-07   0.0000000E+00   2.4807213E-07
