   0.0000000E+00   9.2461128E+07   4.9233627E+07   1.4168661E+08   5.0305499E-04   2.4885171E-04   3.8519858E-04
   5.0000000E-02   3.5597550E+07   1.7929759E+07   5.3510056E+07   6.6082879E-05   5.4759461E-05   4.2908208E-05
   1.0000000E-01   1.7910215E+07   8.9816227E+06   2.6884262E+07   9.5678379E-05   3.3172744E-04   5.0514752E-05
   1.5000000E-01   1.1571838E+07   5.7631915E+06   1.7329299E+07   6.7052414E-05   1.7311832E-04   7.7022010E-05
   2.0000000E-01   8.2535048E+06   4.1199167E+06   1.2369554E+07   1.8227858E-04   8.0407608E-05   1.2786663E-04
   2.5000000E-01   6.2129761E+06   3.0998545E+06   9.3099657E+06   5.4912997E-05   1.0670064E-04   2.3158271E-05
   3.0000000E-01   4.8485492E+06   2.4250333E+06   7.2713543E+06   1.1630470E-04   4.1831206E-05   7.6363568E-05
   3.5000000E-01   3.8602258E+06   1.9474472E+06   5.8059723E+06   7.6348745E-05   1.7093171E-04   9.1425959E-05
   4.0000000E-01   3.1398565E+06   1.5683367E+06   4.7070631E+06   3.6749089E-05   1.1910553E-05   2.1773441E-05
   4.5000000E-01   2.5849097E+06   1.2928616E+06   3.8768517E+06   1.4593314E-04   3.5237188E-04   1.8639642E-04
   5.0000000E-01   2.1447465E+06   1.0706735E+06   3.2148917E+06   2.4501073E-04   7.9385191E-05   1.5170967E-04
   5.5000000E-01   1.7855391E+06   8.9391255E+05   2.6790291E+06   3.5938455E-04   1.3567929E-04   1.9689917E-04
   6.0000000E-01   1.4983642E+06   7.4735978E+05   2.2453261E+06   2.6761524E-04   1.3786993E-04   2.2008769E-04
   6.5000000E-01   1.2499686E+06   6.2396573E+05   1.8736308E+06   2.4196139E-04   3.0681226E-04   1.6350268E-04
   7.0000000E-01   1.0387225E+06   5.1683976E+05   1.5553849E+06   4.2543900E-04   2.9671913E-04   3.4948123E-04
   7.5000000E-01   8.6108342E+05   4.2785517E+05   1.2887349E+06   5.1074912E-04   1.3462647E-04   3.0727359E-04
   8.0000000E-01   7.0003108E+05   3.5077749E+05   1.0507131E+06   3.3789312E-04   7.4340154E-04   4.5807535E-04
   8.5000000E-01   5.5566795E+05   2.7715804E+05   8.3275483E+05   1.1564327E-03   4.2163840E-04   6.6523911E-04
   9.0000000E-01   4.1924949E+05   2.0989000E+05   6.2910059E+05   1.1399855E-03   1.5121012E-03   1.2535851E-03
   9.5000000E-01   2.7911421E+05   1.3927565E+05   4.1836641E+05   2.0874742E-03   1.2637940E-03   1.8140683E-03
   1.0000000E+00   1.4383520E+05   7.1640945E+04   2.1546986E+05   4.5229073E-03   3.6407591E-03   4.1969333E-03
