   0.0000000E+00   3.3601810E+07   8.2020054E+07   1.1559589E+08   4.7773992E-05   9.0911581E-06   8.7849354E-06
   5.0000000E-02   2.7345047E+07   2.8527314E+07   5.5815702E+07   3.3638103E-05   2.1941627E-05   2.3414610E-05
   1.0000000E-01   2.0261347E+07   1.2990004E+07   3.3216146E+07   2.7174081E-05   1.9029276E-05   1.1978548E-05
   1.5000000E-01   1.4863119E+07   7.6938470E+06   2.2531862E+07   2.7518082E-05   4.4633944E-05   2.9432850E-05
   2.0000000E-01   1.0965234E+07   5.0428244E+06   1.5991777E+07   3.3658675E-05   1.0418204E-05   2.5768794E-05
   2.5000000E-01   8.1060159E+06   3.4822720E+06   1.1576905E+07   5.1225333E-05   8.0838430E-05   1.4352989E-05
   3.0000000E-01   6.0818727E+06   2.5004515E+06   8.5749182E+06   3.3692758E-05   7.3171410E-05   4.4375985E-05
   3.5000000E-01   4.5876549E+06   1.8306183E+06   6.4134076E+06   2.7441608E-05   2.9682573E-05   2.9258724E-05
   4.0000000E-01   3.4831218E+06   1.3607827E+06   4.8410716E+06   1.5363138E-04   1.1834390E-04   1.2083967E-04
   4.5000000E-01   2.6520660E+06   1.0264008E+06   3.6765428E+06   2.7469010E-04   2.2353406E-04   2.5178772E-04
   5.0000000E-01   2.0341466E+06   7.8061043E+05   2.8138594E+06   1.8317700E-04   2.4407806E-04   1.9611029E-04
   5.5000000E-01   1.5696671E+06   5.9791329E+05   2.1666370E+06   2.7734799E-04   1.0688380E-04   2.0650036E-04
   6.0000000E-01   1.2074608E+06   4.5972966E+05   1.6666440E+06   2.3549749E-04   1.3391676E-04   1.9932334E-04
   6.5000000E-01   9.3659501E+05   3.5481268E+05   1.2909914E+06   2.8382364E-04   3.7110902E-04   2.8333649E-04
   7.0000000E-01   7.2355020E+05   2.7425580E+05   9.9761501E+05   6.4017352E-04   6.3870735E-04   6.3456160E-04
   7.5000000E-01   5.5784869E+05   2.0949883E+05   7.6720746E+05   7.7073295E-04   5.1844634E-04   6.9692000E-04
   8.0000000E-01   4.2178845E+05   1.5954089E+05   5.8124977E+05   8.8306563E-04   1.1363744E-03   8.9142235E-04
   8.5000000E-01   3.1502942E+05   1.1889436E+05   4.3387884E+05   1.2724442E-03   1.1953790E-03   1.2061823E-03
   9.0000000E-01   2.2651993E+05   8.5059475E+04   3.1153696E+05   1.5767031E-03   2.6167244E-03   1.8582636E-03
   9.5000000E-01   1.4920692E+05   5.6314045E+04   2.0550086E+05   3.7095836E-03   3.4671391E-03   3.6431653E-03
   1.0000000E+00   8.5108990E+04   3.1349987E+04   1.1645898E+05   6.6599041E-03   7.5735907E-03   6.9019386E-03
