   0.0000000E+00   3.1767327E+07   1.4273423E+08   1.7438951E+08   7.3152529E-02   5.9593778E-06   1.3316918E-02
   5.0000000E-02   1.3448720E+07   4.0826044E+07   5.4167175E+07   4.5853789E-02   5.9977290E-06   1.1348511E-02
   1.0000000E-01   7.9743948E+06   1.7632394E+07   2.5560952E+07   2.3584724E-02   5.7404134E-06   7.3474465E-03
   1.5000000E-01   5.8349810E+06   9.5605223E+06   1.5364500E+07   1.5422163E-02   6.9696030E-06   5.8543983E-03
   2.0000000E-01   4.6849645E+06   5.6555550E+06   1.0322487E+07   1.0954175E-02   4.3571315E-06   4.9658744E-03
   2.5000000E-01   4.0107555E+06   3.4818773E+06   7.4812373E+06   8.5902957E-03   1.5417003E-05   4.5905304E-03
   3.0000000E-01   3.5623651E+06   2.2094844E+06   5.7606662E+06   6.0989995E-03   1.4443488E-05   3.7683767E-03
   3.5000000E-01   3.2841031E+06   1.4200623E+06   4.6974718E+06   4.6158763E-03   1.5853248E-05   3.2281767E-03
   4.0000000E-01   3.0704888E+06   9.2327374E+05   3.9890675E+06   3.0077963E-03   1.7258499E-05   2.3192843E-03
   4.5000000E-01   2.9003760E+06   5.9954021E+05   3.4958065E+06   2.2068999E-03   3.6128544E-05   1.8312878E-03
   5.0000000E-01   2.7640757E+06   3.9651226E+05   3.1574876E+06   1.6520863E-03   2.5148796E-05   1.4449395E-03
   5.5000000E-01   2.6058526E+06   2.6420299E+05   2.8666004E+06   1.2373586E-03   3.8830366E-05   1.1201283E-03
   6.0000000E-01   2.4383811E+06   1.7496964E+05   2.6103214E+06   8.0449801E-04   5.2859291E-05   7.5357281E-04
   6.5000000E-01   2.2366999E+06   1.1595784E+05   2.3503561E+06   6.7087543E-04   1.2869022E-04   6.4412220E-04
   7.0000000E-01   1.9998774E+06   7.8149624E+04   2.0759261E+06   5.2660713E-04   2.4233991E-04   5.1389750E-04
   7.5000000E-01   1.7364908E+06   5.0997488E+04   1.7857991E+06   4.0027087E-04   2.8590114E-04   3.9583989E-04
   8.0000000E-01   1.4423218E+06   3.4047221E+04   1.4751236E+06   2.9890434E-04   3.3462629E-04   3.0093121E-04
   8.5000000E-01   1.1429197E+06   2.2300416E+04   1.1644262E+06   4.2750201E-04   3.7819185E-04   4.2391579E-04
   9.0000000E-01   8.3678010E+05   1.4154180E+04   8.5051694E+05   3.9794643E-04   2.6821449E-04   3.9470815E-04
   9.5000000E-01   5.3273683E+05   7.5188146E+03   5.4008141E+05   4.5298419E-04   2.7823521E-05   4.4763105E-04
   1.0000000E+00   2.7506375E+05   4.0366409E+03   2.7907525E+05   7.4856136E-04   3.0416275E-04   7.4123208E-04
