   0.0000000E+00   2.6897949E+07   2.3132725E+07   5.0026091E+07   2.4533637E-02   1.6340204E-03   1.3931847E-02
   5.0000000E-02   1.5844448E+07   9.8735270E+06   2.5702632E+07   1.0282915E-02   1.2594141E-03   6.8112156E-03
   1.0000000E-01   1.0555188E+07   5.6882932E+06   1.6233390E+07   3.8172578E-03   1.3384289E-03   2.9491909E-03
   1.5000000E-01   7.9318367E+06   4.0774011E+06   1.2000686E+07   2.0739238E-03   1.5676819E-03   1.9000793E-03
   2.0000000E-01   6.3224142E+06   3.1609286E+06   9.4760535E+06   1.4299009E-03   1.4840599E-03   1.4122899E-03
   2.5000000E-01   5.2188052E+06   2.5832502E+06   7.7961731E+06   1.4688836E-03   1.2953546E-03   1.4084807E-03
   3.0000000E-01   4.4010374E+06   2.1699928E+06   6.5658205E+06   1.1406501E-03   1.4652334E-03   1.2480778E-03
   3.5000000E-01   3.7876603E+06   1.8505264E+06   5.6338485E+06   1.5248448E-03   1.2145915E-03   1.4024102E-03
   4.0000000E-01   3.2895735E+06   1.6085313E+06   4.8945556E+06   8.1394448E-04   1.4055477E-03   9.8611587E-04
   4.5000000E-01   2.8720606E+06   1.4065972E+06   4.2755172E+06   1.3106454E-03   1.1856832E-03   1.2724705E-03
   5.0000000E-01   2.5254070E+06   1.2442670E+06   3.7673057E+06   1.6441227E-03   1.6152837E-03   1.6338488E-03
   5.5000000E-01   2.2393853E+06   1.0914094E+06   3.3282829E+06   1.7392682E-03   2.1555119E-03   1.8431116E-03
   6.0000000E-01   1.9808212E+06   9.6394313E+05   2.9426900E+06   2.3585292E-03   2.4551363E-03   2.3935677E-03
   6.5000000E-01   1.7493332E+06   8.5025957E+05   2.5978249E+06   2.4827331E-03   2.1490657E-03   2.3799051E-03
   7.0000000E-01   1.5397149E+06   7.5095668E+05   2.2892165E+06   3.3184480E-03   2.7343710E-03   3.1253102E-03
   7.5000000E-01   1.3408358E+06   6.5554860E+05   1.9951154E+06   4.0764094E-03   3.9822513E-03   4.0349197E-03
   8.0000000E-01   1.1626706E+06   5.6755051E+05   1.7292145E+06   4.9230210E-03   4.9033069E-03   4.9185120E-03
   8.5000000E-01   9.8230805E+05   4.7921366E+05   1.4607503E+06   6.5344975E-03   6.1543137E-03   6.4157678E-03
   9.0000000E-01   8.0267497E+05   3.9021609E+05   1.1924383E+06   8.5756862E-03   7.9807477E-03   8.3769520E-03
   9.5000000E-01   6.0394778E+05   2.9150149E+05   8.9514771E+05   1.2442962E-02   1.1512735E-02   1.2138804E-02
   1.0000000E+00   3.8226109E+05   1.8540254E+05   5.6760705E+05   1.8570009E-02   2.0058548E-02   1.9048079E-02
