   0.0000000E+00   8.1358836E+08   8.7176674E+08   1.6629654E+09   1.5805626E-02   1.3768560E-07   7.6293191E-03
   5.0000000E-02   3.1072138E+07   1.6233486E+07   4.7180528E+07   1.5624390E-01   3.1581782E-05   1.0264255E-01
   1.0000000E-01   1.4584577E+07   7.2629722E+06   2.1799293E+07   1.4679114E-01   2.9002524E-05   9.8045161E-02
   1.5000000E-01   8.9599777E+06   4.2283436E+06   1.3159249E+07   1.3824054E-01   6.5414961E-05   9.3963347E-02
   2.0000000E-01   6.1593759E+06   2.7111249E+06   8.8529141E+06   1.3009348E-01   7.9909413E-05   9.0384045E-02
   2.5000000E-01   4.5326564E+06   1.8418174E+06   6.3644407E+06   1.2093903E-01   6.8210062E-05   8.6015242E-02
   3.0000000E-01   3.4734930E+06   1.2747250E+06   4.7415865E+06   1.1206845E-01   7.7851216E-05   8.2018186E-02
   3.5000000E-01   2.7410119E+06   9.1265811E+05   3.6487771E+06   1.0341472E-01   8.2133569E-05   7.7607589E-02
   4.0000000E-01   2.2289968E+06   6.5739745E+05   2.8826143E+06   9.4494043E-02   1.2790680E-04   7.3009751E-02
   4.5000000E-01   1.8532143E+06   4.7654527E+05   2.3269797E+06   8.5856432E-02   1.4545557E-04   6.8340602E-02
   5.0000000E-01   1.5500609E+06   3.5017907E+05   1.8986866E+06   7.7393410E-02   1.7290039E-04   6.3174985E-02
   5.5000000E-01   1.3233242E+06   2.5432960E+05   1.5761201E+06   7.0310895E-02   1.7101781E-04   5.9015233E-02
   6.0000000E-01   1.1370188E+06   1.8578157E+05   1.3216651E+06   6.3055661E-02   1.6611469E-04   5.4235490E-02
   6.5000000E-01   9.8783311E+05   1.3587425E+05   1.1227279E+06   5.6612162E-02   4.0210022E-04   4.9825938E-02
   7.0000000E-01   8.5093782E+05   1.0069051E+05   9.5100990E+05   5.1291907E-02   1.1583742E-04   4.5871137E-02
   7.5000000E-01   7.3406928E+05   7.3648419E+04   8.0726358E+05   4.7192015E-02   6.5015598E-04   4.2945461E-02
   8.0000000E-01   6.2154780E+05   5.2851378E+04   6.7398140E+05   4.3704902E-02   4.3951634E-04   4.0333309E-02
   8.5000000E-01   5.2042168E+05   3.8054883E+04   5.5815826E+05   4.0165086E-02   2.4373139E-04   3.7445437E-02
   9.0000000E-01   4.1096282E+05   2.5889204E+04   4.3669994E+05   3.9149838E-02   5.2470075E-04   3.6871086E-02
   9.5000000E-01   2.8740367E+05   1.5097940E+04   3.0243460E+05   3.8228080E-02   5.6003681E-04   3.6345905E-02
   1.0000000E+00   1.4055307E+05   6.3882043E+03   1.4694127E+05   4.0941959E-02   7.4699222E-04   3.9183135E-02
