   0.0000000E+00   3.2252579E+09   1.6580579E+09   4.6607682E+09   6.7834931E-05   3.1253088E-10   4.5030050E-05
   5.0000000E-02   4.3099159E+05   1.0714311E+05   5.3813469E+05   1.9861249E-01   7.8200133E-07   1.5906872E-01
   1.0000000E-01   1.9063579E+05   4.5836624E+04   2.3644058E+05   2.1771486E-01   4.5686210E-05   1.7552887E-01
   1.5000000E-01   1.0540301E+05   2.6971458E+04   1.3237447E+05   2.3686378E-01   3.5174154E-05   1.8859534E-01
   2.0000000E-01   6.7083809E+04   1.6010987E+04   8.3094796E+04   2.5127208E-01   1.0089643E-06   2.0285593E-01
   2.5000000E-01   4.5250933E+04   1.1981184E+04   5.7232118E+04   2.6454239E-01   7.3328633E-07   2.0916226E-01
   3.0000000E-01   3.0748735E+04   8.2972777E+03   3.9046013E+04   2.8199789E-01   1.2231239E-05   2.2207594E-01
   3.5000000E-01   2.0599197E+04   5.3657952E+03   2.5964992E+04   2.9576293E-01   4.7571130E-05   2.3465187E-01
   4.0000000E-01   1.5422114E+04   3.9311271E+03   1.9353241E+04   3.0520690E-01   8.9866536E-06   2.4321357E-01
   4.5000000E-01   9.7897974E+03   2.5889204E+03   1.2378718E+04   3.1836622E-01   1.0314159E-05   2.5178436E-01
   5.0000000E-01   7.0282823E+03   1.9225917E+03   8.9508740E+03   3.2270035E-01   3.7496043E-06   2.5338714E-01
   5.5000000E-01   5.1045331E+03   1.1980027E+03   6.3025357E+03   3.3326051E-01   3.5155058E-05   2.6992016E-01
   6.0000000E-01   3.1937092E+03   9.0187801E+02   4.0955872E+03   3.4664217E-01   2.4937970E-06   2.7030850E-01
   6.5000000E-01   2.4534347E+03   5.6806072E+02   3.0214954E+03   3.5390230E-01   5.1855076E-05   2.8735663E-01
   7.0000000E-01   1.6097386E+03   3.6833001E+02   1.9780686E+03   3.5556404E-01   7.9503701E-07   2.8935542E-01
   7.5000000E-01   1.0907419E+03   3.0557749E+02   1.3963194E+03   3.6674634E-01   1.7158992E-06   2.8648612E-01
   8.0000000E-01   5.7693667E+02   1.5517607E+02   7.3211274E+02   3.7315176E-01   2.4351856E-05   2.9405465E-01
   8.5000000E-01   3.7073740E+02   9.3620555E+01   4.6435795E+02   3.8313851E-01   1.1446012E-05   3.0589054E-01
   9.0000000E-01   2.4050080E+02   4.5978095E+01   2.8647890E+02   3.9912205E-01   7.7945673E-06   3.3506417E-01
   9.5000000E-01   8.7116390E+01   3.6856934E+01   1.2397332E+02   4.1425651E-01   2.4511780E-05   2.9110646E-01
   1.0000000E+00   2.5150411E+01   0.0000000E+00   2.5150411E+01   4.2807852E-01   0.0000000E+00   4.2807852E-01
