   0.0000000E+00   7.1369660E+07   3.4214493E+07   1.0558313E+08   2.7295537E-03   8.9444405E-05   1.8189880E-03
   5.0000000E-02   2.4150871E+07   1.1779758E+07   3.5928528E+07   3.5267117E-04   7.7798027E-05   2.5707038E-04
   1.0000000E-01   1.2536348E+07   6.1874349E+06   1.8722574E+07   4.9955595E-04   4.6177864E-05   3.2795016E-04
   1.5000000E-01   8.5301108E+06   4.2278556E+06   1.2757096E+07   5.0865187E-04   2.4665915E-06   3.4341756E-04
   2.0000000E-01   6.4599241E+06   3.2183517E+06   9.6775436E+06   5.5594020E-04   9.6981889E-05   3.4186998E-04
   2.5000000E-01   5.1871906E+06   2.5829956E+06   7.7696515E+06   7.5514156E-04   3.7682193E-05   5.1559803E-04
   3.0000000E-01   4.3104994E+06   2.1515838E+06   6.4616482E+06   6.2275747E-04   1.5056725E-05   4.1628309E-04
   3.5000000E-01   3.6503687E+06   1.8292269E+06   5.4792136E+06   9.2964190E-04   4.5500540E-05   6.1230037E-04
   4.0000000E-01   3.1521751E+06   1.5842761E+06   4.7361965E+06   3.1077516E-04   2.1910225E-05   2.0715401E-04
   4.5000000E-01   2.7458260E+06   1.3811820E+06   4.1267533E+06   3.6871139E-04   5.3222331E-05   2.3073135E-04
   5.0000000E-01   2.4174745E+06   1.2124869E+06   3.6297449E+06   1.1087489E-03   6.0598452E-05   7.3183581E-04
   5.5000000E-01   2.1271029E+06   1.0725133E+06   3.1995005E+06   6.9763907E-04   1.4753134E-05   4.5989257E-04
   6.0000000E-01   1.8789673E+06   9.4781013E+05   2.8266236E+06   1.2396837E-03   1.0531000E-04   8.0294134E-04
   6.5000000E-01   1.6556277E+06   8.3429511E+05   2.4898150E+06   8.0306085E-04   8.7231383E-05   5.1052181E-04
   7.0000000E-01   1.4514203E+06   7.3090316E+05   2.1822507E+06   8.6680694E-04   9.2637086E-05   5.7615855E-04
   7.5000000E-01   1.2590344E+06   6.3795243E+05   1.8968765E+06   7.8361545E-04   7.4694411E-05   4.9454806E-04
   8.0000000E-01   1.0763012E+06   5.4655797E+05   1.6227597E+06   5.3202768E-04   9.3891870E-05   3.2164480E-04
   8.5000000E-01   8.9029028E+05   4.5030738E+05   1.3405415E+06   7.8038508E-04   2.9549921E-05   5.2223361E-04
   9.0000000E-01   6.9992807E+05   3.5470332E+05   1.0546102E+06   5.9328817E-04   4.3190922E-05   3.8559953E-04
   9.5000000E-01   4.7832594E+05   2.4384548E+05   7.2215131E+05   1.1992602E-03   8.4303104E-05   7.7252927E-04
   1.0000000E+00   2.3067328E+05   1.1977254E+05   3.5044582E+05   4.7946607E-03   1.1758271E-04   3.1228506E-03
