   0.0000000E+00   1.9613491E+07   1.2051569E+08   1.4008742E+08   4.0278916E-02   2.4985893E-05   5.6496251E-03
   5.0000000E-02   1.0406505E+07   1.7142388E+07   2.7524701E+07   2.5796846E-02   5.0513401E-05   9.7736532E-03
   1.0000000E-01   8.1943787E+06   8.6437050E+06   1.6820226E+07   1.4026722E-02   2.1991362E-04   6.9362573E-03
   1.5000000E-01   6.9469223E+06   5.5970974E+06   1.2526216E+07   9.8885650E-03   2.3533142E-04   5.5789690E-03
   2.0000000E-01   6.0381635E+06   3.9984815E+06   1.0023021E+07   7.6659487E-03   1.3798618E-04   4.6658914E-03
   2.5000000E-01   5.2891262E+06   3.0087924E+06   8.2858737E+06   6.2744340E-03   5.1380150E-04   4.1752828E-03
   3.0000000E-01   4.6719297E+06   2.3402461E+06   7.0022339E+06   5.9167385E-03   4.6859130E-04   4.0915044E-03
   3.5000000E-01   4.1098263E+06   1.8568198E+06   5.9583518E+06   5.8536135E-03   4.7926399E-04   4.1786926E-03
   4.0000000E-01   3.6425076E+06   1.5068790E+06   5.1420495E+06   5.8307137E-03   7.0902686E-04   4.3366461E-03
   4.5000000E-01   3.1992266E+06   1.2324817E+06   4.4259151E+06   5.5666781E-03   1.1092443E-03   4.3222503E-03
   5.0000000E-01   2.8011079E+06   1.0177577E+06   3.8148676E+06   6.3282151E-03   1.1049230E-03   4.9320114E-03
   5.5000000E-01   2.4684006E+06   8.4055802E+05   3.3050405E+06   6.5727685E-03   1.5644097E-03   5.2943723E-03
   6.0000000E-01   2.1382467E+06   7.0075391E+05   2.8356477E+06   7.3008105E-03   2.0616967E-03   6.0071270E-03
   6.5000000E-01   1.8567652E+06   5.8127303E+05   2.4354575E+06   8.1526466E-03   2.1952262E-03   6.7340955E-03
   7.0000000E-01   1.6002347E+06   4.8171654E+05   2.0798641E+06   9.0329242E-03   2.8799433E-03   7.6150125E-03
   7.5000000E-01   1.3625446E+06   4.0002640E+05   1.7611365E+06   1.0267029E-02   4.0393105E-03   8.8485928E-03
   8.0000000E-01   1.1411171E+06   3.2374503E+05   1.4636963E+06   1.2010909E-02   4.1823275E-03   1.0292518E-02
   8.5000000E-01   9.3802928E+05   2.5979704E+05   1.1969800E+06   1.4314508E-02   4.8902476E-03   1.2285687E-02
   9.0000000E-01   7.4119164E+05   2.0025229E+05   9.4092756E+05   1.7600874E-02   6.9549525E-03   1.5348583E-02
   9.5000000E-01   5.3795041E+05   1.4096437E+05   6.7863333E+05   2.2539614E-02   9.3702143E-03   1.9805560E-02
   1.0000000E+00   2.9955397E+05   7.7771358E+04   3.7729389E+05   3.2554523E-02   1.4252435E-02   2.8777730E-02
