   0.0000000E+00   3.2390898E+09   1.6597248E+09   4.6923873E+09   2.2033424E-05   1.0787881E-10   1.4651025E-05
   5.0000000E-02   1.4145691E+05   3.5332397E+04   1.7678931E+05   1.8915964E-01   3.2171612E-05   1.5136139E-01
   1.0000000E-01   6.5285358E+04   1.6615776E+04   8.1901134E+04   2.0128191E-01   4.6200692E-05   1.6045601E-01
   1.5000000E-01   3.9406764E+04   9.6553999E+03   4.9062164E+04   2.1265069E-01   1.4557609E-04   1.7077253E-01
   2.0000000E-01   2.6642537E+04   6.7959161E+03   3.3438454E+04   2.2977729E-01   2.1982667E-04   1.8312282E-01
   2.5000000E-01   1.9251382E+04   4.7491835E+03   2.4000565E+04   2.4062199E-01   2.9604240E-06   1.9300879E-01
   3.0000000E-01   1.4493710E+04   3.8833806E+03   1.8377091E+04   2.4198056E-01   1.1194421E-03   1.9108265E-01
   3.5000000E-01   1.0868009E+04   2.5828574E+03   1.3450866E+04   2.5990896E-01   2.5451192E-05   2.0999593E-01
   4.0000000E-01   8.9922543E+03   2.0451410E+03   1.1037395E+04   2.6411180E-01   5.9057385E-06   2.1517291E-01
   4.5000000E-01   6.7552431E+03   1.5986230E+03   8.3538661E+03   2.7605601E-01   4.9860114E-06   2.2322999E-01
   5.0000000E-01   5.3730709E+03   1.3623663E+03   6.7354372E+03   2.8041908E-01   7.0876637E-07   2.2369930E-01
   5.5000000E-01   4.2885023E+03   1.1111909E+03   5.3996932E+03   2.9354262E-01   7.8558316E-06   2.3313352E-01
   6.0000000E-01   3.5650707E+03   8.0638504E+02   4.3714558E+03   2.8340868E-01   4.6577413E-06   2.3113026E-01
   6.5000000E-01   2.5024054E+03   6.3172270E+02   3.1341281E+03   2.8876455E-01   1.0258868E-05   2.3055838E-01
   7.0000000E-01   2.2236219E+03   4.8201211E+02   2.7056340E+03   3.0554202E-01   5.2192242E-07   2.5110942E-01
   7.5000000E-01   1.7485823E+03   4.1592492E+02   2.1645072E+03   2.8578463E-01   4.9544348E-06   2.3087011E-01
   8.0000000E-01   1.3130283E+03   3.0239439E+02   1.6154227E+03   3.2037408E-01   2.6385315E-06   2.6040209E-01
   8.5000000E-01   1.0036123E+03   2.0596522E+02   1.2095776E+03   2.8881761E-01   3.8347785E-06   2.3963879E-01
   9.0000000E-01   7.6040695E+02   2.0513304E+02   9.6553999E+02   2.7987907E-01   3.4715686E-05   2.2041021E-01
   9.5000000E-01   4.7914014E+02   1.0386954E+02   5.8300969E+02   3.0911801E-01   5.8215909E-05   2.5405563E-01
   1.0000000E+00   1.8234048E+02   3.7725616E+01   2.2006609E+02   2.3200809E-01   5.4262016E-06   1.9223435E-01
