   0.0000000E+00   2.8758295E+09   1.6127504E+09   4.3252477E+09   1.0459282E-03   1.5339951E-05   6.8180418E-04
   5.0000000E-02   6.3646062E+06   1.6181601E+06   7.9804745E+06   1.9197934E-01   3.5924269E-03   1.5380778E-01
   1.0000000E-01   2.7309715E+06   6.5485893E+05   3.3842070E+06   2.0238556E-01   2.1325953E-03   1.6365533E-01
   1.5000000E-01   1.5668910E+06   3.5245393E+05   1.9186022E+06   2.0169744E-01   1.6981033E-03   1.6498444E-01
   2.0000000E-01   1.0100450E+06   2.0394114E+05   1.2137633E+06   1.9408688E-01   1.3171623E-03   1.6170689E-01
   2.5000000E-01   7.1349798E+05   1.2377162E+05   8.3692582E+05   1.7489848E-01   7.1020365E-04   1.4916067E-01
   3.0000000E-01   5.2477629E+05   7.6946110E+04   6.0159507E+05   1.5079697E-01   8.5302299E-04   1.3163240E-01
   3.5000000E-01   4.0997404E+05   4.5836624E+04   4.5573791E+05   1.2255190E-01   8.5506305E-04   1.1032239E-01
   4.0000000E-01   3.3543496E+05   2.7875988E+04   3.6327116E+05   9.4252213E-02   5.9029323E-04   8.7076228E-02
   4.5000000E-01   2.8265918E+05   1.6474305E+04   2.9911226E+05   6.8781167E-02   8.2006918E-04   6.5042469E-02
   5.0000000E-01   2.3770109E+05   9.4983670E+03   2.4718036E+05   4.9986722E-02   6.5349813E-04   4.8066336E-02
   5.5000000E-01   2.0618378E+05   5.9726510E+03   2.1213328E+05   3.3897872E-02   1.6715793E-03   3.2982743E-02
   6.0000000E-01   1.7668321E+05   3.4271364E+03   1.8008382E+05   2.3261643E-02   1.4402534E-03   2.2831514E-02
   6.5000000E-01   1.5025696E+05   2.0175950E+03   1.5226476E+05   1.6198868E-02   3.1457365E-03   1.6025728E-02
   7.0000000E-01   1.2385892E+05   1.1095373E+03   1.2496391E+05   1.0822575E-02   4.0213982E-03   1.0761410E-02
   7.5000000E-01   1.0093819E+05   5.2202821E+02   1.0145597E+05   8.1684376E-03   3.0397737E-05   8.1265969E-03
   8.0000000E-01   7.8375852E+04   3.0239439E+02   7.8674267E+04   6.0035852E-03   2.1001085E-05   5.9808925E-03
   8.5000000E-01   5.9149466E+04   1.6477218E+02   5.9306749E+04   4.4639158E-03   4.9772001E-06   4.4520892E-03
   9.0000000E-01   4.0248517E+04   1.2025040E+02   4.0365230E+04   4.2427896E-03   7.0714364E-05   4.2303106E-03
   9.5000000E-01   2.3993864E+04   5.3610086E+01   2.4047474E+04   2.7523273E-03   6.2147274E-06   2.7461800E-03
   1.0000000E+00   9.5885941E+03   0.0000000E+00   9.5885941E+03   2.3611727E-03   0.0000000E+00   2.3611727E-03
