   0.0000000E+00   3.2272186E+09   1.6585972E+09   4.6724326E+09   4.0642093E-05   2.8508617E-07   2.7250933E-05
   5.0000000E-02   2.8304115E+05   6.6081132E+04   3.4912228E+05   1.8866248E-01   4.3140575E-03   1.5376940E-01
   1.0000000E-01   1.3146198E+05   3.0685073E+04   1.6214706E+05   2.0023290E-01   5.1748781E-03   1.6331968E-01
   1.5000000E-01   7.9853340E+04   1.8546856E+04   9.8400196E+04   2.0959584E-01   3.2264127E-03   1.7069852E-01
   2.0000000E-01   5.1836765E+04   1.2891550E+04   6.4712400E+04   2.1986986E-01   8.0847323E-04   1.7628297E-01
   2.5000000E-01   3.7764285E+04   8.9381416E+03   4.6702427E+04   2.2053672E-01   1.1616378E-03   1.7855163E-01
   3.0000000E-01   2.8722162E+04   5.9099536E+03   3.4632116E+04   2.2599152E-01   5.7508944E-04   1.8752432E-01
   3.5000000E-01   2.1690545E+04   4.3835819E+03   2.6074127E+04   2.2558024E-01   1.9522456E-03   1.8798390E-01
   4.0000000E-01   1.7117114E+04   3.4457045E+03   2.0562819E+04   2.1850398E-01   2.3672470E-05   1.8189331E-01
   4.5000000E-01   1.3588295E+04   2.5959940E+03   1.6184289E+04   2.1486436E-01   4.4262112E-05   1.8039256E-01
   5.0000000E-01   1.1115381E+04   1.7570706E+03   1.2872452E+04   1.9681226E-01   1.5673849E-03   1.7016163E-01
   5.5000000E-01   9.1036627E+03   1.2558772E+03   1.0359540E+04   1.9086912E-01   8.9686148E-06   1.6772915E-01
   6.0000000E-01   7.6182166E+03   1.1087794E+03   8.7269960E+03   1.7958162E-01   1.2162344E-05   1.5676393E-01
   6.5000000E-01   6.2192855E+03   7.9332618E+02   7.0126116E+03   1.4959378E-01   2.2423334E-03   1.3292414E-01
   7.0000000E-01   5.2339240E+03   5.6841051E+02   5.8023345E+03   1.4364307E-01   3.0055166E-06   1.2957116E-01
   7.5000000E-01   4.4520943E+03   4.3714558E+02   4.8892399E+03   1.2176979E-01   4.0611761E-03   1.1119386E-01
   8.0000000E-01   3.6406693E+03   2.5862678E+02   3.8992961E+03   1.0285056E-01   2.2502525E-05   9.6030329E-02
   8.5000000E-01   2.9434302E+03   2.3592380E+02   3.1793540E+03   9.3579313E-02   4.3588409E-06   8.6634942E-02
   9.0000000E-01   2.2812209E+03   1.0610330E+02   2.3873241E+03   7.7553021E-02   1.1491067E-05   7.4106731E-02
   9.5000000E-01   1.5580431E+03   8.0415129E+01   1.6384583E+03   8.1648272E-02   5.9202458E-06   7.7641285E-02
   1.0000000E+00   7.1678671E+02   3.1438013E+01   7.4822472E+02   5.9026225E-02   3.6947748E-05   5.6544579E-02
