   0.0000000E+00   5.9948192E+07   4.5537158E+07   1.0547669E+08   9.6630594E-04   1.2116314E-04   4.9762421E-04
   5.0000000E-02   3.1767008E+07   1.6884366E+07   4.8632721E+07   1.2427109E-04   1.1329968E-04   1.0828377E-04
   1.0000000E-01   1.7476422E+07   8.7044385E+06   2.6170961E+07   1.4092083E-04   9.5161792E-05   6.9015821E-05
   1.5000000E-01   1.1533980E+07   5.6994234E+06   1.7225721E+07   1.0627966E-04   5.0001025E-05   6.4801308E-05
   2.0000000E-01   8.2851925E+06   4.0955023E+06   1.2375777E+07   7.3982282E-05   1.3692067E-04   6.2199734E-05
   2.5000000E-01   6.2813618E+06   3.1023118E+06   9.3804905E+06   1.0134799E-04   3.2634630E-04   1.6111343E-04
   3.0000000E-01   4.9246784E+06   2.4229430E+06   7.3452553E+06   2.5079020E-04   8.1660842E-05   1.8646791E-04
   3.5000000E-01   3.9519628E+06   1.9420541E+06   5.8919797E+06   2.1841711E-04   7.9505517E-05   1.4003079E-04
   4.0000000E-01   3.2252829E+06   1.5867032E+06   4.8104263E+06   1.8633090E-04   3.2854062E-04   1.2110403E-04
   4.5000000E-01   2.6548318E+06   1.3100362E+06   3.9636584E+06   4.2998152E-04   3.5106123E-04   4.0091596E-04
   5.0000000E-01   2.2051108E+06   1.0831194E+06   3.2875363E+06   2.8529810E-04   3.7512091E-04   2.8425159E-04
   5.5000000E-01   1.8478931E+06   9.0945186E+05   2.7566967E+06   5.4665687E-04   2.4126639E-04   4.0969175E-04
   6.0000000E-01   1.5466943E+06   7.5997016E+05   2.3061498E+06   3.8742725E-04   4.5061871E-04   2.9195883E-04
   6.5000000E-01   1.2950952E+06   6.3983715E+05   1.9345161E+06   2.1235176E-04   6.3937275E-04   3.4375135E-04
   7.0000000E-01   1.0828266E+06   5.3411489E+05   1.6166141E+06   4.1010218E-04   7.9781985E-04   5.3040821E-04
   7.5000000E-01   8.9804132E+05   4.4354148E+05   1.3413579E+06   1.9001896E-04   7.9584245E-04   3.7098280E-04
   8.0000000E-01   7.3590858E+05   3.6279369E+05   1.0985710E+06   5.5553194E-04   4.1081236E-04   4.8378621E-04
   8.5000000E-01   5.8704956E+05   2.8804049E+05   8.7498145E+05   1.0354262E-03   9.8908891E-04   1.0023109E-03
   9.0000000E-01   4.5055350E+05   2.1872487E+05   6.6920409E+05   1.2679074E-03   1.5153470E-03   1.3386036E-03
   9.5000000E-01   3.0420038E+05   1.4831230E+05   4.5248923E+05   2.9020072E-03   1.9006373E-03   2.5343133E-03
   1.0000000E+00   1.7153838E+05   8.3392474E+04   2.5491828E+05   5.9450257E-03   6.6642303E-03   6.1405432E-03
