   0.0000000E+00   8.0703423E+08   8.0354148E+08   1.5891939E+09   2.7907053E-02   5.1161941E-07   1.3983760E-02
   5.0000000E-02   5.2063720E+07   2.1827337E+07   7.3580195E+07   1.5535116E-01   3.7999471E-06   1.0948075E-01
   1.0000000E-01   2.2607546E+07   9.3274028E+06   3.1838946E+07   1.4782524E-01   2.9895696E-06   1.0467171E-01
   1.5000000E-01   1.2707758E+07   5.1530126E+06   1.7805385E+07   1.4125403E-01   8.1591590E-06   1.0057139E-01
   2.0000000E-01   7.9078680E+06   3.1153307E+06   1.0995171E+07   1.3549799E-01   1.1289451E-06   9.7254847E-02
   2.5000000E-01   5.2301370E+06   1.9911302E+06   7.2066377E+06   1.3023082E-01   4.7462683E-06   9.4329605E-02
   3.0000000E-01   3.5944719E+06   1.3011659E+06   4.8876801E+06   1.2416247E-01   1.6608541E-05   9.1205191E-02
   3.5000000E-01   2.5387942E+06   8.7642535E+05   3.4110360E+06   1.1841622E-01   2.2441470E-05   8.8075937E-02
   4.0000000E-01   1.8413749E+06   5.8985209E+05   2.4284737E+06   1.1131069E-01   1.1471810E-05   8.4342529E-02
   4.5000000E-01   1.3602867E+06   3.9889180E+05   1.7577213E+06   1.0343251E-01   3.0994473E-05   7.9993457E-02
   5.0000000E-01   1.0394728E+06   2.7554177E+05   1.3141296E+06   9.5275977E-02   4.3084776E-05   7.5329272E-02
   5.5000000E-01   8.0795152E+05   1.8944647E+05   9.9674400E+05   8.5668456E-02   4.1783707E-05   6.9412382E-02
   6.0000000E-01   6.4150052E+05   1.3041687E+05   7.7159377E+05   7.5721168E-02   4.1617844E-05   6.2941715E-02
   6.5000000E-01   5.2329166E+05   9.0718318E+04   6.1376512E+05   6.5908393E-02   2.3094461E-05   5.6168589E-02
   7.0000000E-01   4.3959050E+05   6.2684311E+04   5.0208383E+05   5.6825549E-02   1.6830162E-04   4.9754139E-02
   7.5000000E-01   3.6817844E+05   4.3421713E+04   4.1151102E+05   4.9477235E-02   3.6351276E-05   4.4261456E-02
   8.0000000E-01   3.1182432E+05   3.0108136E+04   3.4182901E+05   4.1221839E-02   2.4515593E-05   3.7563746E-02
   8.5000000E-01   2.6135114E+05   2.0671418E+04   2.8194017E+05   3.7076112E-02   2.2788976E-05   3.4371762E-02
   9.0000000E-01   2.1105006E+05   1.3117904E+04   2.2411492E+05   3.2224176E-02   1.6084676E-04   3.0336316E-02
   9.5000000E-01   1.5255085E+05   7.4518020E+03   1.5998255E+05   2.9093287E-02   1.2528853E-04   2.7729141E-02
   1.0000000E+00   7.9292958E+04   3.2255402E+03   8.2518498E+04   2.8360293E-02   3.5837872E-06   2.7251780E-02
