   0.0000000E+00   1.3036547E+08   6.8208206E+08   8.0900367E+08   3.1866025E-02   6.7780994E-06   5.0929977E-03
   5.0000000E-02   1.8588979E+07   2.3763170E+07   4.2254555E+07   7.9127421E-02   1.2418116E-04   3.4783446E-02
   1.0000000E-01   1.1848544E+07   1.0264698E+07   2.2065655E+07   5.0589886E-02   1.3551308E-04   2.7163700E-02
   1.5000000E-01   8.9943339E+06   5.7207289E+06   1.4679561E+07   3.6258962E-02   2.7382751E-04   2.2283381E-02
   2.0000000E-01   7.2701501E+06   3.5219716E+06   1.0766323E+07   2.7415325E-02   4.6603910E-04   1.8626509E-02
   2.5000000E-01   6.0430877E+06   2.2575428E+06   8.2824360E+06   2.1833018E-02   4.1711200E-04   1.6013381E-02
   3.0000000E-01   5.1076429E+06   1.5003430E+06   6.5953384E+06   1.7182584E-02   5.6395239E-04   1.3411122E-02
   3.5000000E-01   4.3366357E+06   1.0181551E+06   5.3452142E+06   1.4266924E-02   5.9177632E-04   1.1674517E-02
   4.0000000E-01   3.6985938E+06   6.9315161E+05   4.3847664E+06   1.1921468E-02   6.2595050E-04   1.0134334E-02
   4.5000000E-01   3.1386699E+06   4.7850464E+05   3.6112257E+06   1.0166030E-02   1.1726765E-03   8.9895470E-03
   5.0000000E-01   2.6558313E+06   3.3633259E+05   2.9886306E+06   9.1582872E-03   7.8601831E-04   8.2210844E-03
   5.5000000E-01   2.2283602E+06   2.3899864E+05   2.4643725E+06   8.3278872E-03   1.5829673E-03   7.6797420E-03
   6.0000000E-01   1.8568395E+06   1.6844959E+05   2.0230715E+06   7.8385457E-03   1.3170972E-03   7.2952523E-03
   6.5000000E-01   1.5261882E+06   1.2132504E+05   1.6460000E+06   7.4838569E-03   1.5236849E-03   7.0486447E-03
   7.0000000E-01   1.2332234E+06   8.6011879E+04   1.3180803E+06   7.4296347E-03   2.4134354E-03   7.0988535E-03
   7.5000000E-01   9.8035625E+05   6.2223217E+04   1.0418707E+06   7.5387718E-03   3.2342072E-03   7.2803440E-03
   8.0000000E-01   7.5614911E+05   4.4030215E+04   7.9969788E+05   8.0900293E-03   2.9116041E-03   7.7962939E-03
   8.5000000E-01   5.7135501E+05   3.0935976E+04   6.0199140E+05   8.8012778E-03   5.4620464E-03   8.6202394E-03
   9.0000000E-01   4.0473102E+05   2.1146387E+04   4.2573594E+05   1.0902095E-02   6.0635932E-03   1.0664580E-02
   9.5000000E-01   2.5440666E+05   1.2122581E+04   2.6643543E+05   1.2814742E-02   7.5984931E-03   1.2570034E-02
   1.0000000E+00   1.2005549E+05   5.8160325E+03   1.2587152E+05   1.7522550E-02   7.7456228E-03   1.7055869E-02
