   0.0000000E+00   7.1731769E+07   3.6415160E+07   1.0813929E+08   2.1480858E-03   1.6914454E-03   1.9846025E-03
   5.0000000E-02   2.6252226E+07   1.3195473E+07   3.9439613E+07   2.5537483E-04   5.9370924E-04   3.6651000E-04
   1.0000000E-01   1.3779730E+07   6.9039823E+06   2.0679957E+07   1.3155006E-04   9.3328530E-05   8.7095399E-05
   1.5000000E-01   9.3231905E+06   4.6541786E+06   1.3974165E+07   8.6082540E-05   3.4125791E-04   6.7984452E-05
   2.0000000E-01   6.9496279E+06   3.4865596E+06   1.0433705E+07   1.2714139E-04   2.9523744E-04   1.6638567E-04
   2.5000000E-01   5.4857653E+06   2.7467215E+06   8.2305387E+06   1.8817597E-04   1.4547128E-04   1.6381201E-04
   3.0000000E-01   4.4871614E+06   2.2527321E+06   6.7383338E+06   1.5551506E-04   3.0150895E-04   1.6885907E-04
   3.5000000E-01   3.7523552E+06   1.8745815E+06   5.6255543E+06   1.9448315E-04   2.7736156E-04   9.4674849E-05
   4.0000000E-01   3.1837991E+06   1.5965469E+06   4.7790967E+06   2.7351307E-04   1.8783563E-04   2.2612941E-04
   4.5000000E-01   2.7309432E+06   1.3693338E+06   4.0993362E+06   4.6746003E-04   4.2709440E-04   3.3744872E-04
   5.0000000E-01   2.3697725E+06   1.1848640E+06   3.5539744E+06   3.5107069E-04   1.3145804E-04   2.5943740E-04
   5.5000000E-01   2.0486945E+06   1.0305312E+06   3.0785775E+06   3.7642826E-04   3.8778749E-04   3.6400575E-04
   6.0000000E-01   1.7840367E+06   8.9453036E+05   2.6781268E+06   1.9851263E-04   5.4576148E-05   1.5224278E-04
   6.5000000E-01   1.5572013E+06   7.7892388E+05   2.3356355E+06   7.0385733E-04   1.0300700E-03   6.0822618E-04
   7.0000000E-01   1.3356328E+06   6.7378473E+05   2.0090310E+06   5.2765564E-04   1.9792184E-04   4.1683607E-04
   7.5000000E-01   1.1530118E+06   5.7552974E+05   1.7282954E+06   8.3103690E-04   8.5062825E-04   8.1819324E-04
   8.0000000E-01   9.7115550E+05   4.8857782E+05   1.4595065E+06   2.7245810E-04   4.3516424E-04   2.3474175E-04
   8.5000000E-01   8.0108862E+05   3.9829180E+05   1.1992119E+06   1.5492653E-03   4.0175048E-04   1.1545205E-03
   9.0000000E-01   6.2203411E+05   3.1192954E+05   9.3388938E+05   1.4049575E-03   1.0046650E-03   1.2138996E-03
   9.5000000E-01   4.2896445E+05   2.1502000E+05   6.4395765E+05   2.0827884E-03   1.8045539E-03   1.9657238E-03
   1.0000000E+00   2.2611477E+05   1.1151063E+05   3.3762540E+05   4.4277782E-03   4.1066495E-03   4.2866798E-03
