   0.0000000E+00   3.0073918E+06   6.9035303E+08   6.9320050E+08   2.6518491E-04   1.9385937E-05   2.0253147E-05
   5.0000000E-02   3.0378222E+06   9.4703621E+07   9.7711013E+07   7.5253425E-05   1.8289470E-04   1.7939204E-04
   1.0000000E-01   3.0875104E+06   1.1911347E+07   1.4997170E+07   8.8816103E-05   1.1127797E-03   8.8359094E-04
   1.5000000E-01   3.1356070E+06   1.8164672E+06   4.9514588E+06   5.2241365E-05   5.4362915E-03   1.9640190E-03
   2.0000000E-01   3.2319594E+06   3.0976327E+05   3.5413726E+06   5.7591881E-05   2.2697084E-02   2.0218891E-03
   2.5000000E-01   3.3626384E+06   6.4324062E+04   3.4266696E+06   7.3899117E-05   7.9761327E-02   1.4278163E-03
   3.0000000E-01   3.5386404E+06   2.0499157E+04   3.5586833E+06   6.8797695E-05   1.8627045E-01   1.0058566E-03
   3.5000000E-01   3.8182544E+06   9.9585522E+03   3.8276946E+06   9.5987842E-05   3.0734055E-01   7.0427209E-04
   4.0000000E-01   4.2527792E+06   6.1274653E+03   4.2579120E+06   5.4473617E-05   3.6785755E-01   4.7801801E-04
   4.5000000E-01   4.9185314E+06   4.4068235E+03   4.9217004E+06   1.2099798E-04   4.0063258E-01   2.3896831E-04
   5.0000000E-01   5.8427689E+06   3.2976904E+03   5.8443860E+06   9.4007289E-05   4.3992913E-01   1.5645915E-04
   5.5000000E-01   6.5242588E+06   2.6622281E+03   6.5240736E+06   6.5608552E-05   4.6722315E-01   1.3045802E-04
   6.0000000E-01   5.5552608E+06   1.9416903E+03   5.5549266E+06   3.2413658E-05   4.9166925E-01   1.4120847E-04
   6.5000000E-01   2.8165724E+06   1.6258290E+03   2.8177820E+06   1.3194702E-04   5.2912713E-01   4.3635853E-04
   7.0000000E-01   8.3365814E+05   1.1868411E+03   8.3476768E+05   9.6585890E-04   5.6541862E-01   1.7676556E-03
   7.5000000E-01   1.9953786E+05   8.6580289E+02   2.0039942E+05   4.2507846E-03   5.9143203E-01   6.7792520E-03
   8.0000000E-01   4.4917504E+04   7.6792260E+02   4.5685426E+04   1.7826782E-02   6.3390623E-01   2.8178718E-02
   8.5000000E-01   1.1238211E+04   6.3287495E+02   1.1871086E+04   5.5001461E-02   6.5523405E-01   8.6926620E-02
   9.0000000E-01   3.6039753E+03   4.1026608E+02   4.0142413E+03   1.5064730E-01   7.1840126E-01   2.0854707E-01
   9.5000000E-01   1.3804597E+03   2.5799854E+02   1.6384583E+03   2.5535731E-01   7.5582384E-01   3.3413227E-01
   1.0000000E+00   5.2187102E+02   5.6588424E+01   5.7845945E+02   3.2904813E-01   8.0440132E-01   3.7483859E-01
