   0.0000000E+00   6.2597040E+07   3.1139874E+07   9.3734367E+07   2.6043495E-03   1.4835568E-03   2.2290230E-03
   5.0000000E-02   2.2857069E+07   1.1459283E+07   3.4313678E+07   4.7508284E-04   1.0637457E-03   6.5963825E-04
   1.0000000E-01   1.2152371E+07   6.0730661E+06   1.8224164E+07   3.9797353E-04   2.9027126E-04   3.2061993E-04
   1.5000000E-01   8.3578415E+06   4.1837166E+06   1.2540497E+07   3.9640871E-04   4.6062563E-04   3.7701362E-04
   2.0000000E-01   6.3721819E+06   3.2018791E+06   9.5732017E+06   4.3472218E-04   3.3549806E-04   2.9682597E-04
   2.5000000E-01   5.1404755E+06   2.5776735E+06   7.7175123E+06   1.9112232E-04   6.1723925E-04   8.2243707E-05
   3.0000000E-01   4.2899154E+06   2.1402308E+06   6.4295202E+06   6.1388494E-04   5.3048157E-04   2.5518901E-04
   3.5000000E-01   3.6481587E+06   1.8286539E+06   5.4763852E+06   6.8145370E-05   3.3117346E-04   1.4853785E-04
   4.0000000E-01   3.1661886E+06   1.5905149E+06   4.7563773E+06   4.1130570E-04   6.3875878E-04   4.7555471E-04
   4.5000000E-01   2.7739999E+06   1.3919055E+06   4.1656366E+06   1.1961701E-04   5.6682995E-04   1.9507075E-04
   5.0000000E-01   2.4431939E+06   1.2300322E+06   3.6729650E+06   3.6474355E-04   8.6026832E-04   5.0066285E-04
   5.5000000E-01   2.1622617E+06   1.0828497E+06   3.2448683E+06   3.8652895E-04   1.2113473E-04   2.6447863E-04
   6.0000000E-01   1.9047186E+06   9.5750797E+05   2.8620303E+06   2.3968997E-04   1.5192438E-04   1.2951720E-04
   6.5000000E-01   1.6841727E+06   8.4596484E+05   2.5299710E+06   6.4594188E-05   4.4352218E-04   1.1330135E-04
   7.0000000E-01   1.4806366E+06   7.4274429E+05   2.2233173E+06   1.7362438E-04   4.9764547E-04   1.7892975E-04
   7.5000000E-01   1.2878945E+06   6.4555791E+05   1.9333336E+06   4.0186607E-04   2.2437827E-04   2.0368756E-04
   8.0000000E-01   1.1028125E+06   5.5182202E+05   1.6545509E+06   1.1803484E-04   1.1759326E-03   4.0095635E-04
   8.5000000E-01   9.1451554E+05   4.5853475E+05   1.3729642E+06   4.2052275E-04   4.3439171E-04   3.5253288E-04
   9.0000000E-01   7.1849969E+05   3.6158235E+05   1.0800325E+06   3.1960399E-04   9.4244243E-04   4.0743836E-04
   9.5000000E-01   4.9269009E+05   2.4742060E+05   7.4008389E+05   6.3953736E-04   5.1198340E-04   4.9388038E-04
   1.0000000E+00   2.4923428E+05   1.2326845E+05   3.7249016E+05   2.4977431E-03   1.3386470E-03   2.0463317E-03
