   0.0000000E+00   3.6492828E+08   2.9999561E+08   6.6403618E+08   5.7817581E-06   1.2895117E-05   7.9734969E-06
   5.0000000E-02   1.4903797E+08   7.3279519E+07   2.2159684E+08   6.1116645E-06   1.2643280E-05   8.2274154E-06
   1.0000000E-01   5.0505020E+07   2.2569635E+07   7.2929697E+07   2.7282539E-05   4.3560597E-05   3.2304873E-05
   1.5000000E-01   1.9628091E+07   8.6707825E+06   2.8264454E+07   7.5467121E-05   7.6542965E-05   7.3696698E-05
   2.0000000E-01   8.1527438E+06   3.5824664E+06   1.1727077E+07   1.5082335E-04   2.1267399E-04   1.6980728E-04
   2.5000000E-01   3.4915539E+06   1.5385572E+06   5.0284559E+06   3.4534408E-04   4.0729894E-04   3.6432700E-04
   3.0000000E-01   1.5284922E+06   6.7537931E+05   2.2034790E+06   6.6863334E-04   7.6278265E-04   6.9760916E-04
   3.5000000E-01   6.7457141E+05   2.9643745E+05   9.7089972E+05   1.1578765E-03   1.2789211E-03   1.1946667E-03
   4.0000000E-01   3.0139967E+05   1.3491565E+05   4.3628349E+05   2.1892142E-03   2.5657943E-03   2.3057099E-03
   4.5000000E-01   1.3789184E+05   6.0627423E+04   1.9851927E+05   4.1804119E-03   5.0748910E-03   4.4525302E-03
   5.0000000E-01   6.3744738E+04   2.8265918E+04   9.2010656E+04   8.2254506E-03   8.8796438E-03   8.4203607E-03
   5.5000000E-01   2.9058799E+04   1.2628221E+04   4.1687020E+04   1.2949957E-02   1.9215135E-02   1.4846828E-02
   6.0000000E-01   1.3278827E+04   6.2866203E+03   1.9565448E+04   2.5416910E-02   2.8663771E-02   2.6458888E-02
   6.5000000E-01   6.4053743E+03   2.8598919E+03   9.2652662E+03   4.5291730E-02   6.0799968E-02   5.0054661E-02
   7.0000000E-01   2.8420526E+03   1.3550907E+03   4.1971432E+03   7.6084343E-02   6.3298238E-02   7.1941101E-02
   7.5000000E-01   1.5660846E+03   6.9179349E+02   2.2578781E+03   1.1876851E-01   1.3796930E-01   1.2465084E-01
   8.0000000E-01   7.7985922E+02   4.3369722E+02   1.2135564E+03   1.8162283E-01   2.2204513E-01   1.9606097E-01
   8.5000000E-01   4.6061313E+02   1.7600664E+02   6.3661977E+02   3.1783250E-01   3.0430820E-01   3.1393620E-01
   9.0000000E-01   2.6879501E+02   1.1317685E+02   3.8197186E+02   4.4559689E-01   5.0727245E-01   4.6387112E-01
   9.5000000E-01   1.7758341E+02   6.0311347E+01   2.3789476E+02   4.8983786E-01   3.7803958E-01   4.6130867E-01
   1.0000000E+00   3.7725616E+01   2.5150411E+01   6.2876027E+01   6.0240957E-01   8.9490523E-01   7.1933727E-01
