   0.0000000E+00   5.8404517E+07   2.8833273E+07   8.7237281E+07   1.1538734E-03   8.1855478E-04   9.6905579E-04
   5.0000000E-02   2.2782330E+07   1.1449861E+07   3.4230854E+07   4.7030038E-04   8.0926075E-04   5.7514213E-04
   1.0000000E-01   1.2177231E+07   6.1347546E+06   1.8311158E+07   3.1441335E-04   3.3908889E-04   9.8684033E-05
   1.5000000E-01   8.3894602E+06   4.2154627E+06   1.2604286E+07   3.5503640E-04   1.8441870E-04   2.9140750E-04
   2.0000000E-01   6.4010527E+06   3.2047121E+06   9.6053669E+06   1.8998097E-04   2.4045347E-04   2.0043219E-04
   2.5000000E-01   5.1642978E+06   2.5888398E+06   7.7527301E+06   4.0024177E-04   5.3745975E-04   3.4241394E-04
   3.0000000E-01   4.3143510E+06   2.1521992E+06   6.4663274E+06   8.8919563E-05   6.6100555E-04   2.2227117E-04
   3.5000000E-01   3.6667480E+06   1.8328374E+06   5.4993308E+06   4.8770619E-04   5.3502970E-04   4.4669840E-04
   4.0000000E-01   3.1833058E+06   1.5957830E+06   4.7788977E+06   3.8142032E-04   5.1315906E-04   2.9858775E-04
   4.5000000E-01   2.7768081E+06   1.3886799E+06   4.1653607E+06   1.4667605E-04   3.6068207E-04   2.1291744E-04
   5.0000000E-01   2.4445626E+06   1.2272629E+06   3.6717618E+06   5.7754326E-04   3.1170037E-04   4.3471303E-04
   5.5000000E-01   2.1621922E+06   1.0796608E+06   3.2416621E+06   7.8596433E-04   2.2269667E-04   5.3752931E-04
   6.0000000E-01   1.9137162E+06   9.5764060E+05   2.8712348E+06   4.2260699E-04   3.2890632E-04   3.8354404E-04
   6.5000000E-01   1.6827526E+06   8.4265931E+05   2.5253286E+06   6.5562107E-04   1.4807057E-04   4.8280813E-04
   7.0000000E-01   1.4826511E+06   7.4529986E+05   2.2278736E+06   3.4459272E-04   3.8878714E-04   3.5922605E-04
   7.5000000E-01   1.2848557E+06   6.4485763E+05   1.9296073E+06   3.5634510E-04   2.2170150E-04   1.9410491E-04
   8.0000000E-01   1.1033973E+06   5.5259790E+05   1.6559356E+06   2.8084176E-04   3.2247954E-04   1.2131065E-04
   8.5000000E-01   9.1434328E+05   4.5779702E+05   1.3721141E+06   5.4432925E-04   1.2407538E-03   7.2674227E-04
   9.0000000E-01   7.1770745E+05   3.5894745E+05   1.0766301E+06   4.6417498E-04   1.2454188E-03   7.0912876E-04
   9.5000000E-01   4.8616977E+05   2.4396275E+05   7.3012581E+05   5.7121422E-04   9.8367587E-04   6.9131518E-04
   1.0000000E+00   2.4124903E+05   1.2140103E+05   3.6265006E+05   1.0833082E-03   2.1400393E-03   1.3490323E-03
