   0.0000000E+00   5.6656104E+07   2.8389167E+07   8.5037123E+07   9.4439849E-03   6.3476128E-03   8.4066194E-03
   5.0000000E-02   2.1634695E+07   1.0792870E+07   3.2420244E+07   1.7621698E-03   1.4522690E-03   1.6587480E-03
   1.0000000E-01   1.1758304E+07   5.9003194E+06   1.7654262E+07   6.2769396E-04   6.9125746E-04   6.2044685E-04
   1.5000000E-01   8.1768717E+06   4.1067493E+06   1.2279759E+07   4.8573658E-04   8.9003686E-04   6.2550451E-04
   2.0000000E-01   6.2754476E+06   3.1463022E+06   9.4192829E+06   4.9160392E-04   5.2866394E-04   5.0130059E-04
   2.5000000E-01   5.0873050E+06   2.5576199E+06   7.6423785E+06   6.5965759E-04   1.2330770E-03   7.6955072E-04
   3.0000000E-01   4.2683234E+06   2.1317637E+06   6.3983364E+06   3.8235345E-04   2.4835627E-04   3.2761666E-04
   3.5000000E-01   3.6572806E+06   1.8280355E+06   5.4836154E+06   4.1388879E-04   2.9882803E-04   2.0055122E-04
   4.0000000E-01   3.1688227E+06   1.5856209E+06   4.7528839E+06   6.6586627E-04   8.9371318E-04   6.9733297E-04
   4.5000000E-01   2.7881046E+06   1.3979251E+06   4.1845796E+06   1.5821114E-04   1.2419535E-04   1.4093174E-04
   5.0000000E-01   2.4556971E+06   1.2328015E+06   3.6875627E+06   5.6909065E-04   1.0506026E-03   7.2159580E-04
   5.5000000E-01   2.1778647E+06   1.0905702E+06   3.2677056E+06   3.9816926E-04   3.8124574E-04   2.0369483E-04
   6.0000000E-01   1.9250586E+06   9.6872309E+05   2.8930125E+06   5.8660736E-04   7.9194155E-04   6.5421134E-04
   6.5000000E-01   1.7077423E+06   8.5020081E+05   2.5572967E+06   4.1696001E-04   1.5663383E-03   7.2086479E-04
   7.0000000E-01   1.5074792E+06   7.5115222E+05   2.2580358E+06   8.9950197E-04   1.0916310E-03   9.3091159E-04
   7.5000000E-01   1.3159610E+06   6.5861286E+05   1.9741834E+06   8.3708914E-04   7.0579212E-04   7.6495403E-04
   8.0000000E-01   1.1270120E+06   5.6449075E+05   1.6911526E+06   1.1138584E-03   5.8977145E-04   8.4885218E-04
   8.5000000E-01   9.4117493E+05   4.7343915E+05   1.4143931E+06   1.5263137E-03   1.3991066E-03   1.4527376E-03
   9.0000000E-01   7.4526955E+05   3.7562689E+05   1.1207620E+06   1.6778407E-03   2.2481803E-03   1.8643983E-03
   9.5000000E-01   5.2552292E+05   2.6203270E+05   7.8746180E+05   2.4452389E-03   2.6317042E-03   2.4219480E-03
   1.0000000E+00   2.8546345E+05   1.4165340E+05   4.2710428E+05   7.1038413E-03   7.4028678E-03   7.1339357E-03
