   0.0000000E+00   1.1141661E+08   6.8293513E+07   1.7962660E+08   8.3769797E-04   2.1436999E-04   5.9976312E-04
   5.0000000E-02   4.8973631E+07   2.5268903E+07   7.4122404E+07   1.8606430E-04   1.2501085E-04   1.6519988E-04
   1.0000000E-01   2.4539146E+07   1.2207789E+07   3.6696769E+07   3.7896867E-05   1.4092575E-04   6.7294263E-05
   1.5000000E-01   1.5036683E+07   7.4597832E+06   2.2464041E+07   6.8258692E-05   4.3056748E-05   5.7221716E-05
   2.0000000E-01   1.0131087E+07   4.9996775E+06   1.5110536E+07   6.7858733E-05   1.1391587E-04   8.0067499E-05
   2.5000000E-01   7.1529834E+06   3.5338891E+06   1.0676024E+07   4.9816104E-05   8.8897054E-05   4.6480324E-05
   3.0000000E-01   5.2060961E+06   2.5738113E+06   7.7714085E+06   9.6915082E-05   1.0065169E-04   9.3636942E-05
   3.5000000E-01   3.8706573E+06   1.9131425E+06   5.7783248E+06   1.3321121E-04   1.7606081E-04   1.3734438E-04
   4.0000000E-01   2.9219574E+06   1.4512703E+06   4.3697183E+06   6.3115800E-05   5.9200584E-05   3.2838954E-05
   4.5000000E-01   2.2392464E+06   1.1036087E+06   3.3406481E+06   1.9245188E-04   2.5957969E-04   1.5761441E-04
   5.0000000E-01   1.7242337E+06   8.5498035E+05   2.5780618E+06   2.5705233E-04   1.5754343E-04   2.2569713E-04
   5.5000000E-01   1.3344419E+06   6.6099073E+05   1.9944545E+06   1.0400937E-04   2.9941495E-04   1.5343118E-04
   6.0000000E-01   1.0409582E+06   5.1459037E+05   1.5548536E+06   4.3793919E-05   4.9679813E-04   1.9564732E-04
   6.5000000E-01   8.1096055E+05   3.9982660E+05   1.2104590E+06   2.4358902E-04   1.2446727E-04   1.6239376E-04
   7.0000000E-01   6.3130854E+05   3.1228473E+05   9.4336592E+05   1.0688043E-03   3.2536216E-04   8.1932489E-04
   7.5000000E-01   4.8939508E+05   2.4089692E+05   7.3010102E+05   8.8679825E-04   1.0090992E-03   9.1615352E-04
   8.0000000E-01   3.7269313E+05   1.8397914E+05   5.5661258E+05   1.2111990E-03   1.8027805E-03   1.3910260E-03
   8.5000000E-01   2.8001159E+05   1.4044207E+05   4.2037876E+05   1.5619015E-03   1.1039907E-03   1.3866479E-03
   9.0000000E-01   1.9914881E+05   9.9174750E+04   2.9829173E+05   2.4250519E-03   3.2866072E-03   2.7091290E-03
   9.5000000E-01   1.2996425E+05   6.3548056E+04   1.9350226E+05   4.5332595E-03   3.6535891E-03   4.2470076E-03
   1.0000000E+00   7.0697805E+04   3.4229709E+04   1.0492123E+05   7.5200880E-03   8.1749849E-03   7.6522524E-03
