   0.0000000E+00   1.2905505E+08   8.6175399E+07   2.1515966E+08   1.3159964E-05   2.1178245E-05   1.4303149E-05
   5.0000000E-02   5.8758222E+07   3.0103712E+07   8.8752754E+07   7.2581110E-06   1.3920682E-05   2.0500806E-06
   1.0000000E-01   2.8402982E+07   1.4026548E+07   4.2387959E+07   1.9752657E-05   3.4791066E-05   2.2571566E-05
   1.5000000E-01   1.6766888E+07   8.2286925E+06   2.4969607E+07   8.5908298E-06   2.9654563E-05   1.3411469E-05
   2.0000000E-01   1.0808085E+07   5.3254995E+06   1.6118640E+07   1.3128662E-05   7.5208990E-05   1.7545972E-05
   2.5000000E-01   7.3508830E+06   3.6119896E+06   1.0954991E+07   5.7707530E-06   6.3803393E-05   2.1949719E-05
   3.0000000E-01   5.1457658E+06   2.5261073E+06   7.6672788E+06   1.1491818E-04   5.2155954E-05   6.3060253E-05
   3.5000000E-01   3.6819086E+06   1.8109650E+06   5.4899361E+06   8.3853104E-05   1.3799715E-04   6.5507100E-05
   4.0000000E-01   2.6740975E+06   1.3067735E+06   3.9792555E+06   1.1423141E-04   2.6977670E-04   1.6261448E-04
   4.5000000E-01   1.9615458E+06   9.6728008E+05   2.9277577E+06   1.2054043E-04   1.8173358E-04   1.3963167E-04
   5.0000000E-01   1.4460182E+06   7.1253031E+05   2.1580646E+06   2.1680056E-04   1.0937982E-04   1.1229014E-04
   5.5000000E-01   1.0767034E+06   5.3028691E+05   1.6065679E+06   4.4189241E-04   1.3431530E-04   3.4072349E-04
   6.0000000E-01   8.0661847E+05   3.9508623E+05   1.2014341E+06   1.3946776E-04   1.1221799E-04   1.2584834E-04
   6.5000000E-01   6.0545479E+05   2.9582252E+05   9.0114998E+05   4.0789443E-04   1.5798256E-04   3.2711454E-04
   7.0000000E-01   4.4921255E+05   2.2227125E+05   6.7137921E+05   4.6610439E-04   5.1206024E-04   4.7553251E-04
   7.5000000E-01   3.3900427E+05   1.6440493E+05   5.0334130E+05   6.2170085E-04   8.3272959E-04   3.5210137E-04
   8.0000000E-01   2.4925256E+05   1.2228670E+05   3.7150743E+05   1.6181324E-03   1.4522768E-03   1.5563264E-03
   8.5000000E-01   1.7778543E+05   8.6516627E+04   2.6429083E+05   5.5503041E-04   1.5965423E-03   8.8108314E-04
   9.0000000E-01   1.2208245E+05   5.9322352E+04   1.8140480E+05   1.5155786E-03   1.2669842E-03   1.3892933E-03
   9.5000000E-01   7.4705655E+04   3.6856934E+04   1.1156259E+05   3.6643474E-03   4.8968873E-03   3.7075727E-03
   1.0000000E+00   3.8700195E+04   1.8894246E+04   5.7594441E+04   4.4813949E-03   6.9185797E-03   5.1823240E-03
