   0.0000000E+00   9.0236524E+07   1.1782610E+08   2.0798724E+08   2.4738952E-05   4.5678254E-06   8.3165941E-06
   5.0000000E-02   5.8521464E+07   3.7450368E+07   9.5843489E+07   1.2676552E-05   1.1800513E-05   1.2372977E-05
   1.0000000E-01   3.2956119E+07   1.6116284E+07   4.9018322E+07   3.5296561E-06   3.2401763E-05   1.3140495E-05
   1.5000000E-01   1.9633715E+07   8.9790550E+06   2.8582700E+07   1.9744387E-05   1.9905058E-05   1.2430508E-05
   2.0000000E-01   1.2355373E+07   5.5104693E+06   1.7849657E+07   2.9483658E-05   2.7097459E-05   2.8559586E-05
   2.5000000E-01   8.0144318E+06   3.5452209E+06   1.1551160E+07   6.2575214E-05   7.9818419E-05   5.9792922E-05
   3.0000000E-01   5.3364759E+06   2.3499758E+06   7.6819210E+06   5.7601048E-05   4.5962814E-05   5.3478025E-05
   3.5000000E-01   3.6114348E+06   1.5879662E+06   5.1968091E+06   9.7528722E-05   1.5776436E-04   1.1142458E-04
   4.0000000E-01   2.4816075E+06   1.0952725E+06   3.5755909E+06   6.9360366E-05   8.8820351E-05   7.5887624E-05
   4.5000000E-01   1.7171404E+06   7.5099205E+05   2.4673260E+06   1.3691945E-04   1.9817661E-04   1.5305130E-04
   5.0000000E-01   1.1942159E+06   5.2281762E+05   1.7166770E+06   2.7157466E-04   3.0146912E-04   2.7660219E-04
   5.5000000E-01   8.4214378E+05   3.6896167E+05   1.2107756E+06   3.6753285E-04   4.2391813E-04   3.7690469E-04
   6.0000000E-01   5.9516521E+05   2.5921566E+05   8.5422702E+05   5.2463526E-04   4.3810992E-04   4.8314074E-04
   6.5000000E-01   4.2043349E+05   1.8304777E+05   6.0341271E+05   4.9436566E-04   7.1554477E-04   5.0168374E-04
   7.0000000E-01   2.9582357E+05   1.3004778E+05   4.2585770E+05   8.5234896E-04   1.0486541E-03   8.5456821E-04
   7.5000000E-01   2.0955401E+05   9.1223369E+04   3.0076465E+05   2.8133595E-04   9.1467095E-04   4.2317693E-04
   8.0000000E-01   1.4617984E+05   6.4000181E+04   2.1016808E+05   5.7618978E-04   8.3082879E-04   5.3657719E-04
   8.5000000E-01   9.9222809E+04   4.3001793E+04   1.4221711E+05   1.8842950E-03   1.3423251E-03   1.6665968E-03
   9.0000000E-01   6.5295968E+04   2.8463977E+04   9.3752872E+04   2.7562281E-03   1.1390817E-03   2.2548288E-03
   9.5000000E-01   3.7135037E+04   1.6568867E+04   5.3703904E+04   5.1291387E-03   3.7350740E-03   4.4133162E-03
   1.0000000E+00   1.8906821E+04   8.0292686E+03   2.6936090E+04   6.5106341E-03   3.9693536E-03   5.6887457E-03
