   0.0000000E+00   3.5227482E+07   2.6234337E+07   6.1452652E+07   1.8437603E-02   2.3988450E-03   1.1593753E-02
   5.0000000E-02   1.8906143E+07   1.0942921E+07   2.9830538E+07   8.9366321E-03   2.7899856E-03   6.6756688E-03
   1.0000000E-01   1.1815345E+07   6.1791588E+06   1.7981962E+07   4.3525115E-03   2.2695345E-03   3.6286125E-03
   1.5000000E-01   8.5803189E+06   4.3704584E+06   1.2939191E+07   2.8277379E-03   2.2456957E-03   2.6262858E-03
   2.0000000E-01   6.6920993E+06   3.3337549E+06   1.0016321E+07   1.8399701E-03   1.5479562E-03   1.7437822E-03
   2.5000000E-01   5.4222561E+06   2.6876177E+06   8.1021198E+06   1.5293233E-03   1.4586175E-03   1.5054322E-03
   3.0000000E-01   4.5207219E+06   2.2281162E+06   6.7422596E+06   1.2810280E-03   1.2795703E-03   1.2777112E-03
   3.5000000E-01   3.8277309E+06   1.8807658E+06   5.7029672E+06   1.2418231E-03   1.6137574E-03   1.3674462E-03
   4.0000000E-01   3.2871066E+06   1.6130433E+06   4.8959482E+06   1.5267933E-03   1.8210447E-03   1.6239113E-03
   4.5000000E-01   2.8454145E+06   1.3962840E+06   4.2375605E+06   1.9223873E-03   1.6346336E-03   1.8244726E-03
   5.0000000E-01   2.4778387E+06   1.2206166E+06   3.6956160E+06   1.7270567E-03   2.1602212E-03   1.8619098E-03
   5.5000000E-01   2.1703236E+06   1.0656610E+06   3.2330504E+06   1.9864243E-03   2.2482550E-03   2.0723649E-03
   6.0000000E-01   1.8994983E+06   9.3423952E+05   2.8314832E+06   2.8026078E-03   2.2538911E-03   2.6161109E-03
   6.5000000E-01   1.6627088E+06   8.1883994E+05   2.4796928E+06   3.3750489E-03   3.5342233E-03   3.4281924E-03
   7.0000000E-01   1.4462501E+06   7.0918078E+05   2.1539484E+06   4.3799759E-03   4.0993588E-03   4.2757201E-03
   7.5000000E-01   1.2562206E+06   6.1761879E+05   1.8725449E+06   4.8206540E-03   4.9103885E-03   4.8468766E-03
   8.0000000E-01   1.0708661E+06   5.2345265E+05   1.5933757E+06   6.1772142E-03   6.4002739E-03   6.2516239E-03
   8.5000000E-01   9.0017287E+05   4.4066072E+05   1.3401033E+06   7.2362099E-03   6.6229003E-03   7.0390263E-03
   9.0000000E-01   7.3050704E+05   3.5573252E+05   1.0857904E+06   9.5148317E-03   9.8339063E-03   9.6169259E-03
   9.5000000E-01   5.4359622E+05   2.6665992E+05   8.0994118E+05   1.4573695E-02   1.3931746E-02   1.4351231E-02
   1.0000000E+00   3.3606608E+05   1.6321988E+05   4.9921679E+05   2.3651289E-02   2.5693705E-02   2.4314961E-02
