   0.0000000E+00   1.0886809E+08   5.7502554E+07   1.6634162E+08   1.2388932E-04   1.4372439E-04   1.2947198E-04
   5.0000000E-02   4.0724567E+07   2.0419834E+07   6.1112379E+07   4.9100545E-05   4.7825774E-05   4.7709913E-05
   1.0000000E-01   2.0048812E+07   1.0023228E+07   3.0060326E+07   7.3059733E-05   1.1482405E-04   8.6346467E-05
   1.5000000E-01   1.2644563E+07   6.3239686E+06   1.8959768E+07   1.3847380E-04   2.4371032E-05   9.2704719E-05
   2.0000000E-01   8.8311417E+06   4.3942680E+06   1.3219680E+07   8.9385609E-05   4.4539738E-05   7.0655103E-05
   2.5000000E-01   6.4888616E+06   3.2353144E+06   9.7202799E+06   8.9875470E-05   5.2981527E-05   5.9815474E-05
   3.0000000E-01   4.9438618E+06   2.4717187E+06   7.4132144E+06   9.9620033E-05   1.8850209E-04   1.1455415E-04
   3.5000000E-01   3.8737131E+06   1.9322138E+06   5.8040625E+06   4.7277452E-05   1.0403236E-04   7.7092685E-06
   4.0000000E-01   3.0724225E+06   1.5348187E+06   4.6059122E+06   1.6143725E-04   3.0444060E-04   9.6188949E-05
   4.5000000E-01   2.4707850E+06   1.2371361E+06   3.7069591E+06   2.2750162E-04   4.9710138E-04   3.1189914E-04
   5.0000000E-01   2.0084017E+06   1.0052736E+06   3.0130705E+06   1.3804359E-04   5.8682163E-04   2.8447917E-04
   5.5000000E-01   1.6376639E+06   8.1546363E+05   2.4525777E+06   1.5392103E-04   4.4773350E-04   2.4808547E-04
   6.0000000E-01   1.3459734E+06   6.6969747E+05   2.0152623E+06   1.5325883E-04   3.0351162E-04   1.9351315E-04
   6.5000000E-01   1.1014648E+06   5.4989747E+05   1.6510734E+06   2.3377772E-04   2.4087721E-04   2.2278433E-04
   7.0000000E-01   8.9847513E+05   4.4941718E+05   1.3476922E+06   2.5115274E-04   2.6519085E-04   2.1206266E-04
   7.5000000E-01   7.2974451E+05   3.6300908E+05   1.0926135E+06   9.4792059E-04   2.5954611E-04   5.7244456E-04
   8.0000000E-01   5.7886642E+05   2.9029066E+05   8.6907352E+05   8.2490715E-04   9.2442560E-04   8.5806913E-04
   8.5000000E-01   4.5262542E+05   2.2671528E+05   6.7923959E+05   5.8932686E-04   1.4799503E-03   5.6529992E-04
   9.0000000E-01   3.3696992E+05   1.6890584E+05   5.0583685E+05   6.0072876E-04   6.9103552E-04   6.1204477E-04
   9.5000000E-01   2.2055189E+05   1.0892899E+05   3.2947084E+05   2.0417403E-03   1.4182167E-03   1.8269636E-03
   1.0000000E+00   1.1273672E+05   5.6349495E+04   1.6907992E+05   4.7679773E-03   6.5066121E-03   5.3362881E-03
