   0.0000000E+00   1.5162144E+08   7.8630181E+07   2.3022208E+08   9.2796109E-05   3.5306670E-05   5.0500091E-05
   5.0000000E-02   5.2596443E+07   2.6349565E+07   7.8905838E+07   3.8791365E-05   4.6703316E-05   3.9628634E-05
   1.0000000E-01   2.4541724E+07   1.2245413E+07   3.6770776E+07   3.1917040E-05   5.1150359E-05   3.8096530E-05
   1.5000000E-01   1.4741780E+07   7.3558868E+06   2.2087799E+07   8.4070228E-05   1.1107966E-04   9.0413208E-05
   2.0000000E-01   9.8092125E+06   4.9005080E+06   1.4704596E+07   9.9643469E-05   7.9923147E-05   4.2374373E-05
   2.5000000E-01   6.9085596E+06   3.4580040E+06   1.0363189E+07   9.9484782E-05   1.3217250E-04   1.0762800E-04
   3.0000000E-01   4.9998525E+06   2.5101175E+06   7.5075827E+06   4.7687794E-05   9.2591157E-05   3.2332929E-05
   3.5000000E-01   3.7356303E+06   1.8627585E+06   5.5971428E+06   1.2076266E-04   1.0694273E-04   1.0064755E-04
   4.0000000E-01   2.8290269E+06   1.4153808E+06   4.2436040E+06   8.0014880E-05   6.8936826E-05   6.0440481E-05
   4.5000000E-01   2.1720901E+06   1.0852104E+06   3.2567416E+06   1.9145939E-04   2.1083730E-04   1.8176087E-04
   5.0000000E-01   1.6784544E+06   8.3938317E+05   2.5174174E+06   8.7865729E-05   2.1926965E-04   9.7710543E-05
   5.5000000E-01   1.3085662E+06   6.5557368E+05   1.9638505E+06   1.1874604E-04   3.1903046E-04   1.4778455E-04
   6.0000000E-01   1.0219710E+06   5.1240995E+05   1.5342006E+06   1.5793361E-04   1.5664359E-04   1.1126901E-04
   6.5000000E-01   8.0260124E+05   4.0191765E+05   1.2043965E+06   2.3421337E-04   5.6835180E-04   3.1027777E-04
   7.0000000E-01   6.2651116E+05   3.1383081E+05   9.4026467E+05   2.5745455E-04   1.7202620E-04   2.2262461E-04
   7.5000000E-01   4.8835527E+05   2.4291288E+05   7.3121298E+05   4.7579950E-04   3.6153359E-04   3.3274980E-04
   8.0000000E-01   3.7319049E+05   1.8391945E+05   5.5710198E+05   1.8297371E-04   1.1867535E-03   4.6896301E-04
   8.5000000E-01   2.7885818E+05   1.4012750E+05   4.1895947E+05   1.1775769E-03   1.3203028E-03   1.0770362E-03
   9.0000000E-01   1.9773764E+05   9.7717598E+04   2.9544463E+05   1.7767818E-03   9.6495732E-04   1.1777670E-03
   9.5000000E-01   1.2204001E+05   6.1527626E+04   1.8356429E+05   1.7742404E-03   1.2332952E-03   1.5302351E-03
   1.0000000E+00   5.8286077E+04   2.8948123E+04   8.7234200E+04   2.2237127E-03   8.0279950E-04   1.7352209E-03
