   0.0000000E+00   4.9313586E+07   2.4509352E+07   7.3814280E+07   2.1651076E-02   1.0787809E-02   1.8043212E-02
   5.0000000E-02   2.0220190E+07   1.0139698E+07   3.0350657E+07   4.7485767E-03   5.2330092E-03   4.9072834E-03
   1.0000000E-01   1.1289369E+07   5.6522286E+06   1.6936091E+07   1.8726317E-03   2.2933219E-03   2.0094416E-03
   1.5000000E-01   7.9457150E+06   4.0012826E+06   1.1942117E+07   7.9119125E-04   1.1678924E-03   8.9222525E-04
   2.0000000E-01   6.1684159E+06   3.0886086E+06   9.2534753E+06   8.9500558E-04   9.7782428E-04   8.3182084E-04
   2.5000000E-01   5.0434546E+06   2.5249359E+06   7.5656785E+06   9.5035778E-04   4.0407479E-04   7.5054740E-04
   3.0000000E-01   4.2367682E+06   2.1181719E+06   6.3525104E+06   7.1092290E-04   8.0935999E-04   6.8963354E-04
   3.5000000E-01   3.6425019E+06   1.8261165E+06   5.4660719E+06   6.9685360E-04   4.1655386E-04   6.0064550E-04
   4.0000000E-01   3.1677006E+06   1.5964673E+06   4.7619636E+06   6.4111954E-04   9.0422498E-04   7.0217007E-04
   4.5000000E-01   2.7915706E+06   1.4036759E+06   4.1931386E+06   6.5786112E-04   4.2245051E-04   5.7746018E-04
   5.0000000E-01   2.4787746E+06   1.2397852E+06   3.7174902E+06   1.1083478E-03   1.0600597E-03   1.0906736E-03
   5.5000000E-01   2.2010897E+06   1.1020988E+06   3.3019268E+06   3.6606790E-04   6.3318732E-04   4.5221448E-04
   6.0000000E-01   1.9580673E+06   9.8007083E+05   2.9371620E+06   6.5849816E-04   1.5215714E-03   9.3873775E-04
   6.5000000E-01   1.7392060E+06   8.6920636E+05   2.6075015E+06   7.4349018E-04   6.7094976E-04   6.8332631E-04
   7.0000000E-01   1.5362454E+06   7.7062369E+05   2.3060505E+06   9.8682493E-04   6.9209708E-04   8.8485265E-04
   7.5000000E-01   1.3437091E+06   6.7406575E+05   2.0171128E+06   1.1680697E-03   5.1216012E-04   9.5372124E-04
   8.0000000E-01   1.1561771E+06   5.8209329E+05   1.7376855E+06   2.0251535E-03   1.8874539E-03   1.9806794E-03
   8.5000000E-01   9.7291978E+05   4.8548249E+05   1.4579492E+06   1.9874502E-03   2.1024634E-03   2.0144400E-03
   9.0000000E-01   7.8175493E+05   3.9104723E+05   1.1726112E+06   3.2738853E-03   3.1884865E-03   3.2248836E-03
   9.5000000E-01   5.5828203E+05   2.8137589E+05   8.3949039E+05   4.9011470E-03   5.8822983E-03   5.2230129E-03
   1.0000000E+00   3.1837276E+05   1.6123928E+05   4.7957432E+05   9.6105181E-03   9.9178695E-03   9.7101231E-03
