   0.0000000E+00   7.7338607E+07   4.3348102E+08   5.0953621E+08   3.6014334E-02   3.9349943E-04   5.7756103E-03
   5.0000000E-02   2.5215109E+07   1.7699876E+07   4.2820064E+07   3.9186518E-02   3.4119443E-03   2.4424602E-02
   1.0000000E-01   1.5665971E+07   8.4588942E+06   2.4078010E+07   2.5817670E-02   3.3829237E-03   1.7961736E-02
   1.5000000E-01   1.1334187E+07   5.2567817E+06   1.6549398E+07   1.9281765E-02   3.6768925E-03   1.4350002E-02
   2.0000000E-01   8.6228875E+06   3.6148226E+06   1.2209603E+07   1.5656573E-02   3.6172752E-03   1.2115864E-02
   2.5000000E-01   6.7899064E+06   2.6281065E+06   9.3966352E+06   1.3624655E-02   3.6217755E-03   1.0834790E-02
   3.0000000E-01   5.4005729E+06   1.9639508E+06   7.3495843E+06   1.2117595E-02   3.8335059E-03   9.9092680E-03
   3.5000000E-01   4.3487769E+06   1.5047054E+06   5.8420232E+06   1.0706597E-02   4.3805986E-03   9.0943130E-03
   4.0000000E-01   3.5189317E+06   1.1685554E+06   4.6791394E+06   1.0262045E-02   4.3765709E-03   8.7999872E-03
   4.5000000E-01   2.8632399E+06   9.1465285E+05   3.7714911E+06   1.0242975E-02   4.6565867E-03   8.8908644E-03
   5.0000000E-01   2.3373049E+06   7.2446057E+05   3.0578821E+06   1.0112526E-02   5.6224614E-03   9.0651804E-03
   5.5000000E-01   1.9119775E+06   5.7942238E+05   2.4879390E+06   1.0057953E-02   6.2211068E-03   9.1605011E-03
   6.0000000E-01   1.5579306E+06   4.5950685E+05   2.0153366E+06   1.0919139E-02   7.0544140E-03   1.0044497E-02
   6.5000000E-01   1.2677646E+06   3.6769199E+05   1.6339924E+06   1.1322800E-02   8.2544686E-03   1.0638797E-02
   7.0000000E-01   1.0251534E+06   2.9104437E+05   1.3150382E+06   1.2986513E-02   8.9082029E-03   1.2072154E-02
   7.5000000E-01   8.2453720E+05   2.3300708E+05   1.0568270E+06   1.4591338E-02   9.9210417E-03   1.3563342E-02
   8.0000000E-01   6.5342653E+05   1.8126952E+05   8.3419074E+05   1.6811615E-02   1.2977549E-02   1.5974145E-02
   8.5000000E-01   5.0815365E+05   1.3915759E+05   6.4697046E+05   1.9809428E-02   1.5907957E-02   1.8959170E-02
   9.0000000E-01   3.7551017E+05   1.0281763E+05   4.7820402E+05   2.4084689E-02   1.8672128E-02   2.2920563E-02
   9.5000000E-01   2.5579382E+05   6.8885610E+04   3.2456886E+05   3.1087949E-02   2.6023954E-02   3.0012210E-02
   1.0000000E+00   1.3003391E+05   3.5028235E+04   1.6506215E+05   4.3436696E-02   3.5712230E-02   4.1792448E-02
