   0.0000000E+00   2.0442268E+08   6.1293191E+08   8.1310096E+08   2.3829161E-02   7.7490543E-04   6.5248241E-03
   5.0000000E-02   2.4681685E+07   1.3356474E+07   3.7962847E+07   7.3483276E-02   1.3401594E-02   5.2387326E-02
   1.0000000E-01   1.4163294E+07   6.4558020E+06   2.0581153E+07   5.6805485E-02   1.1983762E-02   4.2784877E-02
   1.5000000E-01   9.9811158E+06   4.0804144E+06   1.4033795E+07   4.7481803E-02   1.1498432E-02   3.7057581E-02
   2.0000000E-01   7.5887942E+06   2.8812774E+06   1.0449381E+07   4.1767204E-02   1.0632147E-02   3.3206183E-02
   2.5000000E-01   6.0047632E+06   2.1360249E+06   8.1260822E+06   3.7061431E-02   1.1476749E-02   3.0344024E-02
   3.0000000E-01   4.8336205E+06   1.6417681E+06   6.4631867E+06   3.3510544E-02   1.1051908E-02   2.7815087E-02
   3.5000000E-01   3.9774457E+06   1.2898826E+06   5.2578245E+06   3.1478955E-02   1.1767373E-02   2.6658499E-02
   4.0000000E-01   3.3016932E+06   1.0300985E+06   4.3245342E+06   2.9909645E-02   1.1816608E-02   2.5612163E-02
   4.5000000E-01   2.7461372E+06   8.3353334E+05   3.5742805E+06   2.8848689E-02   1.2824076E-02   2.5111520E-02
   5.0000000E-01   2.2919712E+06   6.7385566E+05   2.9626247E+06   2.8402522E-02   1.3681171E-02   2.5067211E-02
   5.5000000E-01   1.9244032E+06   5.4642811E+05   2.4676656E+06   2.7707690E-02   1.5136947E-02   2.4927732E-02
   6.0000000E-01   1.6051519E+06   4.4778243E+05   2.0504621E+06   2.9014345E-02   1.6625399E-02   2.6309096E-02
   6.5000000E-01   1.3383902E+06   3.6360783E+05   1.7001764E+06   2.9734908E-02   1.6953737E-02   2.7002837E-02
   7.0000000E-01   1.1116654E+06   2.9688763E+05   1.4070616E+06   3.1020704E-02   1.9137078E-02   2.8525816E-02
   7.5000000E-01   9.1532766E+05   2.3901253E+05   1.1533174E+06   3.3296733E-02   2.1249367E-02   3.0815048E-02
   8.0000000E-01   7.3956517E+05   1.8890100E+05   9.2781364E+05   3.5860140E-02   2.3136073E-02   3.3275598E-02
   8.5000000E-01   5.8707203E+05   1.4747859E+05   7.3409749E+05   4.0123172E-02   2.7809178E-02   3.7668369E-02
   9.0000000E-01   4.4716526E+05   1.1051719E+05   5.5743842E+05   4.4792146E-02   3.2780493E-02   4.2419813E-02
   9.5000000E-01   3.0233073E+05   7.3586544E+04   3.7575979E+05   5.3169466E-02   3.9806128E-02   5.0561439E-02
   1.0000000E+00   1.5253724E+05   3.7002542E+04   1.8950835E+05   6.5667657E-02   5.1929048E-02   6.2997234E-02
