   0.0000000E+00   3.2112222E+09   1.6527856E+09   4.6408751E+09   1.6410585E-04   3.7118234E-09   1.0881398E-04
   5.0000000E-02   1.0397911E+06   2.5312002E+05   1.2927201E+06   2.0297602E-01   1.2257567E-06   1.6325821E-01
   1.0000000E-01   4.2936821E+05   1.0663381E+05   5.3600202E+05   2.2680011E-01   2.4442373E-05   1.8167497E-01
   1.5000000E-01   2.3056246E+05   5.9439066E+04   2.9000153E+05   2.4785033E-01   5.7943404E-06   1.9705181E-01
   2.0000000E-01   1.3343550E+05   3.4775355E+04   1.6819494E+05   2.6502979E-01   3.3415215E-05   2.1024019E-01
   2.5000000E-01   8.4339387E+04   2.1925185E+04   1.0622638E+05   2.8684846E-01   3.2082802E-05   2.2763749E-01
   3.0000000E-01   5.4961507E+04   1.4578593E+04   6.9540100E+04   2.9783976E-01   1.9591105E-06   2.3539934E-01
   3.5000000E-01   3.4204671E+04   9.2309867E+03   4.3435658E+04   3.1179099E-01   7.5760657E-06   2.4553049E-01
   4.0000000E-01   2.1931551E+04   5.5545075E+03   2.7478101E+04   3.2515975E-01   7.6149845E-06   2.5952667E-01
   4.5000000E-01   1.3609516E+04   3.8975277E+03   1.7499970E+04   3.3247484E-01   2.5710690E-04   2.5861894E-01
   5.0000000E-01   8.3142542E+03   2.2409016E+03   1.0555156E+04   3.4117281E-01   2.4196560E-06   2.6873995E-01
   5.5000000E-01   5.1624076E+03   1.4468631E+03   6.6092707E+03   3.4520101E-01   7.9539601E-06   2.6963335E-01
   6.0000000E-01   2.9974181E+03   9.8145548E+02   3.9788736E+03   3.5260483E-01   8.1120565E-06   2.6562697E-01
   6.5000000E-01   1.8951681E+03   5.5336949E+02   2.4485376E+03   3.5357395E-01   2.4618001E-05   2.7367180E-01
   7.0000000E-01   1.2232194E+03   3.0466803E+02   1.5278875E+03   3.5959969E-01   3.9921122E-05   2.8790176E-01
   7.5000000E-01   5.8993432E+02   1.6127701E+02   7.5121133E+02   3.6427919E-01   1.6116537E-05   2.8606890E-01
   8.0000000E-01   3.3422538E+02   9.5492966E+01   4.2971835E+02   3.4461735E-01   4.3745220E-06   2.6803474E-01
   8.5000000E-01   1.6102735E+02   4.4937866E+01   2.0596522E+02   3.4533540E-01   3.8257156E-05   2.6998115E-01
   9.0000000E-01   1.2025040E+02   3.8904542E+01   1.5915494E+02   3.0930394E-01   9.1960609E-06   2.3369770E-01
   9.5000000E-01   7.0363238E+01   6.7012608E+00   7.7064499E+01   2.7117145E-01   3.7661724E-06   2.4759165E-01
   1.0000000E+00   1.2575205E+01   0.0000000E+00   1.2575205E+01   2.1323350E-01   0.0000000E+00   2.1323350E-01
