   0.0000000E+00   6.9057966E+07   3.2916298E+07   1.0196917E+08   5.1340260E-03   8.4853540E-05   3.5068543E-03
   5.0000000E-02   2.3780677E+07   1.1592910E+07   3.5370913E+07   3.7586578E-04   3.1917605E-05   2.4514624E-04
   1.0000000E-01   1.2436399E+07   6.1335450E+06   1.8567971E+07   5.6176986E-04   7.4115451E-05   3.5730019E-04
   1.5000000E-01   8.4674462E+06   4.2115369E+06   1.2677795E+07   3.5197289E-04   4.6563035E-05   2.4368809E-04
   2.0000000E-01   6.4362896E+06   3.2060013E+06   9.6413836E+06   8.9965353E-04   4.0469597E-05   5.9605025E-04
   2.5000000E-01   5.1582244E+06   2.5744394E+06   7.7320145E+06   3.5531057E-04   6.5091794E-05   2.3486534E-04
   3.0000000E-01   4.2919844E+06   2.1544805E+06   6.4458813E+06   4.0083690E-04   8.5408928E-05   2.3938168E-04
   3.5000000E-01   3.6479677E+06   1.8290359E+06   5.4765216E+06   5.0586572E-04   3.9394016E-05   3.2739560E-04
   4.0000000E-01   3.1507586E+06   1.5820638E+06   4.7323767E+06   2.0331466E-04   5.6878397E-05   1.1834419E-04
   4.5000000E-01   2.7508199E+06   1.3821652E+06   4.1326880E+06   2.5647368E-04   6.6306890E-05   1.4703000E-04
   5.0000000E-01   2.4227075E+06   1.2174080E+06   3.6398099E+06   6.1270637E-04   1.9503522E-05   3.9871411E-04
   5.5000000E-01   2.1357725E+06   1.0769581E+06   3.2125165E+06   6.3495128E-04   6.0322984E-05   4.3131603E-04
   6.0000000E-01   1.8837897E+06   9.5044679E+05   2.8339925E+06   1.2233754E-04   1.1490292E-04   5.4673297E-05
   6.5000000E-01   1.6631887E+06   8.3781121E+05   2.5007894E+06   7.8895664E-04   5.5144371E-05   5.0985853E-04
   7.0000000E-01   1.4594190E+06   7.3569600E+05   2.1949695E+06   7.8131112E-04   5.7418581E-05   5.2254043E-04
   7.5000000E-01   1.2740926E+06   6.4491281E+05   1.9188357E+06   9.0262823E-04   5.4469863E-05   5.8514962E-04
   8.0000000E-01   1.0850707E+06   5.4806596E+05   1.6330133E+06   1.1124360E-03   3.1952825E-05   7.2606668E-04
   8.5000000E-01   8.9970102E+05   4.5905154E+05   1.3586889E+06   8.1391026E-04   4.0717653E-05   5.2961081E-04
   9.0000000E-01   7.0786814E+05   3.5989177E+05   1.0677351E+06   8.1294982E-04   1.7260703E-05   5.4124347E-04
   9.5000000E-01   4.8116057E+05   2.4691465E+05   7.2805512E+05   4.1669597E-04   4.8501632E-05   2.6810506E-04
   1.0000000E+00   2.3815553E+05   1.2613560E+05   3.6429112E+05   2.8518644E-03   4.8111076E-05   1.8653962E-03
