   0.0000000E+00   3.9366020E+07   1.8280664E+07   5.7645156E+07   3.2299527E-03   1.4330721E-04   2.2262980E-03
   5.0000000E-02   1.5174151E+07   7.4034423E+06   2.2576256E+07   5.7819614E-04   1.8793710E-04   3.2888853E-04
   1.0000000E-01   8.9555213E+06   4.4300142E+06   1.3384549E+07   7.0362642E-04   2.8933963E-04   5.2754950E-04
   1.5000000E-01   6.7010385E+06   3.3251287E+06   1.0025658E+07   3.0675068E-04   3.0722211E-04   1.4450435E-04
   2.0000000E-01   5.4498154E+06   2.7087216E+06   8.1579004E+06   5.4571093E-04   3.3301749E-04   4.2018267E-04
   2.5000000E-01   4.6212484E+06   2.3120757E+06   6.9327384E+06   2.7212944E-04   5.8872295E-04   2.4438654E-04
   3.0000000E-01   4.0304716E+06   2.0215330E+06   6.0515908E+06   1.7547338E-04   9.9677411E-05   8.7335590E-05
   3.5000000E-01   3.5618603E+06   1.7887560E+06   5.3500798E+06   3.8281543E-04   7.4928519E-04   4.9767073E-04
   4.0000000E-01   3.1751809E+06   1.5986955E+06   4.7734785E+06   1.4934750E-04   4.1294106E-04   2.3447830E-04
   4.5000000E-01   2.8648314E+06   1.4415406E+06   4.3060113E+06   6.7404010E-05   6.4156347E-04   1.8901043E-04
   5.0000000E-01   2.5854020E+06   1.3003341E+06   3.8854560E+06   3.9847365E-04   1.5083269E-04   2.1755945E-04
   5.5000000E-01   2.3385243E+06   1.1787536E+06   3.5170001E+06   2.6118498E-04   1.3112956E-04   1.9030677E-04
   6.0000000E-01   2.1105113E+06   1.0689111E+06   3.1791200E+06   2.3922129E-04   4.8373290E-04   1.2150099E-04
   6.5000000E-01   1.9023472E+06   9.6097755E+05   2.8630407E+06   2.7385476E-04   7.3403571E-04   2.1153404E-04
   7.0000000E-01   1.7079735E+06   8.6145569E+05   2.5691700E+06   6.8603099E-04   7.9693511E-04   6.2024402E-04
   7.5000000E-01   1.5134871E+06   7.5969111E+05   2.2729830E+06   4.5358575E-04   1.5060966E-04   3.4280191E-04
   8.0000000E-01   1.3185589E+06   6.6286840E+05   1.9812363E+06   6.1781879E-04   6.9751633E-04   5.7383297E-04
   8.5000000E-01   1.1188630E+06   5.6778994E+05   1.6865780E+06   3.4539470E-05   3.6093317E-04   1.3726170E-04
   9.0000000E-01   9.0831141E+05   4.5844758E+05   1.3666883E+06   3.0179356E-04   2.6643461E-04   2.7680421E-04
   9.5000000E-01   6.4466799E+05   3.2671662E+05   9.7135110E+05   1.0715486E-03   1.5099691E-03   1.1291355E-03
   1.0000000E+00   3.3924760E+05   1.7216085E+05   5.1140216E+05   2.2711246E-03   1.7103333E-03   2.0780833E-03
