   0.0000000E+00   1.1568145E+08   9.5530654E+07   2.1117544E+08   3.7913118E-05   1.5726540E-05   2.0666355E-05
   5.0000000E-02   5.8165720E+07   3.0470596E+07   8.8595827E+07   2.5120794E-05   1.4266405E-05   2.1144648E-05
   1.0000000E-01   2.8428479E+07   1.3924402E+07   4.2336806E+07   4.3243309E-05   2.7373215E-05   3.8370916E-05
   1.5000000E-01   1.6738898E+07   8.1476508E+06   2.4877170E+07   3.5168648E-05   3.8873153E-05   3.6120483E-05
   2.0000000E-01   1.0812684E+07   5.2246111E+06   1.6032075E+07   4.2165016E-05   3.9992752E-05   4.0473499E-05
   2.5000000E-01   7.3415629E+06   3.5454246E+06   1.0884110E+07   7.0885077E-05   5.9603479E-05   6.6677971E-05
   3.0000000E-01   5.1447366E+06   2.4860957E+06   7.6290498E+06   1.2991107E-04   9.5460358E-05   8.6070552E-05
   3.5000000E-01   3.6947047E+06   1.7702759E+06   5.4640438E+06   2.0461002E-04   2.0928299E-04   2.0615958E-04
   4.0000000E-01   2.6941510E+06   1.3000969E+06   3.9935238E+06   2.6311607E-04   2.7158709E-04   2.6392469E-04
   4.5000000E-01   1.9844358E+06   9.5883426E+05   2.9428456E+06   3.6892597E-04   3.8981223E-04   3.7058482E-04
   5.0000000E-01   1.4684463E+06   7.1034034E+05   2.1785511E+06   3.3842997E-04   1.9982758E-04   2.7667422E-04
   5.5000000E-01   1.1002294E+06   5.3305910E+05   1.6331496E+06   3.4752179E-04   5.0266501E-04   3.9891961E-04
   6.0000000E-01   8.2678871E+05   4.0049219E+05   1.2271854E+06   5.7286796E-04   8.1064333E-04   6.4880106E-04
   6.5000000E-01   6.2505288E+05   3.0297714E+05   9.2799085E+05   8.4067613E-04   5.3949341E-04   7.3501003E-04
   7.0000000E-01   4.7062117E+05   2.2468131E+05   6.9527519E+05   9.5449270E-04   1.2872043E-03   1.0471914E-03
   7.5000000E-01   3.5053982E+05   1.6816523E+05   5.1867959E+05   8.0528140E-04   2.0780388E-04   5.7868016E-04
   8.0000000E-01   2.6006316E+05   1.2496448E+05   3.8501968E+05   1.0165405E-03   8.4117280E-04   9.3101018E-04
   8.5000000E-01   1.8619630E+05   8.9868243E+04   2.7605706E+05   1.5856116E-03   2.7896610E-03   1.7214854E-03
   9.0000000E-01   1.2787215E+05   6.1787486E+04   1.8965610E+05   1.3423372E-03   2.0228754E-03   1.5499820E-03
   9.5000000E-01   7.6491541E+04   3.6692753E+04   1.1317759E+05   1.8759382E-03   3.0606861E-03   2.2676380E-03
   1.0000000E+00   3.7442674E+04   1.7925955E+04   5.5368629E+04   5.2219118E-03   8.6146204E-03   5.9076981E-03
