   0.0000000E+00   4.8622726E+08   2.0859585E+08   6.9210806E+08   3.7365258E-02   5.3067727E-06   2.6162057E-02
   5.0000000E-02   1.3180436E+08   6.1599838E+07   1.9174395E+08   1.4265963E-02   7.3786358E-06   9.7153706E-03
   1.0000000E-01   4.4533686E+07   2.2061995E+07   6.6223831E+07   8.4819267E-03   1.2405596E-05   5.6672758E-03
   1.5000000E-01   1.8921061E+07   9.9138038E+06   2.8727255E+07   6.2532792E-03   2.1810050E-05   4.1089547E-03
   2.0000000E-01   8.6697745E+06   4.8289838E+06   1.3466450E+07   5.8909735E-03   4.8146044E-05   3.8020712E-03
   2.5000000E-01   4.1276262E+06   2.4310217E+06   6.5495697E+06   6.3093614E-03   6.6393421E-05   3.9988507E-03
   3.0000000E-01   2.0176921E+06   1.2576954E+06   3.2726076E+06   5.8041695E-03   1.3845610E-04   3.6222192E-03
   3.5000000E-01   9.9219920E+05   6.5822847E+05   1.6496182E+06   6.6963318E-03   2.2057184E-04   4.1085681E-03
   4.0000000E-01   4.9640427E+05   3.4796045E+05   8.4405437E+05   8.0341319E-03   3.8990626E-04   4.8909229E-03
   4.5000000E-01   2.5137285E+05   1.8418825E+05   4.3546914E+05   5.0504753E-03   5.2123675E-04   3.1434874E-03
   5.0000000E-01   1.2733669E+05   1.0028671E+05   2.2759157E+05   1.1140926E-02   8.7137265E-04   6.5927914E-03
   5.5000000E-01   6.5311401E+04   5.4662489E+04   1.1997389E+05   1.8131355E-02   1.5518769E-03   1.0573543E-02
   6.0000000E-01   3.4425214E+04   2.9072303E+04   6.3492212E+04   1.8229202E-02   1.9650017E-03   1.0772934E-02
   6.5000000E-01   1.8153458E+04   1.5846935E+04   3.4000393E+04   3.5173056E-02   4.2923190E-03   2.0780109E-02
   7.0000000E-01   9.8312282E+03   9.0581899E+03   1.8889418E+04   3.6896993E-02   6.6848654E-03   2.2403476E-02
   7.5000000E-01   5.3603385E+03   4.8934840E+03   1.0253822E+04   5.8326200E-02   9.5614941E-03   3.5049745E-02
   8.0000000E-01   3.2228876E+03   2.6658453E+03   5.8887329E+03   7.8129811E-02   1.1966428E-02   4.8172570E-02
   8.5000000E-01   1.8724111E+03   1.3106878E+03   3.1830989E+03   9.4257995E-02   2.2211246E-02   6.4182635E-02
   9.0000000E-01   9.3017222E+02   9.0895156E+02   1.8391238E+03   1.5188326E-01   3.0213767E-02   9.1721941E-02
   9.5000000E-01   5.8300969E+02   3.8532249E+02   9.6833218E+02   1.5462730E-01   3.7472923E-02   1.0798640E-01
   1.0000000E+00   2.8294212E+02   1.8234048E+02   4.6528260E+02   1.6521848E-01   3.7286041E-02   1.1508242E-01
