   0.0000000E+00   1.6656061E+08   8.6515099E+07   2.5301511E+08   3.5593989E-05   1.7655925E-05   1.7624324E-05
   5.0000000E-02   5.7345881E+07   2.8685387E+07   8.5980975E+07   2.5738615E-05   3.8392253E-05   1.3180376E-05
   1.0000000E-01   2.6324259E+07   1.3136267E+07   3.9440950E+07   3.3174733E-05   2.8187748E-05   3.1921624E-05
   1.5000000E-01   1.5524058E+07   7.7861145E+06   2.3298713E+07   2.6651945E-05   9.0481846E-05   4.3491407E-05
   2.0000000E-01   1.0147130E+07   5.0675411E+06   1.5207971E+07   6.5796041E-05   7.2477042E-05   5.2075409E-05
   2.5000000E-01   7.0113482E+06   3.4942277E+06   1.0501731E+07   7.9864609E-05   7.9585318E-05   8.0041735E-05
   3.0000000E-01   4.9994493E+06   2.4956238E+06   7.4928343E+06   5.3559010E-05   1.6845508E-04   2.3885433E-05
   3.5000000E-01   3.6511144E+06   1.8253162E+06   5.4749937E+06   1.0979657E-04   8.0240894E-05   9.6940681E-05
   4.0000000E-01   2.7056738E+06   1.3544245E+06   4.0591036E+06   5.2683602E-05   1.2533109E-04   7.6755096E-05
   4.5000000E-01   2.0372964E+06   1.0167171E+06   3.0533487E+06   2.7424144E-05   2.0028669E-04   5.1758393E-05
   5.0000000E-01   1.5489150E+06   7.7084469E+05   2.3194732E+06   1.2873595E-04   1.3128158E-04   7.5471371E-05
   5.5000000E-01   1.1779723E+06   5.9102043E+05   1.7686744E+06   1.9478887E-04   2.5953744E-04   2.1182447E-04
   6.0000000E-01   9.0325205E+05   4.5102919E+05   1.3541486E+06   2.3253670E-04   3.9340241E-04   2.6378838E-04
   6.5000000E-01   6.9486069E+05   3.4721242E+05   1.0419752E+06   2.7992562E-04   2.9229941E-04   2.7104663E-04
   7.0000000E-01   5.3090906E+05   2.6597065E+05   7.9681604E+05   1.7768005E-04   3.0111408E-04   1.8800788E-04
   7.5000000E-01   4.0550133E+05   2.0295863E+05   6.0842176E+05   5.4425401E-04   6.8595163E-04   5.5257101E-04
   8.0000000E-01   3.0457879E+05   1.5155529E+05   4.5611419E+05   1.0293786E-03   3.7652885E-04   8.0578401E-04
   8.5000000E-01   2.2348350E+05   1.1286145E+05   3.3630750E+05   1.4461221E-03   6.4825245E-04   1.1606275E-03
   9.0000000E-01   1.5478702E+05   7.7992996E+04   2.3276941E+05   5.4822969E-04   1.1004160E-03   6.7255828E-04
   9.5000000E-01   9.4534686E+04   4.7217083E+04   1.4175177E+05   3.4050269E-03   2.4966967E-03   2.9646299E-03
   1.0000000E+00   4.5383916E+04   2.2333565E+04   6.7717481E+04   3.1208229E-03   2.1037938E-03   2.6971901E-03
