   0.0000000E+00   3.9034978E+07   6.8845590E+07   1.0783015E+08   1.0629938E-01   2.7793271E-05   3.8434359E-02
   5.0000000E-02   1.5164729E+07   8.1463776E+06   2.3292899E+07   9.8652218E-02   1.0553571E-03   6.4547198E-02
   1.0000000E-01   9.1427512E+06   4.7147742E+06   1.3846225E+07   7.2521136E-02   1.2277583E-03   4.8277225E-02
   1.5000000E-01   6.8479279E+06   3.4594767E+06   1.0296540E+07   5.7554047E-02   1.3650377E-03   3.8691528E-02
   2.0000000E-01   5.5519929E+06   2.7723836E+06   8.3154001E+06   4.7203757E-02   2.0575022E-03   3.2154111E-02
   2.5000000E-01   4.6969425E+06   2.3305249E+06   7.0188985E+06   4.1728719E-02   2.2349752E-03   2.8604487E-02
   3.0000000E-01   4.0683505E+06   1.9943494E+06   6.0542116E+06   3.7238672E-02   2.9705005E-03   2.5969028E-02
   3.5000000E-01   3.5959286E+06   1.7539966E+06   5.3419856E+06   3.4965238E-02   3.3100334E-03   2.4622156E-02
   4.0000000E-01   3.1931018E+06   1.5511320E+06   4.7377005E+06   3.3662598E-02   3.7559195E-03   2.3889212E-02
   4.5000000E-01   2.8623557E+06   1.3757141E+06   4.2318733E+06   3.2667820E-02   4.6120708E-03   2.3563780E-02
   5.0000000E-01   2.5690154E+06   1.2320948E+06   3.7966157E+06   3.3005026E-02   5.4245872E-03   2.4059284E-02
   5.5000000E-01   2.3101948E+06   1.1067693E+06   3.4123746E+06   3.3188988E-02   6.1141751E-03   2.4418715E-02
   6.0000000E-01   2.0771948E+06   9.9265999E+05   3.0659927E+06   3.5173301E-02   7.3744660E-03   2.6184905E-02
   6.5000000E-01   1.8592431E+06   8.9033724E+05   2.7462847E+06   3.6831928E-02   7.8397071E-03   2.7442286E-02
   7.0000000E-01   1.6648471E+06   7.9146844E+05   2.4531143E+06   3.9565840E-02   9.2111039E-03   2.9786447E-02
   7.5000000E-01   1.4732655E+06   7.0206428E+05   2.1727408E+06   4.2602160E-02   1.1105145E-02   3.2437251E-02
   8.0000000E-01   1.2857969E+06   6.1338713E+05   1.8970672E+06   4.7249361E-02   1.2337905E-02   3.5989347E-02
   8.5000000E-01   1.1041384E+06   5.2568316E+05   1.6282449E+06   5.2374199E-02   1.4443298E-02   4.0143442E-02
   9.0000000E-01   9.1302593E+05   4.3433738E+05   1.3463518E+06   5.9379695E-02   1.7990896E-02   4.6039440E-02
   9.5000000E-01   6.8647045E+05   3.2539312E+05   1.0111164E+06   7.2116841E-02   2.2388611E-02   5.6126764E-02
   1.0000000E+00   3.8959244E+05   1.7908979E+05   5.6858791E+05   9.0228955E-02   3.0798648E-02   7.1506040E-02
