   0.0000000E+00   2.8791257E+09   1.4621200E+09   4.3154723E+09   1.8002367E-03   1.0435338E-04   1.2236813E-03
   5.0000000E-02   4.8309573E+07   2.6685637E+07   7.4933203E+07   1.9184890E-02   4.6546177E-03   1.4006953E-02
   1.0000000E-01   1.0119071E+06   4.4292821E+05   1.4548035E+06   1.6712826E-01   1.1264757E-01   1.5054297E-01
   1.5000000E-01   2.8821899E+05   1.4962687E+05   4.3782464E+05   1.1160153E-01   1.6522540E-01   1.2992734E-01
   2.0000000E-01   1.3400846E+05   7.2129020E+04   2.0613748E+05   4.4848982E-02   2.0385530E-01   1.0048510E-01
   2.5000000E-01   8.8693867E+04   4.1189299E+04   1.2988317E+05   5.5668865E-03   2.3948354E-01   7.9730462E-02
   3.0000000E-01   7.2765640E+04   2.5507232E+04   9.8272872E+04   1.0458130E-02   2.7441620E-01   6.3486489E-02
   3.5000000E-01   6.5453607E+04   1.7125072E+04   8.2578679E+04   1.6753957E-02   2.9986254E-01   4.8905610E-02
   4.0000000E-01   6.1863526E+04   1.1013522E+04   7.2877048E+04   1.9852645E-02   3.2674613E-01   3.2572658E-02
   4.5000000E-01   5.9672493E+04   8.1133653E+03   6.7785859E+04   2.0167965E-02   3.6160151E-01   2.5541563E-02
   5.0000000E-01   5.8352568E+04   6.3343667E+03   6.4686935E+04   1.9656941E-02   3.9162338E-01   2.0620246E-02
   5.5000000E-01   5.8493782E+04   4.4447635E+03   6.2938546E+04   2.1129391E-02   4.0194747E-01   8.7538596E-03
   6.0000000E-01   5.9099536E+04   3.3953055E+03   6.2489536E+04   2.0641047E-02   4.3851541E-01   4.3699243E-03
   6.5000000E-01   5.8201738E+04   2.7080826E+03   6.0909821E+04   1.9136306E-02   4.5817131E-01   2.1012090E-03
   7.0000000E-01   5.7427651E+04   2.0280887E+03   5.9451192E+04   1.8978304E-02   4.8973700E-01   1.6257307E-03
   7.5000000E-01   5.8131873E+04   1.6170142E+03   5.9748888E+04   1.8261116E-02   5.3295325E-01   3.3542219E-03
   8.0000000E-01   5.7128667E+04   1.1180635E+03   5.8242751E+04   1.9001760E-02   5.6319745E-01   7.8268105E-03
   8.5000000E-01   5.5670527E+04   9.5867448E+02   5.6629201E+04   1.8777896E-02   6.0567880E-01   8.2075977E-03
   9.0000000E-01   5.1134715E+04   5.6234747E+02   5.1693526E+04   2.1020281E-02   6.4551187E-01   1.3771010E-02
   9.5000000E-01   4.0388499E+04   3.9202375E+02   4.0780522E+04   2.2687611E-02   6.9620373E-01   1.5776925E-02
   1.0000000E+00   1.8969697E+04   1.8234048E+02   1.9152038E+04   3.8761520E-02   7.2345057E-01   3.1504883E-02
