   0.0000000E+00   8.0314423E+07   5.5232113E+07   1.3553686E+08   1.3815785E-04   2.3498993E-04   1.0202275E-04
   5.0000000E-02   3.6942982E+07   1.8879787E+07   5.5814811E+07   1.3674767E-04   1.3994541E-04   1.3792186E-04
   1.0000000E-01   1.8822173E+07   9.3268616E+06   2.8145756E+07   1.8807011E-04   2.7490486E-04   2.1678135E-04
   1.5000000E-01   1.2015710E+07   5.9456043E+06   1.7959277E+07   1.1209127E-04   1.2685443E-04   1.1153211E-04
   2.0000000E-01   8.4787727E+06   4.2021202E+06   1.2679381E+07   3.4268297E-05   1.5776895E-04   4.2261674E-05
   2.5000000E-01   6.3547131E+06   3.1352378E+06   9.4892506E+06   5.9871073E-05   1.2575049E-04   8.1138635E-05
   3.0000000E-01   4.9142378E+06   2.4351131E+06   7.3486294E+06   2.5543454E-04   2.2743299E-04   2.4486061E-04
   3.5000000E-01   3.8898014E+06   1.9246835E+06   5.8139574E+06   5.7049539E-05   2.0205255E-04   1.0073996E-04
   4.0000000E-01   3.1398167E+06   1.5528032E+06   4.6921105E+06   3.1228496E-04   1.0581938E-04   2.2709935E-04
   4.5000000E-01   2.5583344E+06   1.2670431E+06   3.8250379E+06   1.8475235E-04   2.6709040E-04   5.1809814E-05
   5.0000000E-01   2.1148891E+06   1.0435662E+06   3.1582261E+06   2.1910746E-04   6.1777945E-04   3.4810061E-04
   5.5000000E-01   1.7524985E+06   8.6503895E+05   2.6172538E+06   4.7306812E-04   3.3421144E-04   3.5347687E-04
   6.0000000E-01   1.4585171E+06   7.1983128E+05   2.1781839E+06   4.0563493E-04   7.4019235E-04   4.3098716E-04
   6.5000000E-01   1.2068107E+06   6.0070952E+05   1.8074174E+06   6.5611466E-04   5.6032637E-04   5.9402338E-04
   7.0000000E-01   9.9844717E+05   4.9438982E+05   1.4927233E+06   4.0005390E-04   6.1294642E-04   4.5274500E-04
   7.5000000E-01   8.2388360E+05   4.0678306E+05   1.2305945E+06   3.5837705E-04   4.0177330E-04   2.6840283E-04
   8.0000000E-01   6.6871337E+05   3.3073193E+05   9.9942142E+05   7.9897288E-04   1.3522539E-03   9.7767775E-04
   8.5000000E-01   5.2807985E+05   2.5919412E+05   7.8724776E+05   6.0047531E-04   9.5372564E-04   7.1612616E-04
   9.0000000E-01   3.9236645E+05   1.9629110E+05   5.8864694E+05   1.3875468E-03   4.5721605E-04   1.0787690E-03
   9.5000000E-01   2.5658792E+05   1.2609427E+05   3.8266544E+05   1.5174335E-03   2.0968732E-04   1.0441058E-03
   1.0000000E+00   1.2852489E+05   6.3202982E+04   1.9172158E+05   1.2422027E-03   1.0287874E-03   9.6743632E-04
