   0.0000000E+00   3.2431841E+09   1.6635603E+09   4.6895327E+09   6.2298161E-06   1.5513092E-06   4.8258908E-06
   5.0000000E-02   5.1056906E+04   1.6297466E+04   6.7354372E+04   1.7180438E-01   4.5408569E-02   1.4122089E-01
   1.0000000E-01   2.7374650E+04   8.4033810E+03   3.5778031E+04   1.7522358E-01   4.5866678E-02   1.4484082E-01
   1.5000000E-01   1.7591926E+04   4.7958690E+03   2.2387795E+04   1.7259391E-01   5.6290933E-02   1.4767972E-01
   2.0000000E-01   1.2684649E+04   3.0876059E+03   1.5772255E+04   1.7685091E-01   5.6612499E-02   1.5331281E-01
   2.5000000E-01   9.0145360E+03   2.8011270E+03   1.1815663E+04   1.9204881E-01   4.8358582E-02   1.5798432E-01
   3.0000000E-01   7.3741790E+03   2.1645072E+03   9.5386863E+03   1.9880139E-01   5.2182189E-02   1.6553074E-01
   3.5000000E-01   5.5476866E+03   2.0735615E+03   7.6212481E+03   2.1936252E-01   4.6446430E-02   1.7231613E-01
   4.0000000E-01   4.5200004E+03   1.2573241E+03   5.7773244E+03   2.0764866E-01   5.2457277E-02   1.7387422E-01
   4.5000000E-01   4.1309550E+03   1.2732395E+03   5.4041945E+03   2.2731603E-01   6.4693246E-02   1.8900176E-01
   5.0000000E-01   3.5778031E+03   8.7853529E+02   4.4563384E+03   2.3218111E-01   6.4439375E-02   1.9911203E-01
   5.5000000E-01   2.8590015E+03   8.7390532E+02   3.7329068E+03   2.5400267E-01   6.2375576E-02   2.0914113E-01
   6.0000000E-01   2.5411739E+03   6.8967142E+02   3.2308453E+03   2.5546715E-01   6.3592086E-02   2.1450859E-01
   6.5000000E-01   2.1938897E+03   5.9254610E+02   2.7864358E+03   2.6212176E-01   4.4455148E-02   2.1583412E-01
   7.0000000E-01   1.8598392E+03   5.1384310E+02   2.3736823E+03   2.7742485E-01   9.6277911E-02   2.3821103E-01
   7.5000000E-01   1.4472489E+03   4.6261037E+02   1.9098593E+03   2.9258601E-01   5.7584633E-02   2.3566346E-01
   8.0000000E-01   1.3249649E+03   3.5014087E+02   1.6751058E+03   2.9954910E-01   7.7279430E-02   2.5308893E-01
   8.5000000E-01   1.0373157E+03   3.1082024E+02   1.3481360E+03   3.0183507E-01   8.2674205E-02   2.5130631E-01
   9.0000000E-01   7.9577472E+02   2.4757436E+02   1.0433491E+03   3.1197070E-01   7.8641529E-02   2.5660444E-01
   9.5000000E-01   4.9924393E+02   1.5747963E+02   6.5672355E+02   3.0811906E-01   7.0779464E-02   2.5120600E-01
   1.0000000E+00   2.0749089E+02   7.5451232E+01   2.8294212E+02   3.8451099E-01   1.0447636E-01   3.0983509E-01
