   0.0000000E+00   1.5354760E+08   5.5087880E+08   7.0190488E+08   2.5492898E-02   4.4466311E-04   5.8913413E-03
   5.0000000E-02   2.1411305E+07   1.3661797E+07   3.5017207E+07   6.8141154E-02   6.6734478E-03   4.4198539E-02
   1.0000000E-01   1.2859751E+07   6.6736851E+06   1.9501669E+07   5.0964974E-02   6.3655394E-03   3.5720268E-02
   1.5000000E-01   9.3510532E+06   4.2365136E+06   1.3562760E+07   4.1296923E-02   6.0209758E-03   3.0312008E-02
   2.0000000E-01   7.2931320E+06   2.9880067E+06   1.0261817E+07   3.5118211E-02   6.5614602E-03   2.6830828E-02
   2.5000000E-01   5.8813226E+06   2.2437409E+06   8.1096701E+06   3.1392049E-02   6.5107849E-03   2.4528588E-02
   3.0000000E-01   4.8518915E+06   1.7155736E+06   6.5548069E+06   2.8555976E-02   6.6263713E-03   2.2826291E-02
   3.5000000E-01   4.0417261E+06   1.3617115E+06   5.3938247E+06   2.6599465E-02   6.9034415E-03   2.1653594E-02
   4.0000000E-01   3.3938200E+06   1.0893678E+06   4.4755882E+06   2.5577341E-02   7.6898452E-03   2.1238127E-02
   4.5000000E-01   2.8603751E+06   8.8498637E+05   3.7389316E+06   2.4669121E-02   8.1570768E-03   2.0757152E-02
   5.0000000E-01   2.4159593E+06   7.2703251E+05   3.1390575E+06   2.4675535E-02   9.8860031E-03   2.1265923E-02
   5.5000000E-01   2.0463506E+06   5.9410515E+05   2.6367344E+06   2.4552698E-02   1.0320019E-02   2.1348796E-02
   6.0000000E-01   1.7295845E+06   4.8249943E+05   2.2094420E+06   2.5491555E-02   1.1232931E-02   2.2384376E-02
   6.5000000E-01   1.4574969E+06   3.9723605E+05   1.8527888E+06   2.6852408E-02   1.2836666E-02   2.3852356E-02
   7.0000000E-01   1.2174853E+06   3.2645407E+05   1.5424251E+06   2.8000023E-02   1.4485014E-02   2.5140512E-02
   7.5000000E-01   1.0129809E+06   2.6283484E+05   1.2747123E+06   2.9797631E-02   1.6267210E-02   2.7005238E-02
   8.0000000E-01   8.2794789E+05   2.1091213E+05   1.0379290E+06   3.2973930E-02   1.8967841E-02   3.0135096E-02
   8.5000000E-01   6.6481454E+05   1.6673821E+05   8.3085621E+05   3.6479092E-02   2.3207996E-02   3.3824905E-02
   9.0000000E-01   5.0665738E+05   1.2357143E+05   6.2993173E+05   4.1362690E-02   2.5597767E-02   3.8274367E-02
   9.5000000E-01   3.4893130E+05   8.4955233E+04   4.3366874E+05   5.1379830E-02   3.2917029E-02   4.7773568E-02
   1.0000000E+00   1.7730411E+05   4.2353292E+04   2.1964482E+05   6.0810710E-02   4.1367510E-02   5.7063567E-02
