   0.0000000E+00   3.4394274E+07   1.6591330E+08   2.0011710E+08   2.6735788E-05   6.3021271E-06   2.2447058E-06
   5.0000000E-02   3.0133697E+07   5.2128528E+07   8.1951618E+07   3.5373831E-06   2.9210862E-06   1.4969862E-06
   1.0000000E-01   2.4462083E+07   2.0497947E+07   4.4794764E+07   6.9868311E-06   7.4436825E-06   7.0662525E-06
   1.5000000E-01   1.9137809E+07   1.0050444E+07   2.9074298E+07   3.5491613E-06   6.9939964E-06   3.0702935E-06
   2.0000000E-01   1.4428844E+07   5.3666888E+06   1.9727812E+07   9.7658667E-06   5.3681021E-06   6.7195723E-06
   2.5000000E-01   1.0551209E+07   3.0014076E+06   1.3516049E+07   3.6691108E-06   2.1435701E-05   7.5198845E-06
   3.0000000E-01   7.4313050E+06   1.7204013E+06   9.1304963E+06   6.7906412E-06   2.5766886E-05   7.2167362E-06
   3.5000000E-01   5.0759422E+06   1.0001479E+06   6.0655495E+06   2.0840045E-05   5.9790612E-05   2.6368691E-05
   4.0000000E-01   3.3896183E+06   5.9496892E+05   3.9788417E+06   1.6620605E-05   6.7316321E-05   1.5563555E-05
   4.5000000E-01   2.2198578E+06   3.5671928E+05   2.5741438E+06   1.7673839E-05   8.4056691E-05   2.4936152E-05
   5.0000000E-01   1.4328783E+06   2.1609422E+05   1.6479348E+06   1.4926893E-05   1.4605845E-04   3.1579423E-05
   5.5000000E-01   9.1460848E+05   1.3102214E+05   1.0450114E+06   1.4787709E-05   8.5914640E-05   1.3213051E-05
   6.0000000E-01   5.8556817E+05   8.2092120E+04   6.6737381E+05   4.7823451E-05   2.1891498E-04   5.8563335E-05
   6.5000000E-01   3.7170270E+05   5.0190123E+04   4.2179978E+05   3.2377960E-04   4.4712880E-04   3.3786668E-04
   7.0000000E-01   2.3657700E+05   3.1389902E+04   2.6793962E+05   1.0642960E-04   5.9004198E-05   8.4218209E-05
   7.5000000E-01   1.4999611E+05   1.9624866E+04   1.6961673E+05   3.4683885E-04   1.0355987E-03   3.9627696E-04
   8.0000000E-01   9.2592367E+04   1.1872959E+04   1.0446135E+05   4.1140776E-04   1.1100299E-03   4.9082658E-04
   8.5000000E-01   5.7430593E+04   7.3922790E+03   6.4815382E+04   6.5570979E-04   2.5114818E-03   8.0245765E-04
   9.0000000E-01   3.3935371E+04   4.0496091E+03   3.7977906E+04   8.3871821E-04   9.9645655E-04   8.1171018E-04
   9.5000000E-01   1.8147014E+04   2.4392589E+03   2.0586273E+04   1.7029902E-04   2.7142205E-03   4.1366913E-04
   1.0000000E+00   8.2430471E+03   9.1798999E+02   9.1610371E+03   5.0225305E-03   6.7503813E-03   5.1598065E-03
