   0.0000000E+00   2.4269983E+08   1.0341863E+08   3.4573903E+08   3.6314971E-02   7.3490623E-06   2.5477863E-02
   5.0000000E-02   7.7504956E+07   3.5288916E+07   1.1246207E+08   1.2608333E-02   6.7828477E-06   8.6578008E-03
   1.0000000E-01   3.3223690E+07   1.5643499E+07   4.8754379E+07   6.3985627E-03   5.3620701E-06   4.3450598E-03
   1.5000000E-01   1.8266913E+07   8.8655882E+06   2.7074081E+07   4.8598290E-03   1.4191428E-05   3.2888284E-03
   2.0000000E-01   1.1033257E+07   5.5202415E+06   1.6525058E+07   3.7231658E-03   1.2046540E-05   2.4917968E-03
   2.5000000E-01   6.9933828E+06   3.5866649E+06   1.0565367E+07   3.6773605E-03   1.8417266E-05   2.4208804E-03
   3.0000000E-01   4.5892540E+06   2.4279723E+06   7.0089715E+06   3.1679466E-03   3.2161123E-05   2.0777644E-03
   3.5000000E-01   3.0622957E+06   1.6684531E+06   4.7263743E+06   2.6468274E-03   4.8668404E-05   1.7320949E-03
   4.0000000E-01   2.0710992E+06   1.1585605E+06   3.2272803E+06   3.1298876E-03   7.4422773E-05   2.0178585E-03
   4.5000000E-01   1.4156655E+06   8.1327469E+05   2.2276670E+06   2.2565117E-03   1.0364127E-04   1.4739572E-03
   5.0000000E-01   9.7314335E+05   5.7463847E+05   1.5473489E+06   2.2499315E-03   6.9248520E-05   1.4361172E-03
   5.5000000E-01   6.7581240E+05   4.1040562E+05   1.0857608E+06   2.6030717E-03   1.2818565E-04   1.6929167E-03
   6.0000000E-01   4.6762375E+05   2.9524303E+05   7.6269701E+05   2.7055873E-03   2.7925667E-04   1.7631870E-03
   6.5000000E-01   3.2582690E+05   2.1104435E+05   5.3678800E+05   1.5925153E-03   3.2022531E-04   1.0756816E-03
   7.0000000E-01   2.2946960E+05   1.5010585E+05   3.7950269E+05   3.2883441E-03   2.8554248E-04   2.0661466E-03
   7.5000000E-01   1.5785199E+05   1.0699881E+05   2.6480412E+05   3.5067521E-03   4.4250597E-04   2.2566190E-03
   8.0000000E-01   1.0853173E+05   7.6501802E+04   1.8502956E+05   3.4546122E-03   3.5546209E-04   2.1434796E-03
   8.5000000E-01   7.3937769E+04   5.2992979E+04   1.2692326E+05   3.0066983E-03   4.2820688E-04   1.9167096E-03
   9.0000000E-01   4.7053275E+04   3.4879690E+04   8.1929428E+04   5.1195927E-03   5.1532842E-04   3.1596053E-03
   9.5000000E-01   2.6734680E+04   2.0428793E+04   4.7163473E+04   6.7535116E-03   7.8484953E-04   4.1311134E-03
   1.0000000E+00   1.2480891E+04   1.0908991E+04   2.3389882E+04   1.0979543E-02   1.6107989E-03   6.6055012E-03
