   0.0000000E+00   9.6178478E+07   5.2806846E+07   1.4895324E+08   1.6983405E-03   5.0015145E-04   1.2718198E-03
   5.0000000E-02   3.8795673E+07   1.9597639E+07   5.8347030E+07   3.0720329E-04   4.2292453E-04   3.4509526E-04
   1.0000000E-01   1.9630298E+07   9.8044856E+06   2.9414507E+07   1.8839665E-04   2.9796229E-05   1.2118739E-04
   1.5000000E-01   1.2524730E+07   6.2364122E+06   1.8746160E+07   1.8815439E-04   1.2860619E-04   1.6350604E-04
   2.0000000E-01   8.7977669E+06   4.3854030E+06   1.3172936E+07   1.2379980E-04   2.2417502E-04   1.5658008E-04
   2.5000000E-01   6.5202852E+06   3.2550751E+06   9.7682683E+06   1.9707090E-04   1.9005560E-04   1.5570637E-04
   3.0000000E-01   4.9981443E+06   2.4975018E+06   7.4903197E+06   1.0075693E-04   1.6484954E-04   1.2109486E-04
   3.5000000E-01   3.9177308E+06   1.9538770E+06   5.8679791E+06   3.1857281E-04   3.0284366E-05   2.0250288E-04
   4.0000000E-01   3.1145031E+06   1.5567661E+06   4.6685795E+06   1.0925859E-04   1.6997325E-05   7.4674354E-05
   4.5000000E-01   2.5153767E+06   1.2503707E+06   3.7639083E+06   3.0816413E-04   1.6671284E-04   1.7312605E-04
   5.0000000E-01   2.0459495E+06   1.0227488E+06   3.0674123E+06   1.7876379E-04   4.3132424E-04   1.9756861E-04
   5.5000000E-01   1.6663523E+06   8.3126916E+05   2.4964408E+06   2.7638559E-04   6.3139692E-04   3.9062380E-04
   6.0000000E-01   1.3711623E+06   6.8215931E+05   2.0524834E+06   2.4232091E-04   3.7905390E-04   2.6216285E-04
   6.5000000E-01   1.1247308E+06   5.5649383E+05   1.6807252E+06   4.4641132E-04   3.3969749E-04   3.5929155E-04
   7.0000000E-01   9.1661879E+05   4.5698386E+05   1.3731434E+06   6.1231027E-04   6.8988035E-04   6.3696975E-04
   7.5000000E-01   7.4791364E+05   3.7222309E+05   1.1198863E+06   5.5610658E-04   1.2095837E-03   6.9069453E-04
   8.0000000E-01   6.0023297E+05   3.0189703E+05   9.0195096E+05   1.4097168E-03   1.3254417E-03   1.3831559E-03
   8.5000000E-01   4.6899030E+05   2.3332489E+05   7.0216165E+05   1.5723706E-03   1.5277274E-03   1.5458373E-03
   9.0000000E-01   3.5131508E+05   1.7608196E+05   5.2734753E+05   1.7589575E-03   2.1630661E-03   1.7400779E-03
   9.5000000E-01   2.3580731E+05   1.1981854E+05   3.5558230E+05   5.0282481E-03   4.5081766E-03   4.8537947E-03
   1.0000000E+00   1.2850602E+05   6.5277891E+04   1.9377763E+05   9.9156060E-03   9.6812764E-03   9.8006970E-03
