   0.0000000E+00   7.5324851E+07   4.0873027E+07   1.1618464E+08   1.5571053E-03   3.3070865E-04   1.1051871E-03
   5.0000000E-02   3.0587543E+07   1.5270662E+07   4.5840762E+07   2.8376710E-04   8.3592270E-05   2.1759880E-04
   1.0000000E-01   1.5894900E+07   7.9583838E+06   2.3844785E+07   3.4648585E-04   2.9378423E-04   3.2976011E-04
   1.5000000E-01   1.0528121E+07   5.2477629E+06   1.5769029E+07   9.5658007E-05   1.4603749E-04   9.3469972E-05
   2.0000000E-01   7.6682125E+06   3.8389446E+06   1.1502653E+07   2.2263064E-04   3.1419078E-04   2.1621794E-04
   2.5000000E-01   5.9335255E+06   2.9659606E+06   8.8961247E+06   3.3140851E-05   1.3368899E-04   6.6406195E-05
   3.0000000E-01   4.7255225E+06   2.3631008E+06   7.0859706E+06   2.5830748E-04   2.7080570E-04   2.2264024E-04
   3.5000000E-01   3.8627723E+06   1.9239741E+06   5.7847638E+06   2.3323184E-04   2.8831593E-04   1.3462717E-04
   4.0000000E-01   3.1886295E+06   1.6012261E+06   4.7881765E+06   8.3885584E-05   1.3892222E-04   6.5134149E-05
   4.5000000E-01   2.6829209E+06   1.3425462E+06   4.0240099E+06   6.6809248E-05   3.1624964E-04   1.4996361E-04
   5.0000000E-01   2.2672322E+06   1.1335715E+06   3.3999507E+06   4.6890373E-04   1.0492532E-04   3.3660969E-04
   5.5000000E-01   1.9261915E+06   9.6152157E+05   2.8869839E+06   5.2295772E-05   1.3535971E-04   8.0466211E-05
   6.0000000E-01   1.6376460E+06   8.1469293E+05   2.4517182E+06   4.0429974E-04   4.3493432E-04   3.9650330E-04
   6.5000000E-01   1.3890456E+06   6.9837189E+05   2.0869571E+06   8.6889449E-04   3.8792504E-05   5.7166259E-04
   7.0000000E-01   1.1830260E+06   5.9046029E+05   1.7730452E+06   5.2141371E-04   3.2557132E-04   4.2266562E-04
   7.5000000E-01   9.9479479E+05   4.9295591E+05   1.4874451E+06   7.7148365E-04   4.5227482E-04   6.3581209E-04
   8.0000000E-01   8.2278331E+05   4.1185320E+05   1.2344217E+06   4.2812571E-04   6.1731240E-04   4.8876085E-04
   8.5000000E-01   6.6393076E+05   3.3161149E+05   9.9539246E+05   1.7963468E-03   1.0469848E-03   1.5179685E-03
   9.0000000E-01   5.1044881E+05   2.5506525E+05   7.6542210E+05   1.7908089E-03   1.5232332E-03   1.6911619E-03
   9.5000000E-01   3.4961148E+05   1.7653131E+05   5.2610593E+05   3.2616970E-03   2.3434337E-03   2.9540243E-03
   1.0000000E+00   1.9067155E+05   9.5879653E+04   2.8654492E+05   5.9810305E-03   8.0874403E-03   6.6630414E-03
