   0.0000000E+00   1.7830141E+08   9.4103098E+07   2.7229705E+08   8.0425240E-05   5.7439200E-05   6.7019179E-05
   5.0000000E-02   6.2874542E+07   3.1590665E+07   9.4365640E+07   1.3232447E-05   4.2693927E-05   2.2052267E-05
   1.0000000E-01   2.8596260E+07   1.4248760E+07   4.2807905E+07   1.9801871E-05   5.7461091E-05   3.2015950E-05
   1.5000000E-01   1.6552178E+07   8.2669534E+06   2.4798993E+07   4.3148180E-05   5.3883236E-05   1.1944314E-05
   2.0000000E-01   1.0583485E+07   5.2848513E+06   1.5857164E+07   3.2931514E-05   6.4450137E-05   3.5993726E-05
   2.5000000E-01   7.1263345E+06   3.5644341E+06   1.0684122E+07   3.3653912E-05   4.6383811E-05   3.6599613E-05
   3.0000000E-01   4.9630135E+06   2.4770663E+06   7.4362495E+06   1.3066198E-04   5.6483880E-05   1.0423526E-04
   3.5000000E-01   3.5377688E+06   1.7618179E+06   5.2975769E+06   3.7214496E-05   5.3973478E-05   4.2324462E-05
   4.0000000E-01   2.5492404E+06   1.2739955E+06   3.8219945E+06   1.7281188E-04   1.9701670E-04   1.4106633E-04
   4.5000000E-01   1.8658335E+06   9.3252772E+05   2.7976114E+06   1.3372752E-04   1.4280985E-05   9.2427673E-05
   5.0000000E-01   1.3771486E+06   6.8868890E+05   2.0654810E+06   1.1614779E-04   1.2360779E-04   1.1174023E-04
   5.5000000E-01   1.0223188E+06   5.1206801E+05   1.5340569E+06   1.3561393E-04   1.1888312E-04   7.8432809E-05
   6.0000000E-01   7.6167842E+05   3.7964820E+05   1.1411303E+06   3.1974981E-04   5.9196240E-04   4.0243941E-04
   6.5000000E-01   5.6787953E+05   2.8308033E+05   8.5088640E+05   1.4636778E-04   5.3949948E-04   2.7337618E-04
   7.0000000E-01   4.2281557E+05   2.1173064E+05   6.3449619E+05   2.2080217E-04   6.4514488E-04   3.5780499E-04
   7.5000000E-01   3.1181212E+05   1.5606097E+05   4.6783914E+05   4.1019778E-04   9.5263666E-04   5.0004016E-04
   8.0000000E-01   2.2992717E+05   1.1597621E+05   3.4587950E+05   8.4796339E-04   5.6675553E-04   6.6209804E-04
   8.5000000E-01   1.6394832E+05   8.2648226E+04   2.4658905E+05   8.0581282E-04   6.4369056E-04   4.3627917E-04
   9.0000000E-01   1.1191068E+05   5.5916437E+04   1.6781297E+05   1.8695177E-03   3.7920809E-03   2.5045147E-03
   9.5000000E-01   6.6727804E+04   3.3931834E+04   1.0065964E+05   2.0080651E-03   1.8335651E-03   1.9150490E-03
   1.0000000E+00   3.2701822E+04   1.5851046E+04   4.8552868E+04   1.0497518E-03   2.7058455E-03   1.3236817E-03
