   0.0000000E+00   2.2493982E+09   1.1015447E+09   3.2621757E+09   4.5197017E-02   4.6594582E-06   3.0357250E-02
   5.0000000E-02   1.2936649E+08   6.9312105E+07   1.9602643E+08   2.7954667E-02   2.4832615E-05   1.8217221E-02
   1.0000000E-01   2.0596559E+06   1.6288235E+06   3.6859648E+06   2.2204318E-02   3.9418214E-04   1.2565900E-02
   1.5000000E-01   3.9852398E+04   4.1762257E+04   8.1614655E+04   3.9017723E-02   7.0839329E-03   2.2674790E-02
   2.0000000E-01   2.8966200E+03   2.0530988E+03   4.9497187E+03   1.0229781E-01   8.1853935E-02   9.3622212E-02
   2.5000000E-01   1.1586480E+03   5.8569019E+02   1.7443382E+03   5.1603633E-02   1.9386951E-01   9.8625597E-02
   3.0000000E-01   7.9577472E+02   2.2281692E+02   1.0185916E+03   1.1454345E-02   2.7790840E-01   6.9497652E-02
   3.5000000E-01   7.1847089E+02   2.1826964E+02   9.3674052E+02   9.1583071E-03   2.6746637E-01   5.5949394E-02
   4.0000000E-01   4.8542258E+02   9.5492966E+01   5.8091554E+02   3.8837861E-02   2.9937594E-01   1.7241024E-02
   4.5000000E-01   6.4369333E+02   8.4882636E+01   7.2857596E+02   3.7684802E-02   3.4739789E-01   9.8706151E-03
   5.0000000E-01   5.0929582E+02   5.7295780E+01   5.6659160E+02   3.6491149E-02   4.1097785E-01   1.0767479E-02
   5.5000000E-01   5.3244563E+02   5.2087072E+01   5.8453270E+02   2.8833149E-02   4.1596921E-01   1.1056306E-02
   6.0000000E-01   4.6685450E+02   4.2441318E+01   5.0929582E+02   2.2096472E-02   5.3660604E-01   2.4645257E-02
   6.5000000E-01   4.7011922E+02   5.8764902E+01   5.2888412E+02   2.5249549E-02   5.0299385E-01   3.3486814E-02
   7.0000000E-01   5.5022137E+02   2.2736420E+01   5.7295780E+02   4.1682979E-02   4.6377416E-01   2.1628457E-02
   7.5000000E-01   4.6261037E+02   4.2441318E+01   5.0505169E+02   2.7506724E-02   5.4355761E-01   2.0555772E-02
   8.0000000E-01   4.4165497E+02   1.9894368E+01   4.6154933E+02   2.8856577E-02   5.2143161E-01   5.1513447E-03
   8.5000000E-01   3.7822704E+02   3.7448222E+00   3.8197186E+02   2.9528067E-02   6.6951835E-01   2.2699886E-02
   9.0000000E-01   4.0319252E+02   2.1220659E+01   4.2441318E+02   6.0818139E-02   6.0103957E-01   2.7725876E-02
   9.5000000E-01   3.2836178E+02   6.7012608E+00   3.3506304E+02   3.1133928E-02   6.8482815E-01   1.6816324E-02
   1.0000000E+00   1.5090246E+02   6.2876027E+00   1.5719007E+02   9.1919067E-02   7.0726926E-01   5.9988729E-02
