   0.0000000E+00   1.2419841E+08   7.0551222E+07   1.9465490E+08   2.7549803E-04   1.2012914E-04   2.1808973E-04
   5.0000000E-02   5.0725036E+07   2.5642153E+07   7.6275516E+07   7.9942752E-05   3.3433859E-05   6.5584328E-05
   1.0000000E-01   2.4648963E+07   1.2268777E+07   3.6877028E+07   4.1213890E-05   1.0198560E-04   4.4942407E-05
   1.5000000E-01   1.4966655E+07   7.4750196E+06   2.2418374E+07   5.7739407E-05   3.9913855E-05   5.1334435E-05
   2.0000000E-01   1.0027398E+07   4.9952848E+06   1.5008056E+07   2.9958470E-05   5.3034603E-05   2.8967432E-05
   2.5000000E-01   7.0836682E+06   3.5183810E+06   1.0593022E+07   7.8430970E-05   6.6620648E-05   3.5993409E-05
   3.0000000E-01   5.1435801E+06   2.5420758E+06   7.6798414E+06   8.1172680E-05   9.3848658E-05   8.7074219E-05
   3.5000000E-01   3.8278037E+06   1.8975998E+06   5.7216748E+06   1.7369260E-05   5.6117018E-05   1.5429294E-05
   4.0000000E-01   2.8844367E+06   1.4350285E+06   4.3170380E+06   2.1296426E-04   2.0893293E-04   2.0714950E-04
   4.5000000E-01   2.2033835E+06   1.0997394E+06   3.3015738E+06   9.8788499E-05   1.3217393E-04   5.2661580E-05
   5.0000000E-01   1.7000804E+06   8.4908526E+05   2.5481980E+06   2.2579271E-04   4.5012411E-05   1.3617187E-04
   5.5000000E-01   1.3180692E+06   6.5476922E+05   1.9720513E+06   1.6932461E-04   4.3577625E-04   2.4833021E-04
   6.0000000E-01   1.0281834E+06   5.0906239E+05   1.5368320E+06   3.3077131E-04   5.6342528E-04   4.1173764E-04
   6.5000000E-01   8.0129372E+05   4.0012042E+05   1.2011105E+06   4.8346381E-04   6.8283825E-04   5.3712051E-04
   7.0000000E-01   6.2468770E+05   3.0863781E+05   9.3316181E+05   3.8164851E-04   2.1988345E-04   3.2527885E-04
   7.5000000E-01   4.8571118E+05   2.4049373E+05   7.2608607E+05   8.6187499E-04   1.5672231E-03   1.0640497E-03
   8.0000000E-01   3.6956574E+05   1.8505343E+05   5.5450776E+05   8.9465276E-04   6.9591009E-04   7.9793422E-04
   8.5000000E-01   2.7503472E+05   1.3688449E+05   4.1187052E+05   1.0700339E-03   1.9834069E-03   1.1611228E-03
   9.0000000E-01   1.9610718E+05   9.7862606E+04   2.9395564E+05   9.9034312E-04   9.3082891E-04   8.8136934E-04
   9.5000000E-01   1.2491820E+05   6.2727151E+04   1.8762190E+05   2.8155237E-03   3.3632403E-03   2.8754134E-03
   1.0000000E+00   6.5736886E+04   3.3223693E+04   9.8960579E+04   9.3563017E-03   6.3674373E-03   8.3521438E-03
