   0.0000000E+00   1.9369029E+07   7.2604193E+07   9.1944702E+07   5.2159550E-02   3.4215988E-05   1.1001014E-02
   5.0000000E-02   1.0686490E+07   1.1239013E+07   2.1907296E+07   3.4108629E-02   5.9298741E-04   1.6912270E-02
   1.0000000E-01   7.9494393E+06   6.1038467E+06   1.4041349E+07   1.9264639E-02   7.1451630E-04   1.1165641E-02
   1.5000000E-01   6.5503930E+06   4.2397816E+06   1.0778121E+07   1.3975950E-02   1.2230234E-03   8.9619177E-03
   2.0000000E-01   5.6246948E+06   3.2427501E+06   8.8563360E+06   1.1192530E-02   8.7728088E-04   7.4184517E-03
   2.5000000E-01   4.8973631E+06   2.5975742E+06   7.4850570E+06   9.4073738E-03   1.6508950E-03   6.7250887E-03
   3.0000000E-01   4.3204731E+06   2.1595628E+06   6.4718872E+06   8.7501130E-03   1.2899814E-03   6.2626359E-03
   3.5000000E-01   3.8257574E+06   1.8234245E+06   5.6415152E+06   8.2527747E-03   2.3613987E-03   6.3342435E-03
   4.0000000E-01   3.4162290E+06   1.5669839E+06   4.9766239E+06   8.8231576E-03   2.3669228E-03   6.7937033E-03
   4.5000000E-01   3.0313924E+06   1.3573158E+06   4.3827947E+06   8.7534200E-03   2.7912775E-03   6.9099329E-03
   5.0000000E-01   2.7108352E+06   1.1800002E+06   3.8867802E+06   9.5022461E-03   3.5688999E-03   7.7023367E-03
   5.5000000E-01   2.4139869E+06   1.0331181E+06   3.4429323E+06   1.0706503E-02   4.2977944E-03   8.7861968E-03
   6.0000000E-01   2.1538173E+06   9.0099735E+05   3.0509154E+06   1.1729753E-02   5.2247109E-03   9.8164700E-03
   6.5000000E-01   1.9111326E+06   7.8790022E+05   2.6956195E+06   1.2935562E-02   6.4251896E-03   1.1040017E-02
   7.0000000E-01   1.6826543E+06   6.8784038E+05   2.3676571E+06   1.4698764E-02   7.0488539E-03   1.2483397E-02
   7.5000000E-01   1.4725185E+06   5.9518431E+05   2.0655341E+06   1.6587641E-02   8.4997486E-03   1.4267218E-02
   8.0000000E-01   1.2712382E+06   5.0962209E+05   1.7791334E+06   1.9314295E-02   1.0074975E-02   1.6672301E-02
   8.5000000E-01   1.0796060E+06   4.2743775E+05   1.5057069E+06   2.2424389E-02   1.2373752E-02   1.9578398E-02
   9.0000000E-01   8.7722668E+05   3.4880397E+05   1.2253551E+06   2.7403396E-02   1.5324056E-02   2.3973933E-02
   9.5000000E-01   6.5785272E+05   2.5757636E+05   9.1494324E+05   3.4879357E-02   2.1687329E-02   3.1167425E-02
   1.0000000E+00   3.7970833E+05   1.4788442E+05   5.2749843E+05   4.9259188E-02   3.0997150E-02   4.4140018E-02
