   0.0000000E+00   5.1553469E+07   2.5002860E+07   7.6551236E+07   1.2480232E-02   3.6463743E-03   9.5960071E-03
   5.0000000E-02   2.0808299E+07   1.0396956E+07   3.1199143E+07   2.5133035E-03   2.0502046E-03   2.3152991E-03
   1.0000000E-01   1.1540834E+07   5.7886881E+06   1.7326180E+07   3.9428268E-04   1.5547751E-03   7.7375769E-04
   1.5000000E-01   8.0899519E+06   4.0602972E+06   1.2147363E+07   6.3479032E-04   8.9507225E-04   6.8172756E-04
   2.0000000E-01   6.2328577E+06   3.1341110E+06   9.3647246E+06   3.8919316E-04   8.5648310E-04   4.9185493E-04
   2.5000000E-01   5.0659782E+06   2.5510628E+06   7.6151311E+06   2.6115099E-04   3.3530528E-04   8.1897660E-05
   3.0000000E-01   4.2665727E+06   2.1390424E+06   6.4040342E+06   5.1254372E-04   2.1046482E-04   3.9237405E-04
   3.5000000E-01   3.6425383E+06   1.8271169E+06   5.4683910E+06   5.3920249E-04   5.7395511E-04   4.8734315E-04
   4.0000000E-01   3.1802261E+06   1.5940482E+06   4.7731124E+06   3.1821189E-04   7.5710463E-04   4.6100047E-04
   4.5000000E-01   2.7892434E+06   1.3984980E+06   4.1868077E+06   6.5910574E-04   6.1037886E-04   5.5301380E-04
   5.0000000E-01   2.4723893E+06   1.2372514E+06   3.7089213E+06   2.7211521E-04   4.8586439E-04   2.2259106E-04
   5.5000000E-01   2.1952502E+06   1.0990430E+06   3.2936045E+06   3.0036947E-04   6.6028169E-04   2.4095558E-04
   6.0000000E-01   1.9460724E+06   9.7715299E+05   2.9226153E+06   3.7050020E-04   1.2458659E-03   5.8259218E-04
   6.5000000E-01   1.7276685E+06   8.6511730E+05   2.5922325E+06   4.9415351E-04   6.5761568E-04   5.1414989E-04
   7.0000000E-01   1.5237994E+06   7.6323435E+05   2.2864790E+06   8.0441993E-04   1.4908625E-03   9.4812701E-04
   7.5000000E-01   1.3288589E+06   6.6251746E+05   1.9909392E+06   7.9989196E-04   1.9504775E-04   5.8241762E-04
   8.0000000E-01   1.1384711E+06   5.6940466E+05   1.7076012E+06   9.2107673E-04   1.1673901E-03   9.6038822E-04
   8.5000000E-01   9.5907143E+05   4.8188746E+05   1.4407529E+06   1.0698646E-03   2.0210248E-03   1.3673552E-03
   9.0000000E-01   7.6212229E+05   3.8039446E+05   1.1424036E+06   1.6766222E-03   1.8096540E-03   1.7210161E-03
   9.5000000E-01   5.3500856E+05   2.6973245E+05   8.0464718E+05   3.4318619E-03   2.9023177E-03   3.1824955E-03
   1.0000000E+00   2.9807638E+05   1.4953805E+05   4.4758929E+05   6.7317399E-03   3.3622168E-03   5.5993013E-03
