   0.0000000E+00   1.5197387E+06   1.4248131E+09   1.4227810E+09   5.5113102E-05   1.0447281E-05   1.0439780E-05
   5.0000000E-02   1.5150277E+06   3.2107791E+07   3.3601174E+07   6.8948529E-05   2.5637349E-04   2.4653365E-04
   1.0000000E-01   1.5153779E+06   7.7094654E+04   1.5922497E+06   2.7298515E-05   3.7771393E-02   1.8469528E-03
   1.5000000E-01   1.5371821E+06   7.0877001E+03   1.5439515E+06   2.7737052E-05   1.9171743E-01   8.9022204E-04
   2.0000000E-01   1.5537024E+06   3.0557749E+03   1.5565194E+06   1.7379003E-05   2.4240813E-01   4.8596371E-04
   2.5000000E-01   1.5735713E+06   1.8080002E+03   1.5749719E+06   2.5638116E-05   2.9381276E-01   3.2184552E-04
   3.0000000E-01   1.6087488E+06   1.0716433E+03   1.6093217E+06   1.3242704E-05   3.0974828E-01   1.9772809E-04
   3.5000000E-01   1.6581308E+06   7.2756545E+02   1.6579671E+06   1.2155552E-05   3.3440982E-01   1.4409398E-04
   4.0000000E-01   1.7118149E+06   3.4218313E+02   1.7113294E+06   9.1209329E-06   3.6777043E-01   6.4934257E-05
   4.5000000E-01   1.7787227E+06   2.9708923E+02   1.7778668E+06   1.0051458E-05   4.1399015E-01   7.9240761E-05
   5.0000000E-01   1.8781811E+06   2.2918312E+02   1.8773153E+06   4.0561366E-06   4.3400265E-01   5.6783767E-05
   5.5000000E-01   1.9901718E+06   9.8386692E+01   1.9887770E+06   5.4596021E-06   4.3937219E-01   1.8244896E-05
   6.0000000E-01   2.1511064E+06   1.1671362E+02   2.1492867E+06   9.8043597E-06   5.3830568E-01   3.8219429E-05
   6.5000000E-01   2.3876914E+06   9.3044428E+01   2.3855661E+06   1.7712625E-05   4.6205688E-01   5.7021769E-06
   7.0000000E-01   2.7451636E+06   5.0020125E+01   2.7415849E+06   1.7958164E-05   5.7916832E-01   8.4321692E-06
   7.5000000E-01   3.4371144E+06   5.0929582E+01   3.4306548E+06   1.1007560E-05   5.7577849E-01   2.6001262E-06
   8.0000000E-01   5.5242362E+06   3.9788736E+01   5.5068128E+06   1.8592187E-05   5.1850970E-01   1.4971759E-05
   8.5000000E-01   4.2084312E+06   4.8682688E+01   4.1974701E+06   1.1853279E-05   7.1386359E-01   4.1687354E-06
   9.0000000E-01   1.1024486E+05   2.4757436E+01   1.1025547E+05   2.5803478E-04   7.4099514E-01   4.2283247E-04
   9.5000000E-01   8.1085255E+02   1.0051891E+01   8.2090444E+02   6.1630735E-02   7.5739680E-01   7.0068308E-02
   1.0000000E+00   1.8234048E+02   1.2575205E+01   1.9491568E+02   9.6547130E-02   8.0846973E-01   1.3752716E-01
