   0.0000000E+00   4.3039571E+07   4.0353545E+07   8.3369179E+07   4.7064167E-03   4.9579844E-04   2.6705822E-03
   5.0000000E-02   2.4898518E+07   1.5774801E+07   4.0627992E+07   2.0076812E-03   4.3745550E-04   1.3930983E-03
   1.0000000E-01   1.5553735E+07   8.3087793E+06   2.3837368E+07   9.3339356E-04   3.9089392E-04   7.4634752E-04
   1.5000000E-01   1.0941266E+07   5.5291700E+06   1.6449258E+07   6.2497227E-04   4.3580474E-04   5.5988832E-04
   2.0000000E-01   8.1625637E+06   4.0272726E+06   1.2173809E+07   6.3941557E-04   3.8160748E-04   5.3910639E-04
   2.5000000E-01   6.3538218E+06   3.0942522E+06   9.4362711E+06   3.9670467E-04   2.0215004E-04   3.3004672E-04
   3.0000000E-01   5.0517689E+06   2.4467526E+06   7.4896512E+06   5.0806878E-04   3.5120924E-04   3.9169149E-04
   3.5000000E-01   4.0861167E+06   1.9703837E+06   6.0492611E+06   3.6175298E-04   6.9980420E-04   4.4953327E-04
   4.0000000E-01   3.3534026E+06   1.6095737E+06   4.9575730E+06   8.5993729E-04   6.1065268E-04   7.6071332E-04
   4.5000000E-01   2.7855723E+06   1.3302595E+06   4.1117715E+06   7.0175188E-04   6.1276547E-04   6.6966078E-04
   5.0000000E-01   2.3265970E+06   1.1094182E+06   3.4334050E+06   1.0274843E-03   8.0807065E-04   9.4678072E-04
   5.5000000E-01   1.9519804E+06   9.2789068E+05   2.8771394E+06   1.4386988E-03   9.1880909E-04   1.2605627E-03
   6.0000000E-01   1.6361818E+06   7.8570551E+05   2.4199138E+06   1.2205234E-03   1.6191229E-03   1.3483545E-03
   6.5000000E-01   1.3727187E+06   6.5709444E+05   2.0284077E+06   2.1186478E-03   2.4233659E-03   2.2107786E-03
   7.0000000E-01   1.1542189E+06   5.4901180E+05   1.7020393E+06   2.3647440E-03   1.8166032E-03   2.1868889E-03
   7.5000000E-01   9.5864327E+05   4.5742828E+05   1.4153161E+06   3.4757707E-03   3.0004455E-03   3.3192322E-03
   8.0000000E-01   7.9101996E+05   3.7730862E+05   1.1677596E+06   4.2044516E-03   3.6534877E-03   4.0240675E-03
   8.5000000E-01   6.4020357E+05   3.0467873E+05   9.4450782E+05   5.5884409E-03   5.8389633E-03   5.6658133E-03
   9.0000000E-01   5.0076865E+05   2.3848484E+05   7.3905189E+05   7.7428818E-03   7.0803931E-03   7.5404633E-03
   9.5000000E-01   3.5816228E+05   1.7043987E+05   5.2846142E+05   1.2090097E-02   1.0919244E-02   1.1716101E-02
   1.0000000E+00   2.1895948E+05   1.0499039E+05   3.2392472E+05   2.1859468E-02   2.0411738E-02   2.1393058E-02
