   0.0000000E+00   2.8589234E+09   1.5565674E+09   4.2452557E+09   7.3422485E-03   3.9162127E-08   4.7905091E-03
   5.0000000E-02   2.9677113E+07   8.0291759E+06   3.7620982E+07   2.3229720E-01   1.2014623E-06   1.8283644E-01
   1.0000000E-01   6.9678352E+06   1.9116419E+06   8.8704371E+06   2.7071594E-01   1.7801310E-05   2.1244117E-01
   1.5000000E-01   1.8512691E+06   4.8716267E+05   2.3374344E+06   2.8888506E-01   5.0251057E-06   2.2871688E-01
   2.0000000E-01   4.9630877E+05   1.1763142E+05   6.1384470E+05   2.9155468E-01   4.5109524E-05   2.3572129E-01
   2.5000000E-01   1.3744621E+05   2.7400115E+04   1.6483359E+05   2.8327605E-01   3.8908113E-04   2.3625350E-01
   3.0000000E-01   4.2993055E+04   6.8118316E+03   4.9804887E+04   2.7085377E-01   7.4443529E-06   2.3380802E-01
   3.5000000E-01   1.4915092E+04   2.2281692E+03   1.7143261E+04   2.5105045E-01   2.4616733E-03   2.1874047E-01
   4.0000000E-01   6.5730991E+03   5.4112681E+02   7.1142260E+03   1.8952623E-01   7.1760984E-03   1.7565616E-01
   4.5000000E-01   3.7065418E+03   1.9805948E+02   3.9046013E+03   1.0779439E-01   2.7237027E-06   1.0232646E-01
   5.0000000E-01   2.6992678E+03   5.0929582E+01   2.7501974E+03   5.4685467E-02   6.5675844E-05   5.3673491E-02
   5.5000000E-01   2.5580540E+03   1.7362357E+01   2.5754164E+03   1.0281771E-02   5.6375288E-06   1.0212486E-02
   6.0000000E-01   2.8647890E+03   5.3051648E+00   2.8700941E+03   2.7511380E-03   2.2338482E-05   2.7460158E-03
   6.5000000E-01   2.7815387E+03   0.0000000E+00   2.7815387E+03   5.2625951E-04   0.0000000E+00   5.2625951E-04
   7.0000000E-01   3.0330385E+03   9.0945682E+00   3.0421331E+03   4.4830320E-04   4.9840007E-01   1.0430560E-03
   7.5000000E-01   3.4844322E+03   0.0000000E+00   3.4844322E+03   3.8257349E-04   0.0000000E+00   3.8257349E-04
   8.0000000E-01   4.0107046E+03   0.0000000E+00   4.0107046E+03   3.3443226E-04   0.0000000E+00   3.3443226E-04
   8.5000000E-01   4.7709035E+03   0.0000000E+00   4.7709035E+03   2.0583195E-04   0.0000000E+00   2.0583195E-04
   9.0000000E-01   5.4112681E+03   0.0000000E+00   5.4112681E+03   1.0277490E-05   0.0000000E+00   1.0277490E-05
   9.5000000E-01   5.7932399E+03   0.0000000E+00   5.7932399E+03   1.0904265E-04   0.0000000E+00   1.0904265E-04
   1.0000000E+00   4.0366409E+03   0.0000000E+00   4.0366409E+03   1.6254328E-06   0.0000000E+00   1.6254328E-06
