   0.0000000E+00   3.5778031E+06   6.8725294E+08   6.9037340E+08   2.7962384E-04   2.7302737E-06   4.0529897E-06
   5.0000000E-02   3.5401152E+06   9.6412054E+07   9.9861069E+07   3.1806705E-05   4.6560546E-05   4.3976515E-05
   1.0000000E-01   3.6086473E+06   1.1648837E+07   1.5249972E+07   4.2977060E-05   2.9637698E-04   2.3605904E-04
   1.5000000E-01   3.6642561E+06   1.6539594E+06   5.3168574E+06   2.0413879E-05   1.7267609E-03   5.3515668E-04
   2.0000000E-01   3.8079253E+06   2.5121016E+05   4.0580532E+06   2.6439957E-05   6.8572031E-03   4.1455461E-04
   2.5000000E-01   4.0035744E+06   4.0781863E+04   4.0429557E+06   3.2924572E-05   2.8068862E-02   2.6243759E-04
   3.0000000E-01   4.3014594E+06   8.0956814E+03   4.3077514E+06   1.7031807E-05   1.1955312E-01   2.4163502E-04
   3.5000000E-01   4.7536853E+06   2.9193564E+03   4.7537399E+06   4.5913404E-05   2.5163129E-01   1.0980002E-04
   4.0000000E-01   5.5072146E+06   1.5119720E+03   5.5042066E+06   7.9664452E-06   3.5684770E-01   9.4341422E-05
   4.5000000E-01   6.6182992E+06   1.0256652E+03   6.6123927E+06   2.0309996E-05   4.1161301E-01   4.3662581E-05
   5.0000000E-01   7.5596688E+06   7.7667612E+02   7.5522076E+06   1.5359496E-05   4.4238110E-01   3.0291414E-05
   5.5000000E-01   6.5970187E+06   6.2504487E+02   6.5891883E+06   1.0288407E-05   4.6473560E-01   4.5719190E-05
   6.0000000E-01   3.3184336E+06   4.5624417E+02   3.3165874E+06   4.2292909E-05   5.0126770E-01   1.1124527E-04
   6.5000000E-01   9.4086526E+05   3.6238356E+02   9.4104645E+05   1.7782863E-04   5.3854508E-01   3.8633714E-04
   7.0000000E-01   2.0682412E+05   3.0012075E+02   2.0710605E+05   1.2237372E-03   5.8523288E-01   2.0673552E-03
   7.5000000E-01   4.2025393E+04   1.6976527E+02   4.2195159E+04   6.0536982E-03   6.7349557E-01   8.7386708E-03
   8.0000000E-01   8.2084162E+03   1.3926058E+02   8.3476768E+03   2.3505113E-02   6.1703354E-01   3.3383272E-02
   8.5000000E-01   1.8911352E+03   8.2386088E+01   1.9735213E+03   7.4593228E-02   6.5360927E-01   9.8752684E-02
   9.0000000E-01   5.8710490E+02   7.4272307E+01   6.6137721E+02   2.1502918E-01   7.4029975E-01   2.7332966E-01
   9.5000000E-01   1.7758341E+02   4.0207565E+01   2.1779097E+02   3.3934869E-01   8.0304767E-01   4.2332727E-01
   1.0000000E+00   1.0688925E+02   6.2876027E+00   1.1317685E+02   4.0252428E-01   8.2713625E-01   4.2520539E-01
