   0.0000000E+00   3.3305400E+07   1.7748959E+07   5.1047738E+07   5.2437870E-02   1.1452021E-02   3.8179585E-02
   5.0000000E-02   1.6086872E+07   8.2905720E+06   2.4365794E+07   2.8921775E-02   1.0304493E-02   2.2581316E-02
   1.0000000E-01   9.9116606E+06   5.0111207E+06   1.4914123E+07   1.3084541E-02   7.0102613E-03   1.1041786E-02
   1.5000000E-01   7.3031535E+06   3.6948138E+06   1.0989882E+07   8.1382086E-03   5.9804528E-03   7.3917388E-03
   2.0000000E-01   5.8354001E+06   2.9379684E+06   8.7677026E+06   5.4824630E-03   4.3101344E-03   5.0839752E-03
   2.5000000E-01   4.8686388E+06   2.4374898E+06   7.3005518E+06   4.2748848E-03   3.2699871E-03   3.9275367E-03
   3.0000000E-01   4.1517158E+06   2.0826273E+06   6.2296428E+06   3.7256692E-03   2.6568787E-03   3.3653448E-03
   3.5000000E-01   3.6149999E+06   1.8100010E+06   5.4205354E+06   2.9886738E-03   2.1206849E-03   2.6959754E-03
   4.0000000E-01   3.1888205E+06   1.5925999E+06   4.7774494E+06   2.9418061E-03   2.8405421E-03   2.9075827E-03
   4.5000000E-01   2.8276245E+06   1.4167619E+06   4.2410973E+06   3.0737716E-03   2.8508743E-03   2.9920290E-03
   5.0000000E-01   2.5281699E+06   1.2650717E+06   3.7905296E+06   3.2089798E-03   3.3465069E-03   3.2395936E-03
   5.5000000E-01   2.2693354E+06   1.1336057E+06   3.4005219E+06   3.9457826E-03   3.3295684E-03   3.7423734E-03
   6.0000000E-01   2.0291884E+06   1.0149788E+06   3.0420398E+06   4.1487552E-03   3.5702284E-03   3.9535860E-03
   6.5000000E-01   1.8121039E+06   9.0417147E+05   2.7141745E+06   4.9187637E-03   4.2627821E-03   4.7025376E-03
   7.0000000E-01   1.6172325E+06   8.0734301E+05   2.4227611E+06   4.7470602E-03   5.0733201E-03   4.8569543E-03
   7.5000000E-01   1.4300772E+06   7.1472453E+05   2.1434903E+06   6.1816106E-03   5.4676810E-03   5.9392563E-03
   8.0000000E-01   1.2453277E+06   6.2192579E+05   1.8660479E+06   7.3697656E-03   7.1666197E-03   7.2917280E-03
   8.5000000E-01   1.0603164E+06   5.3356227E+05   1.5930848E+06   8.7322928E-03   8.0220219E-03   8.4999212E-03
   9.0000000E-01   8.7921788E+05   4.3826320E+05   1.3168020E+06   1.1309205E-02   1.1223884E-02   1.1279912E-02
   9.5000000E-01   6.6060694E+05   3.3157838E+05   9.9170618E+05   1.6570874E-02   1.6514510E-02   1.6551275E-02
   1.0000000E+00   4.1617013E+05   2.0988647E+05   6.2600001E+05   2.6462753E-02   2.7077867E-02   2.6650572E-02
