   0.0000000E+00   3.0030628E+07   1.0757244E+08   1.3754247E+08   4.7617687E-02   3.6290090E-06   1.0385622E-02
   5.0000000E-02   1.3058090E+07   3.7577946E+07   5.0566327E+07   1.7805430E-02   1.9411339E-06   4.5844915E-03
   1.0000000E-01   8.0541951E+06   1.6569939E+07   2.4594818E+07   7.3034221E-03   8.0048453E-06   2.3920988E-03
   1.5000000E-01   6.0876129E+06   9.2356977E+06   1.5303512E+07   4.5266436E-03   2.0184926E-05   1.8094770E-03
   2.0000000E-01   5.0002345E+06   5.6158617E+06   1.0602775E+07   3.0934084E-03   1.6227908E-05   1.4643797E-03
   2.5000000E-01   4.3152380E+06   3.5986842E+06   7.9047677E+06   2.4852342E-03   1.3532034E-05   1.3650309E-03
   3.0000000E-01   3.8538096E+06   2.3670478E+06   6.2133029E+06   1.7000854E-03   4.0812322E-05   1.0683032E-03
   3.5000000E-01   3.4984348E+06   1.5858471E+06   5.0789980E+06   1.5543448E-03   2.0996368E-05   1.0731194E-03
   4.0000000E-01   3.2269460E+06   1.0737309E+06   4.2963161E+06   1.0982979E-03   3.3555114E-05   8.2744329E-04
   4.5000000E-01   3.0041733E+06   7.3687324E+05   3.7374391E+06   7.8001043E-04   7.3717023E-05   6.4268762E-04
   5.0000000E-01   2.7987842E+06   5.0782523E+05   3.3041648E+06   5.5793396E-04   7.8429079E-05   4.8217787E-04
   5.5000000E-01   2.5850582E+06   3.5220700E+05   2.9347882E+06   3.2161543E-04   8.1781297E-05   2.9091738E-04
   6.0000000E-01   2.3740984E+06   2.4446199E+05   2.6164065E+06   6.4163470E-04   1.5913064E-04   6.0130226E-04
   6.5000000E-01   2.1412461E+06   1.7022233E+05   2.3099699E+06   2.8523646E-04   2.5459081E-04   2.8432823E-04
   7.0000000E-01   1.8977226E+06   1.2070311E+05   2.0169479E+06   3.4357916E-04   1.7522388E-04   3.3573326E-04
   7.5000000E-01   1.6342454E+06   8.2803012E+04   1.7158261E+06   3.1867500E-04   2.2584717E-04   3.1485938E-04
   8.0000000E-01   1.3595930E+06   5.7152540E+04   1.4158066E+06   2.6621461E-04   4.2123175E-04   2.6636774E-04
   8.5000000E-01   1.0758462E+06   3.9069730E+04   1.1143055E+06   1.7631743E-04   9.2652221E-05   1.7490739E-04
   9.0000000E-01   7.9697368E+05   2.4962569E+04   8.2169575E+05   2.9709593E-04   3.0716052E-04   2.9679668E-04
   9.5000000E-01   5.1221757E+05   1.4588645E+04   5.2666884E+05   3.9452112E-04   2.4701388E-04   3.9053460E-04
   1.0000000E+00   2.7833331E+05   7.3376323E+03   2.8563950E+05   8.8723777E-04   4.4792912E-04   8.7548902E-04
