   0.0000000E+00   2.8061364E+09   1.5624050E+09   4.2014506E+09   7.7100321E-04   8.7997481E-05   5.3255495E-04
   5.0000000E-02   5.2530044E+06   1.4765122E+06   6.7275431E+06   1.6828748E-01   3.3047392E-02   1.3860695E-01
   1.0000000E-01   2.5483571E+06   6.7106090E+05   3.2182721E+06   1.7343195E-01   3.0539755E-02   1.4365250E-01
   1.5000000E-01   1.6078893E+06   4.1182933E+05   2.0188911E+06   1.7607869E-01   2.8481583E-02   1.4600475E-01
   2.0000000E-01   1.1511836E+06   2.7852115E+05   1.4291796E+06   1.7953893E-01   2.6560599E-02   1.4973573E-01
   2.5000000E-01   8.7999951E+05   2.0576824E+05   1.0854367E+06   1.8220064E-01   2.3037821E-02   1.5203283E-01
   3.0000000E-01   6.8875893E+05   1.5936715E+05   8.4778655E+05   1.8375399E-01   2.1841460E-02   1.5334110E-01
   3.5000000E-01   5.5541437E+05   1.2432275E+05   6.7952795E+05   1.8580679E-01   2.0363608E-02   1.5558193E-01
   4.0000000E-01   4.5678264E+05   9.8676065E+04   5.5531547E+05   1.8742025E-01   1.8305412E-02   1.5739886E-01
   4.5000000E-01   3.7622106E+05   7.9358191E+04   4.5552974E+05   1.8842697E-01   1.7626435E-02   1.5868049E-01
   5.0000000E-01   3.1804251E+05   6.3445527E+04   3.8143074E+05   1.8864351E-01   1.5694807E-02   1.5989948E-01
   5.5000000E-01   2.6516371E+05   5.2671605E+04   3.1774850E+05   1.8765157E-01   1.4745612E-02   1.5899541E-01
   6.0000000E-01   2.2288589E+05   4.2345825E+04   2.6520519E+05   1.8789125E-01   1.5904521E-02   1.6043091E-01
   6.5000000E-01   1.8960985E+05   3.6003297E+04   2.2558866E+05   1.8674472E-01   1.3167401E-02   1.5905860E-01
   7.0000000E-01   1.5971881E+05   2.8488735E+04   1.8817571E+05   1.8669576E-01   1.3346070E-02   1.6042249E-01
   7.5000000E-01   1.3234052E+05   2.2379307E+04   1.5469860E+05   1.8199355E-01   1.4750664E-02   1.5779978E-01
   8.0000000E-01   1.0767230E+05   1.7530917E+04   1.2519924E+05   1.8436869E-01   1.3410702E-02   1.6042476E-01
   8.5000000E-01   8.6557820E+04   1.3091898E+04   9.9638484E+04   1.8427017E-01   1.3599931E-02   1.6183806E-01
   9.0000000E-01   6.5508175E+04   9.7119883E+03   7.5216626E+04   1.8164148E-01   1.4356204E-02   1.6003150E-01
   9.5000000E-01   4.2814355E+04   5.9574208E+03   4.8768425E+04   1.8295697E-01   1.3670817E-02   1.6228656E-01
   1.0000000E+00   1.8322074E+04   2.4333022E+03   2.0755376E+04   1.8439506E-01   1.7005600E-02   1.6477072E-01
