   0.0000000E+00   3.2349712E+09   1.6612562E+09   4.6780532E+09   1.6724731E-05   3.1240190E-06   1.2038746E-05
   5.0000000E-02   1.4432170E+05   4.1125637E+04   1.8544734E+05   1.7358598E-01   3.9207178E-02   1.4378553E-01
   1.0000000E-01   6.9009583E+04   1.6329297E+04   8.5338880E+04   1.7630601E-01   3.6418771E-02   1.4953907E-01
   1.5000000E-01   4.3205262E+04   9.0400008E+03   5.2245263E+04   1.8267585E-01   2.5093886E-02   1.5540944E-01
   2.0000000E-01   3.0446341E+04   7.4007049E+03   3.7847045E+04   1.8800023E-01   2.7854058E-02   1.5668468E-01
   2.5000000E-01   2.3300284E+04   5.4621976E+03   2.8762481E+04   1.9114477E-01   2.2978402E-02   1.5920880E-01
   3.0000000E-01   1.7942067E+04   3.5438501E+03   2.1485917E+04   1.9165750E-01   2.0338670E-02   1.6339925E-01
   3.5000000E-01   1.3996540E+04   2.7010867E+03   1.6697627E+04   1.9450907E-01   1.5065371E-02   1.6548142E-01
   4.0000000E-01   1.1729719E+04   2.2600002E+03   1.3989719E+04   1.9686640E-01   9.4667682E-03   1.6659251E-01
   4.5000000E-01   9.2522074E+03   1.8037560E+03   1.1055963E+04   2.0710951E-01   1.6439353E-02   1.7600210E-01
   5.0000000E-01   7.9704796E+03   1.3432677E+03   9.3137473E+03   1.9662351E-01   1.0366727E-02   1.6976078E-01
   5.5000000E-01   6.7655319E+03   1.2037901E+03   7.9693221E+03   1.9041023E-01   1.0389362E-02   1.6321754E-01
   6.0000000E-01   5.5704230E+03   9.1779351E+02   6.4882165E+03   1.8750351E-01   9.6309281E-03   1.6234246E-01
   6.5000000E-01   4.6424273E+03   7.1007590E+02   5.3525032E+03   1.9973960E-01   1.2235015E-02   1.7486479E-01
   7.0000000E-01   4.1380285E+03   5.2748495E+02   4.6655135E+03   1.6811272E-01   2.4695621E-03   1.4938504E-01
   7.5000000E-01   3.1406575E+03   4.0743665E+02   3.5480942E+03   1.8309213E-01   4.1709059E-03   1.6254615E-01
   8.0000000E-01   2.6101411E+03   3.3820425E+02   2.9483453E+03   1.7755340E-01   4.5010281E-03   1.5770259E-01
   8.5000000E-01   2.1570176E+03   2.4715826E+02   2.4041758E+03   1.4538670E-01   9.2915688E-03   1.3139561E-01
   9.0000000E-01   1.4925197E+03   1.4500784E+02   1.6375275E+03   1.7390717E-01   7.6637319E-06   1.5850650E-01
   9.5000000E-01   1.1124093E+03   1.0386954E+02   1.2162788E+03   1.5086259E-01   1.1492839E-04   1.3798882E-01
   1.0000000E+00   3.8983137E+02   6.2876027E+01   4.5270739E+02   1.0905845E-01   1.1589574E-06   9.3911285E-02
