   0.0000000E+00   3.2293567E+09   1.6627052E+09   4.6869745E+09   2.8188043E-04   6.6196904E-10   1.8859612E-04
   5.0000000E-02   7.8170542E+05   2.0263607E+05   9.8421417E+05   2.7853115E-01   6.7331053E-06   2.2120199E-01
   1.0000000E-01   7.0410147E+04   1.5979156E+04   8.6389303E+04   3.0151277E-01   2.4818900E-05   2.4574749E-01
   1.5000000E-01   1.2753616E+04   7.8516439E+02   1.3538780E+04   8.6861662E-02   5.6912822E-05   8.1827531E-02
   2.0000000E-01   1.0695212E+04   3.1830989E+01   1.0727043E+04   1.9246131E-03   5.1190008E-06   1.9189173E-03
   2.5000000E-01   1.0045860E+04   0.0000000E+00   1.0045860E+04   1.0887537E-06   0.0000000E+00   1.0887537E-06
   3.0000000E-01   1.0673992E+04   0.0000000E+00   1.0673992E+04   1.2283903E-06   0.0000000E+00   1.2283903E-06
   3.5000000E-01   1.1195413E+04   0.0000000E+00   1.1195413E+04   1.3382139E-05   0.0000000E+00   1.3382139E-05
   4.0000000E-01   1.1204508E+04   0.0000000E+00   1.1204508E+04   3.1038878E-07   0.0000000E+00   3.1038878E-07
   4.5000000E-01   1.2166511E+04   0.0000000E+00   1.2166511E+04   7.6282071E-07   0.0000000E+00   7.6282071E-07
   5.0000000E-01   1.3375381E+04   0.0000000E+00   1.3369015E+04   5.3518547E-06   0.0000000E+00   5.3542863E-06
   5.5000000E-01   1.5741871E+04   0.0000000E+00   1.5741871E+04   1.8541443E-06   0.0000000E+00   1.8541443E-06
   6.0000000E-01   1.9830706E+04   0.0000000E+00   1.9830706E+04   3.9400531E-06   0.0000000E+00   3.9400531E-06
   6.5000000E-01   2.4573523E+04   0.0000000E+00   2.4573523E+04   1.4410480E-06   0.0000000E+00   1.4410480E-06
   7.0000000E-01   2.2454489E+04   0.0000000E+00   2.2454489E+04   2.0865161E-05   0.0000000E+00   2.0865161E-05
   7.5000000E-01   1.1684095E+04   0.0000000E+00   1.1684095E+04   2.7456570E-05   0.0000000E+00   2.7456570E-05
   8.0000000E-01   2.6817608E+03   0.0000000E+00   2.6817608E+03   4.3872392E-06   0.0000000E+00   4.3872392E-06
   8.5000000E-01   2.0971004E+02   0.0000000E+00   2.0971004E+02   5.3336969E-06   0.0000000E+00   5.3336969E-06
   9.0000000E-01   1.4147106E+01   0.0000000E+00   1.4147106E+01   1.0648846E-01   0.0000000E+00   1.0648846E-01
   9.5000000E-01   0.0000000E+00   0.0000000E+00   0.0000000E+00   0.0000000E+00   0.0000000E+00   0.0000000E+00
   1.0000000E+00   0.0000000E+00   0.0000000E+00   0.0000000E+00   0.0000000E+00   0.0000000E+00   0.0000000E+00
