   0.0000000E+00   1.9610792E+08   2.5839684E+08   4.5376322E+08   6.0123541E-06   2.5513570E-06   2.4821490E-06
   5.0000000E-02   1.1375421E+08   6.7351189E+07   1.8021725E+08   3.7860075E-06   6.6114318E-06   2.1886711E-06
   1.0000000E-01   5.2044844E+07   2.2072149E+07   7.3867470E+07   1.3651940E-05   3.0208690E-05   1.8416302E-05
   1.5000000E-01   2.3923704E+07   9.2723245E+06   3.3113544E+07   2.0725657E-05   3.1805746E-05   2.3733701E-05
   2.0000000E-01   1.1265082E+07   4.2477499E+06   1.5489182E+07   3.8113975E-05   4.4458427E-05   3.9728478E-05
   2.5000000E-01   5.4303667E+06   2.0200837E+06   7.4431929E+06   7.6541326E-05   9.7715104E-05   8.2074310E-05
   3.0000000E-01   2.6505134E+06   9.7639436E+05   3.6249979E+06   1.4622160E-04   2.5059716E-04   1.7440390E-04
   3.5000000E-01   1.3096997E+06   4.8055698E+05   1.7895837E+06   2.3400209E-04   3.0627406E-04   2.5306600E-04
   4.0000000E-01   6.5291724E+05   2.3969530E+05   8.9243747E+05   4.5029733E-04   5.2073141E-04   4.6892172E-04
   4.5000000E-01   3.2737111E+05   1.1955719E+05   4.4685757E+05   6.4630618E-04   8.6491106E-04   7.0480460E-04
   5.0000000E-01   1.6454711E+05   6.0682597E+04   2.2522334E+05   1.2773855E-03   1.4632728E-03   1.3264053E-03
   5.5000000E-01   8.3246716E+04   3.0748735E+04   1.1399545E+05   2.3363368E-03   2.7108953E-03   2.4350714E-03
   6.0000000E-01   4.2695966E+04   1.5629015E+04   5.8324981E+04   4.3979216E-03   5.9441757E-03   4.8013487E-03
   6.5000000E-01   2.1899720E+04   7.7863495E+03   2.9686070E+04   6.3778699E-03   1.0775049E-02   7.5282240E-03
   7.0000000E-01   1.1013522E+04   4.2107851E+03   1.5224307E+04   8.0692877E-03   1.6779563E-02   1.0472140E-02
   7.5000000E-01   5.7083573E+03   1.9650330E+03   7.6733903E+03   1.4093069E-02   2.3514665E-02   1.6505422E-02
   8.0000000E-01   2.9881341E+03   1.0464438E+03   4.0345778E+03   2.9335877E-02   3.7408079E-02   3.1428714E-02
   8.5000000E-01   1.5803150E+03   5.3176475E+02   2.1120797E+03   4.2568812E-02   6.5332077E-02   4.8272330E-02
   9.0000000E-01   8.0284827E+02   2.9001567E+02   1.0928639E+03   4.1838379E-02   5.8878781E-02   4.6360269E-02
   9.5000000E-01   2.8145295E+02   1.2732395E+02   4.0877691E+02   1.1436390E-01   5.8643772E-02   9.5618258E-02
   1.0000000E+00   1.7605288E+02   2.5150411E+01   2.0120329E+02   1.2471744E-02   9.8274973E-02   2.0360027E-02
