   0.0000000E+00   3.2264084E+09   1.6574839E+09   4.6718179E+09   1.5843149E-04   9.8075164E-10   1.0513321E-04
   5.0000000E-02   9.6365135E+05   2.3478537E+05   1.1984367E+06   2.1187553E-01   3.3354268E-06   1.7034503E-01
   1.0000000E-01   3.5708003E+05   8.8840289E+04   4.4588849E+05   2.4628364E-01   1.5690216E-05   1.9720467E-01
   1.5000000E-01   1.7691663E+05   4.4181412E+04   2.2107683E+05   2.7128514E-01   7.5446145E-07   2.1705767E-01
   2.0000000E-01   9.3758177E+04   2.3348030E+04   1.1709029E+05   2.9268388E-01   2.5686473E-06   2.3432851E-01
   2.5000000E-01   4.8421300E+04   1.2745128E+04   6.1166428E+04   3.0980656E-01   4.2416047E-05   2.4524394E-01
   3.0000000E-01   2.5592115E+04   6.4616907E+03   3.2053806E+04   3.2491544E-01   1.3922886E-05   2.5941890E-01
   3.5000000E-01   1.2905192E+04   3.7560567E+03   1.6661249E+04   3.3467041E-01   2.3733813E-05   2.5921808E-01
   4.0000000E-01   7.1778879E+03   1.9098593E+03   9.0877473E+03   3.3597345E-01   4.1133237E-05   2.6535742E-01
   4.5000000E-01   3.4731145E+03   9.5492966E+02   4.4280442E+03   3.4024247E-01   6.6710371E-06   2.6686893E-01
   5.0000000E-01   1.8143664E+03   4.0743665E+02   2.2218030E+03   3.0655005E-01   1.8390534E-05   2.5033793E-01
   5.5000000E-01   1.0417414E+03   1.8519848E+02   1.2269399E+03   2.9808680E-01   6.1255873E-06   2.5309164E-01
   6.0000000E-01   5.5704230E+02   6.3661977E+01   6.2070428E+02   2.2822037E-01   1.8722665E-06   2.0481332E-01
   6.5000000E-01   4.7501629E+02   2.9382451E+01   5.0439874E+02   1.1020121E-01   3.6297439E-06   1.0378151E-01
   7.0000000E-01   3.8651915E+02   4.5472841E+00   3.9106643E+02   3.6889006E-02   6.1129044E-06   3.6460134E-02
   7.5000000E-01   3.7772773E+02   4.2441318E+00   3.8197186E+02   2.9356833E-02   1.3905763E-06   2.9030661E-02
   8.0000000E-01   3.9788736E+02   0.0000000E+00   3.9788736E+02   2.0487050E-02   0.0000000E+00   2.0487050E-02
   8.5000000E-01   4.8682688E+02   0.0000000E+00   4.8682688E+02   6.4602047E-03   0.0000000E+00   6.4602047E-03
   9.0000000E-01   4.9514871E+02   0.0000000E+00   4.9514871E+02   6.3607014E-03   0.0000000E+00   6.3607014E-03
   9.5000000E-01   4.2888069E+02   0.0000000E+00   4.2888069E+02   5.8767809E-05   0.0000000E+00   5.8767809E-05
   1.0000000E+00   3.0809253E+02   0.0000000E+00   3.0809253E+02   3.4827873E-05   0.0000000E+00   3.4827873E-05
