   0.0000000E+00   1.0383931E+08   5.2453904E+07   1.5627946E+08   6.2737435E-04   5.2469262E-04   5.9101376E-04
   5.0000000E-02   3.5933748E+07   1.8002971E+07   5.3924369E+07   1.0514949E-04   2.4889964E-04   1.0774375E-04
   1.0000000E-01   1.7773183E+07   8.9277010E+06   2.6695536E+07   1.2026299E-04   1.0403048E-04   5.8135958E-05
   1.5000000E-01   1.1432121E+07   5.7160392E+06   1.7143916E+07   1.5326932E-04   6.7132141E-05   1.2523808E-04
   2.0000000E-01   8.1224725E+06   4.0712949E+06   1.2190934E+07   7.3049732E-05   1.3412640E-04   8.7690327E-05
   2.5000000E-01   6.1303683E+06   3.0636181E+06   9.1919492E+06   1.5515681E-04   4.2296584E-05   8.8587418E-05
   3.0000000E-01   4.7804628E+06   2.4038975E+06   7.1829066E+06   2.0965741E-04   4.4121659E-04   2.6838211E-04
   3.5000000E-01   3.8434464E+06   1.9146340E+06   5.7569617E+06   1.8502574E-04   2.9553010E-04   1.9302857E-04
   4.0000000E-01   3.1283496E+06   1.5664109E+06   4.6939249E+06   8.7321741E-05   7.2435684E-06   5.9899410E-05
   4.5000000E-01   2.5754594E+06   1.2916732E+06   3.8664960E+06   4.1182111E-04   4.9443574E-04   3.4281222E-04
   5.0000000E-01   2.1368079E+06   1.0705080E+06   3.2069721E+06   3.9918536E-04   5.8690454E-04   2.7359077E-04
   5.5000000E-01   1.7901459E+06   8.9305022E+05   2.6828025E+06   2.4474131E-04   1.4470037E-05   1.6003285E-04
   6.0000000E-01   1.5031548E+06   7.4974711E+05   2.2526631E+06   1.0312133E-04   2.8787186E-04   9.8171363E-05
   6.5000000E-01   1.2590772E+06   6.3039559E+05   1.8892867E+06   2.4428268E-04   2.9953313E-04   8.3724550E-05
   7.0000000E-01   1.0493222E+06   5.2494757E+05   1.5741470E+06   7.5962230E-04   1.8009660E-04   5.1511830E-04
   7.5000000E-01   8.6899448E+05   4.3623733E+05   1.3050960E+06   2.8449566E-04   4.4704378E-04   1.2000420E-04
   8.0000000E-01   7.0420890E+05   3.5187964E+05   1.0559771E+06   5.3425229E-04   1.3765050E-04   3.4163606E-04
   8.5000000E-01   5.6367813E+05   2.8161437E+05   8.4522884E+05   4.7633335E-04   1.2263457E-03   7.0060380E-04
   9.0000000E-01   4.2298432E+05   2.1228440E+05   6.3524750E+05   4.8757020E-04   7.6002301E-04   5.7405165E-04
   9.5000000E-01   2.8054493E+05   1.4007310E+05   4.2060463E+05   1.2052879E-03   1.1819518E-03   1.0260338E-03
   1.0000000E+00   1.3947789E+05   6.9107041E+04   2.0858493E+05   5.3461086E-03   1.4827363E-03   3.9458491E-03
