   0.0000000E+00   5.6029415E+08   3.4527863E+08   9.0477370E+08   6.6367846E-06   7.1311339E-06   6.5905085E-06
   5.0000000E-02   1.6470773E+08   7.9308945E+07   2.4357945E+08   2.6467492E-05   4.4824867E-05   3.2323571E-05
   1.0000000E-01   4.6605947E+07   2.2182539E+07   6.8722945E+07   8.7947310E-05   1.2102322E-04   9.8667051E-05
   1.5000000E-01   1.6278665E+07   7.7219220E+06   2.3988045E+07   2.3240671E-04   2.6980000E-04   2.4466416E-04
   2.0000000E-01   6.0953797E+06   2.9051825E+06   8.9979043E+06   4.8202059E-04   5.6732070E-04   5.0970244E-04
   2.5000000E-01   2.3656154E+06   1.1264987E+06   3.4918085E+06   1.2094449E-03   1.1721572E-03   1.1971197E-03
   3.0000000E-01   9.4104074E+05   4.4740577E+05   1.3883510E+06   2.5307964E-03   2.5205003E-03   2.5276508E-03
   3.5000000E-01   3.7988011E+05   1.8068179E+05   5.6055280E+05   4.8401953E-03   5.4078369E-03   5.0231789E-03
   4.0000000E-01   1.5467473E+05   7.3720570E+04   2.2839530E+05   1.0278764E-02   1.0699746E-02   1.0413115E-02
   4.5000000E-01   6.5479880E+04   3.0989236E+04   9.6469116E+04   2.1066202E-02   2.1090636E-02   2.1070072E-02
   5.0000000E-01   2.6814425E+04   1.3216226E+04   4.0030651E+04   4.1252895E-02   4.3259601E-02   4.1914986E-02
   5.5000000E-01   1.2153650E+04   5.9437137E+03   1.8097364E+04   7.7282100E-02   8.6368680E-02   8.0265922E-02
   6.0000000E-01   5.7879348E+03   2.7692960E+03   8.5572308E+03   1.4539112E-01   1.3211670E-01   1.4108665E-01
   6.5000000E-01   3.0165983E+03   1.5572699E+03   4.5738682E+03   2.0310219E-01   2.2184818E-01   2.0947229E-01
   7.0000000E-01   1.6461168E+03   7.0028175E+02   2.3463986E+03   3.4815590E-01   3.5182769E-01   3.4923595E-01
   7.5000000E-01   9.1248834E+02   5.0505169E+02   1.4175400E+03   4.4880615E-01   5.1079306E-01   4.7088570E-01
   8.0000000E-01   7.2017612E+02   2.8647890E+02   1.0066550E+03   5.6967287E-01   6.2066071E-01   5.8417753E-01
   8.5000000E-01   4.3439937E+02   2.2843415E+02   6.6283353E+02   6.4183833E-01   6.0825067E-01   6.3024630E-01
   9.0000000E-01   3.5367765E+02   1.7330205E+02   5.2697970E+02   7.2823956E-01   7.5185607E-01   7.3600342E-01
   9.5000000E-01   2.0438845E+02   7.7064499E+01   2.8145295E+02   8.2153611E-01   8.4233804E-01   8.2722637E-01
   1.0000000E+00   7.5451232E+01   3.1438013E+01   1.0688925E+02   7.9074419E-01   8.6123021E-01   8.0914317E-01
