   0.0000000E+00   7.9816331E+07   4.2098392E+07   1.2188518E+08   4.9987096E-03   2.7727885E-03   4.2250705E-03
   5.0000000E-02   3.1934376E+07   1.6141558E+07   4.8043657E+07   1.5454944E-03   1.3547735E-03   1.4789253E-03
   1.0000000E-01   1.6570672E+07   8.2833145E+06   2.4840140E+07   7.0803039E-04   4.9856746E-04   6.3899467E-04
   1.5000000E-01   1.0901753E+07   5.4433537E+06   1.6332968E+07   4.1655928E-04   6.0375787E-04   4.7159690E-04
   2.0000000E-01   7.9260594E+06   3.9632286E+06   1.1880710E+07   2.8045723E-04   3.7538450E-04   2.9393601E-04
   2.5000000E-01   6.0529426E+06   3.0324110E+06   9.0791274E+06   4.0315540E-04   1.6904297E-04   3.2248899E-04
   3.0000000E-01   4.7966223E+06   2.4036110E+06   7.1951828E+06   3.7115051E-04   1.5263853E-04   2.8516319E-04
   3.5000000E-01   3.8805340E+06   1.9351786E+06   5.8119747E+06   4.9502357E-04   2.3609534E-04   4.1058958E-04
   4.0000000E-01   3.1995316E+06   1.5942312E+06   4.7912084E+06   5.0704683E-04   4.8877860E-04   4.8131340E-04
   4.5000000E-01   2.6445680E+06   1.3262700E+06   3.9689494E+06   4.2999166E-04   7.3318327E-04   5.2209161E-04
   5.0000000E-01   2.2276344E+06   1.1104368E+06   3.3366643E+06   4.6730766E-04   4.6374177E-04   4.5433329E-04
   5.5000000E-01   1.8656721E+06   9.3524653E+05   2.7995181E+06   6.2173315E-04   5.3826218E-04   5.9748266E-04
   6.0000000E-01   1.5847005E+06   7.9114861E+05   2.3746925E+06   9.4851520E-04   1.0087473E-03   9.4742001E-04
   6.5000000E-01   1.3387183E+06   6.6706979E+05   2.0049948E+06   9.3976274E-04   4.3008653E-04   7.5057373E-04
   7.0000000E-01   1.1244069E+06   5.6129401E+05   1.6849779E+06   1.2343091E-03   8.4038384E-04   1.0955512E-03
   7.5000000E-01   9.3805499E+05   4.7044079E+05   1.4080926E+06   1.1623493E-03   1.1657319E-03   1.1600123E-03
   8.0000000E-01   7.7492144E+05   3.8836591E+05   1.1629770E+06   1.1099588E-03   7.1221802E-04   8.9936829E-04
   8.5000000E-01   6.2508198E+05   3.1168904E+05   9.3653135E+05   2.3056011E-03   1.8995581E-03   2.1571576E-03
   9.0000000E-01   4.8131284E+05   2.3968027E+05   7.2084457E+05   2.3633200E-03   2.8130178E-03   2.4928668E-03
   9.5000000E-01   3.3046932E+05   1.6683794E+05   4.9720004E+05   4.8568034E-03   4.2787090E-03   4.6571764E-03
   1.0000000E+00   1.8576093E+05   9.5162867E+04   2.8091123E+05   1.1790233E-02   1.3750246E-02   1.2340058E-02
