   0.0000000E+00   3.3191318E+07   2.2584927E+08   2.5899067E+08   5.5254752E-05   1.2405395E-05   1.7029601E-05
   5.0000000E-02   2.9848746E+07   6.0141597E+07   8.9919805E+07   2.4934048E-05   2.5214912E-05   2.3811698E-05
   1.0000000E-01   2.4606214E+07   2.1043976E+07   4.5617117E+07   1.1796647E-05   5.2853848E-05   2.7435896E-05
   1.5000000E-01   1.9561840E+07   9.5177415E+06   2.9055199E+07   2.3526814E-05   1.4063877E-04   4.9505156E-05
   2.0000000E-01   1.5011033E+07   4.7232572E+06   1.9721000E+07   3.1474421E-05   2.0291636E-04   6.8331865E-05
   2.5000000E-01   1.1070232E+07   2.4612102E+06   1.3523739E+07   5.1869075E-05   3.7600312E-04   1.1145282E-04
   3.0000000E-01   7.8135634E+06   1.3350235E+06   9.1444064E+06   7.8465525E-05   6.1445001E-04   1.5662514E-04
   3.5000000E-01   5.2410632E+06   7.3334050E+05   5.9722756E+06   1.4241028E-04   1.0823234E-03   2.5782440E-04
   4.0000000E-01   3.3690714E+06   4.1591961E+05   3.7842510E+06   2.3701124E-04   1.6857047E-03   3.9625763E-04
   4.5000000E-01   2.1037030E+06   2.3463683E+05   2.3378305E+06   2.6979645E-04   2.3502796E-03   4.7857120E-04
   5.0000000E-01   1.2883529E+06   1.3567004E+05   1.4238701E+06   5.2150659E-04   3.7491357E-03   8.2763304E-04
   5.5000000E-01   7.8803110E+05   8.0092555E+04   8.6806578E+05   9.0111250E-04   5.5782028E-03   1.3313382E-03
   6.0000000E-01   4.7597938E+05   4.5879065E+04   5.2183723E+05   1.2611056E-03   7.8831747E-03   1.8421611E-03
   6.5000000E-01   2.8708124E+05   2.7546048E+04   3.1462239E+05   1.9638722E-03   1.0779389E-02   2.7357254E-03
   7.0000000E-01   1.7378810E+05   1.6879519E+04   1.9066307E+05   2.6627960E-03   1.8359985E-02   4.0496282E-03
   7.5000000E-01   1.0343798E+05   9.6596440E+03   1.1309338E+05   4.1764831E-03   2.3749575E-02   5.8447395E-03
   8.0000000E-01   6.2444442E+04   5.9722892E+03   6.8416731E+04   5.7193356E-03   4.0779099E-02   8.7755650E-03
   8.5000000E-01   3.5920334E+04   3.4340019E+03   3.9354336E+04   8.0508249E-03   4.9611094E-02   1.1675052E-02
   9.0000000E-01   2.0074743E+04   2.0088891E+03   2.2083633E+04   1.0524992E-02   6.6322673E-02   1.5581108E-02
   9.5000000E-01   1.0058592E+04   9.6833218E+02   1.1026925E+04   1.6261470E-02   1.1806417E-01   2.5113788E-02
   1.0000000E+00   3.7159732E+03   3.7725616E+02   4.0932294E+03   2.1862808E-02   5.4631253E-02   2.4882885E-02
