   0.0000000E+00   4.9177604E+07   2.3737769E+07   7.2905187E+07   2.0493690E-02   9.2412270E-03   1.6827893E-02
   5.0000000E-02   2.0076696E+07   1.0136196E+07   3.0204489E+07   5.2260056E-03   4.0143773E-03   4.8048929E-03
   1.0000000E-01   1.1250663E+07   5.6600909E+06   1.6905884E+07   1.7045765E-03   1.7381989E-03   1.6812397E-03
   1.5000000E-01   7.9300330E+06   3.9830753E+06   1.1908885E+07   5.6852994E-04   1.2415552E-03   7.8023304E-04
   2.0000000E-01   6.1629887E+06   3.0908208E+06   9.2501490E+06   8.2333665E-04   9.8804932E-04   8.7602667E-04
   2.5000000E-01   5.0240632E+06   2.5293540E+06   7.5510999E+06   6.9709573E-04   4.1073206E-04   5.9903173E-04
   3.0000000E-01   4.2473043E+06   2.1289945E+06   6.3736037E+06   7.2246058E-04   1.5851188E-04   5.3435705E-04
   3.5000000E-01   3.6482769E+06   1.8355203E+06   5.4820238E+06   7.0420242E-04   8.7515396E-04   7.5540358E-04
   4.0000000E-01   3.1770669E+06   1.5917802E+06   4.7669532E+06   4.8411309E-04   1.1789524E-03   7.1295032E-04
   4.5000000E-01   2.7962462E+06   1.4013557E+06   4.1959114E+06   1.0043334E-03   9.3239717E-04   9.2819108E-04
   5.0000000E-01   2.4881775E+06   1.2430638E+06   3.7300062E+06   1.0093318E-03   1.3769021E-03   9.9879186E-04
   5.5000000E-01   2.2067961E+06   1.1006577E+06   3.3062443E+06   8.0371996E-04   8.0757470E-04   8.0188626E-04
   6.0000000E-01   1.9581628E+06   9.8155098E+05   2.9387005E+06   9.3501030E-05   4.9795925E-04   1.9974231E-04
   6.5000000E-01   1.7417280E+06   8.6830530E+05   2.6092547E+06   8.1946358E-04   6.8380915E-04   6.8501277E-04
   7.0000000E-01   1.5322574E+06   7.7076465E+05   2.3022627E+06   1.3519266E-03   6.9779099E-04   1.1337528E-03
   7.5000000E-01   1.3403180E+06   6.7504190E+05   2.0147530E+06   1.3263221E-03   1.2468559E-03   1.2745957E-03
   8.0000000E-01   1.1620062E+06   5.8105878E+05   1.7425596E+06   1.2226703E-03   1.9002762E-03   1.4133039E-03
   8.5000000E-01   9.7397208E+05   4.8630635E+05   1.4599714E+06   1.9607959E-03   2.0889105E-03   2.0010043E-03
   9.0000000E-01   7.8153565E+05   3.9035402E+05   1.1717128E+06   2.4742936E-03   3.6043034E-03   2.8451345E-03
   9.5000000E-01   5.5859029E+05   2.7947273E+05   8.3792230E+05   4.1127805E-03   4.3899739E-03   4.2051036E-03
   1.0000000E+00   3.1991322E+05   1.6183032E+05   4.8173097E+05   9.4739068E-03   9.9585325E-03   9.6145795E-03
