   0.0000000E+00   1.9579827E+09   1.2849396E+09   3.1526893E+09   2.8868668E-03   3.8953602E-05   1.7653214E-03
   5.0000000E-02   1.3360039E+07   3.8730037E+06   1.7217254E+07   1.7158071E-01   4.9378229E-03   1.3411217E-01
   1.0000000E-01   6.5852586E+06   1.8940711E+06   8.4717221E+06   1.7260118E-01   5.1207932E-03   1.3519172E-01
   1.5000000E-01   4.2857667E+06   1.2281881E+06   5.5093500E+06   1.7517300E-01   5.2834247E-03   1.3735337E-01
   2.0000000E-01   3.1193096E+06   8.8854613E+05   4.0042110E+06   1.7819819E-01   5.1316202E-03   1.3983834E-01
   2.5000000E-01   2.4145587E+06   6.8633978E+05   3.0980847E+06   1.8134656E-01   5.5989033E-03   1.4249750E-01
   3.0000000E-01   1.9326291E+06   5.5122784E+05   2.4820107E+06   1.8590126E-01   5.5272115E-03   1.4589081E-01
   3.5000000E-01   1.5920133E+06   4.4690708E+05   2.0373379E+06   1.9083146E-01   5.4503982E-03   1.5020253E-01
   4.0000000E-01   1.3203255E+06   3.7692665E+05   1.6957880E+06   1.9645082E-01   6.2804953E-03   1.5422208E-01
   4.5000000E-01   1.1201254E+06   3.1724178E+05   1.4363557E+06   2.0165884E-01   6.2204082E-03   1.5855132E-01
   5.0000000E-01   9.5415935E+05   2.7006047E+05   1.2235832E+06   2.1003725E-01   5.8790109E-03   1.6501396E-01
   5.5000000E-01   8.1500063E+05   2.3180483E+05   1.0461746E+06   2.1657497E-01   6.6374329E-03   1.7008817E-01
   6.0000000E-01   6.9933213E+05   1.9723542E+05   8.9593623E+05   2.2430269E-01   6.3301552E-03   1.7635947E-01
   6.5000000E-01   5.9816304E+05   1.7022233E+05   7.6801320E+05   2.3387756E-01   6.5842332E-03   1.8351663E-01
   7.0000000E-01   5.0421650E+05   1.4405341E+05   6.4791523E+05   2.4418864E-01   7.7298499E-03   1.9166543E-01
   7.5000000E-01   4.2914114E+05   1.2125060E+05   5.5018803E+05   2.5461981E-01   8.6179025E-03   2.0044151E-01
   8.0000000E-01   3.5247647E+05   1.0218145E+05   4.5449877E+05   2.6484905E-01   8.4509726E-03   2.0721751E-01
   8.5000000E-01   2.8837378E+05   8.2052799E+04   3.7032547E+05   2.7868731E-01   8.0043929E-03   2.1873238E-01
   9.0000000E-01   2.2114403E+05   6.3665514E+04   2.8474588E+05   2.9256694E-01   9.6185462E-03   2.2932432E-01
   9.5000000E-01   1.4726691E+05   4.1728751E+04   1.8893200E+05   3.0984915E-01   1.0528467E-02   2.4376754E-01
   1.0000000E+00   6.6592000E+04   1.9026286E+04   8.5611998E+04   3.2285959E-01   1.1338204E-02   2.5361407E-01
