   0.0000000E+00   3.2300610E+09   1.6589904E+09   4.6909954E+09   6.5236419E-05   1.3608253E-09   4.3914215E-05
   5.0000000E-02   4.6944342E+05   1.1389128E+05   5.8333470E+05   1.9625865E-01   3.7842696E-05   1.5794816E-01
   1.0000000E-01   2.0078988E+05   4.9433525E+04   2.5022340E+05   2.1263704E-01   7.9183009E-06   1.7063055E-01
   1.5000000E-01   1.1843250E+05   2.9624040E+04   1.4805654E+05   2.2674399E-01   2.2043381E-05   1.8138010E-01
   2.0000000E-01   7.7970007E+04   1.9926199E+04   9.7896205E+04   2.4433161E-01   7.5199388E-07   1.9459919E-01
   2.5000000E-01   5.4774765E+04   1.3267156E+04   6.8041921E+04   2.5490053E-01   2.4096674E-04   2.0524572E-01
   3.0000000E-01   3.8504886E+04   9.7508928E+03   4.8255779E+04   2.6855686E-01   3.9257241E-06   2.1428963E-01
   3.5000000E-01   2.8193161E+04   7.0846686E+03   3.5277830E+04   2.7912402E-01   4.4976783E-06   2.2306986E-01
   4.0000000E-01   2.1374509E+04   5.2998596E+03   2.6674368E+04   2.9163876E-01   3.0886250E-06   2.3369321E-01
   4.5000000E-01   1.5519375E+04   3.9965575E+03   1.9515933E+04   2.9869203E-01   3.2492585E-06   2.3752391E-01
   5.0000000E-01   1.1312733E+04   2.7756622E+03   1.4088396E+04   3.0779165E-01   1.5518992E-05   2.4714821E-01
   5.5000000E-01   8.2992069E+03   2.0834829E+03   1.0382690E+04   3.1472676E-01   3.8504696E-06   2.5157011E-01
   6.0000000E-01   6.2070428E+03   1.5650236E+03   7.7720664E+03   3.1698098E-01   7.9952676E-07   2.5315188E-01
   6.5000000E-01   4.3486028E+03   1.1508127E+03   5.4994154E+03   3.2694474E-01   1.4722178E-05   2.5853106E-01
   7.0000000E-01   3.2240244E+03   7.9577472E+02   4.0197991E+03   3.3196829E-01   4.5723156E-05   2.6624154E-01
   7.5000000E-01   2.2706105E+03   6.4086390E+02   2.9114744E+03   3.2331530E-01   3.7797648E-06   2.5214740E-01
   8.0000000E-01   1.8024297E+03   4.5359159E+02   2.2560213E+03   3.2610305E-01   1.2092819E-04   2.6051304E-01
   8.5000000E-01   1.1945983E+03   2.8835131E+02   1.4829496E+03   3.2041760E-01   1.0011945E-05   2.5811613E-01
   9.0000000E-01   7.6748050E+02   1.9098593E+02   9.5846644E+02   3.0772416E-01   1.0271892E-05   2.4640848E-01
   9.5000000E-01   5.6290590E+02   6.7012608E+01   6.2991851E+02   2.8131437E-01   1.1041666E-05   2.5138614E-01
   1.0000000E+00   2.3892890E+02   5.0300822E+01   2.8922972E+02   2.9537186E-01   3.2048521E-06   2.4400339E-01
