   0.0000000E+00   1.4480299E+07   3.3050752E+07   4.7526976E+07   1.5345490E-02   9.1193649E-05   4.6993281E-03
   5.0000000E-02   1.1053056E+07   1.3148681E+07   2.4193270E+07   3.2566541E-03   2.6896945E-05   1.4979160E-03
   1.0000000E-01   8.9445396E+06   6.9180197E+06   1.5855748E+07   5.7705098E-04   6.4130111E-05   3.3483326E-04
   1.5000000E-01   7.4303289E+06   4.6490857E+06   1.2074152E+07   5.6692031E-04   1.8336869E-04   3.5633911E-04
   2.0000000E-01   6.3268228E+06   3.4802252E+06   9.8021938E+06   3.7536686E-04   2.3585716E-04   3.0851671E-04
   2.5000000E-01   5.3860707E+06   2.7414885E+06   8.1231919E+06   3.1751254E-04   1.5199343E-04   2.6134605E-04
   3.0000000E-01   4.6447779E+06   2.2398193E+06   6.8805971E+06   6.0066239E-04   2.0454153E-04   4.6397659E-04
   3.5000000E-01   4.0278751E+06   1.8660599E+06   5.8909156E+06   5.7901448E-04   2.8933823E-04   3.9472488E-04
   4.0000000E-01   3.4957269E+06   1.5814908E+06   5.0745440E+06   2.8982497E-04   2.9633622E-04   1.1903952E-04
   4.5000000E-01   3.0506183E+06   1.3582637E+06   4.4065547E+06   6.7793384E-04   1.2184151E-04   5.0367627E-04
   5.0000000E-01   2.6746561E+06   1.1720870E+06   3.8451198E+06   3.1499507E-04   2.9984382E-04   3.0852962E-04
   5.5000000E-01   2.3432527E+06   1.0134524E+06   3.3551425E+06   5.0379418E-04   5.8889445E-04   5.1287703E-04
   6.0000000E-01   2.0509714E+06   8.8372374E+05   2.9334378E+06   5.9925369E-04   3.7031032E-04   5.2430250E-04
   6.5000000E-01   1.8030982E+06   7.6741086E+05   2.5694219E+06   1.1044837E-03   8.0929274E-04   1.0016867E-03
   7.0000000E-01   1.5664075E+06   6.6790054E+05   2.2333486E+06   1.1142102E-03   1.0523119E-03   1.0593155E-03
   7.5000000E-01   1.3542006E+06   5.7491434E+05   1.9283765E+06   1.6608857E-03   1.2588732E-03   1.5291213E-03
   8.0000000E-01   1.1611666E+06   4.9020120E+05   1.6508506E+06   1.7747505E-03   1.7368431E-03   1.7576318E-03
   8.5000000E-01   9.7437652E+05   4.0935775E+05   1.3833223E+06   2.6579087E-03   2.7879910E-03   2.6917066E-03
   9.0000000E-01   7.8605919E+05   3.3165768E+05   1.1174658E+06   3.9716543E-03   2.6390236E-03   3.5564689E-03
   9.5000000E-01   5.8697013E+05   2.4541692E+05   8.3222957E+05   5.5461907E-03   4.6226701E-03   5.2401070E-03
   1.0000000E+00   3.6608938E+05   1.5500198E+05   5.2107250E+05   1.0643586E-02   7.2135442E-03   9.6123285E-03
