   0.0000000E+00   2.4022154E+09   1.5382251E+09   3.8114237E+09   2.5965448E-03   2.9866052E-05   1.5991379E-03
   5.0000000E-02   1.3363095E+07   3.7680251E+06   1.7115841E+07   1.8554019E-01   3.4527407E-03   1.4547279E-01
   1.0000000E-01   5.8640639E+06   1.5607052E+06   7.4185302E+06   1.8990650E-01   2.2970197E-03   1.5050232E-01
   1.5000000E-01   3.4158471E+06   8.3204082E+05   4.2451292E+06   1.8802283E-01   1.6814056E-03   1.5153484E-01
   2.0000000E-01   2.2521220E+06   4.8266920E+05   2.7334225E+06   1.7685035E-01   1.5184054E-03   1.4592001E-01
   2.5000000E-01   1.6027157E+06   2.9749242E+05   1.8992787E+06   1.5862468E-01   1.4395680E-03   1.3402896E-01
   3.0000000E-01   1.2132487E+06   1.8335710E+05   1.3960753E+06   1.3506813E-01   1.4416663E-03   1.1753117E-01
   3.5000000E-01   9.5198302E+05   1.1450061E+05   1.0661198E+06   1.0951385E-01   1.6678917E-03   9.7951431E-02
   4.0000000E-01   7.8104493E+05   6.9813316E+04   8.5060359E+05   8.5678769E-02   2.0783332E-03   7.8822761E-02
   4.5000000E-01   6.5914197E+05   4.3502351E+04   7.0241796E+05   6.4405661E-02   1.7516129E-03   6.0530211E-02
   5.0000000E-01   5.6060101E+05   2.6031382E+04   5.8648597E+05   4.7509716E-02   1.4975913E-03   4.5470557E-02
   5.5000000E-01   4.8173597E+05   1.6204867E+04   4.9781930E+05   3.4941427E-02   2.7216908E-03   3.3883563E-02
   6.0000000E-01   4.1159060E+05   9.4538036E+03   4.2094360E+05   2.6008226E-02   3.9087965E-03   2.5508856E-02
   6.5000000E-01   3.4462187E+05   5.5287979E+03   3.5011149E+05   1.8963866E-02   3.7363480E-03   1.8726666E-02
   7.0000000E-01   2.8482823E+05   3.3286120E+03   2.8811592E+05   1.4564570E-02   4.3364613E-03   1.4448254E-02
   7.5000000E-01   2.2877144E+05   2.2281692E+03   2.3096141E+05   1.1513968E-02   4.8668743E-03   1.1449663E-02
   8.0000000E-01   1.7809040E+05   1.2374297E+03   1.7930794E+05   9.8386374E-03   8.6691171E-03   9.8283981E-03
   8.5000000E-01   1.3327073E+05   7.7517819E+02   1.3403468E+05   8.2475457E-03   8.2619417E-03   8.2466147E-03
   9.0000000E-01   9.2122418E+04   3.7136153E+02   9.2486706E+04   8.3557497E-03   1.5807537E-02   8.3862943E-03
   9.5000000E-01   5.4012162E+04   2.3119350E+02   5.4236654E+04   6.6300185E-03   1.0280193E-02   6.6390209E-03
   1.0000000E+00   2.1962596E+04   8.8026438E+01   2.2050623E+04   7.1847280E-03   1.1296552E-05   7.1560025E-03
