   0.0000000E+00   1.1856906E+09   5.1672288E+08   1.6792741E+09   4.5884206E-02   3.4402430E-06   3.1985738E-02
   5.0000000E-02   1.9534703E+08   9.8980687E+07   2.8879467E+08   2.3643829E-02   7.6484998E-06   1.5705592E-02
   1.0000000E-01   2.8209259E+07   1.6923454E+07   4.4871190E+07   1.6620558E-02   3.1865627E-05   1.0408643E-02
   1.5000000E-01   4.6936278E+06   3.3550711E+06   8.0370700E+06   1.5656738E-02   8.7324588E-05   9.1732951E-03
   2.0000000E-01   8.2797176E+05   6.9117809E+05   1.5187360E+06   1.4970150E-02   3.1996016E-04   8.3038835E-03
   2.5000000E-01   1.4881624E+05   1.4512384E+05   2.9391462E+05   2.0676451E-02   1.0996876E-03   1.1024119E-02
   3.0000000E-01   3.0112115E+04   3.2085637E+04   6.2197752E+04   3.0341066E-02   3.3752501E-03   1.6424624E-02
   3.5000000E-01   7.3575057E+03   7.8940852E+03   1.5251591E+04   6.7316085E-02   1.1009216E-02   3.8134319E-02
   4.0000000E-01   2.7215495E+03   2.0292255E+03   4.7507751E+03   1.2325037E-01   3.2439232E-02   8.4453379E-02
   4.5000000E-01   1.1671362E+03   6.5784043E+02   1.8249767E+03   1.3085293E-01   8.8970470E-02   1.1572976E-01
   5.0000000E-01   1.0631550E+03   2.7374650E+02   1.3369015E+03   1.5171553E-01   1.4571585E-01   1.5048454E-01
   5.5000000E-01   7.2921901E+02   1.7941103E+02   9.0863004E+02   1.3319383E-01   2.1537711E-01   1.4942077E-01
   6.0000000E-01   4.9338032E+02   1.3793428E+02   6.3131461E+02   1.1585879E-01   2.2127482E-01   1.3888623E-01
   6.5000000E-01   3.8197186E+02   9.7941503E+01   4.7991337E+02   9.4687188E-02   2.1099890E-01   1.1842415E-01
   7.0000000E-01   3.4104631E+02   1.1822939E+02   4.5927569E+02   1.0207194E-01   2.7604458E-01   1.4684266E-01
   7.5000000E-01   2.5464791E+02   8.0638504E+01   3.3528641E+02   6.5669700E-02   2.7418215E-01   1.1581423E-01
   8.0000000E-01   1.9098593E+02   5.5704230E+01   2.4669016E+02   6.0083318E-02   3.3229419E-01   1.2138134E-01
   8.5000000E-01   1.0485502E+02   3.7448222E+01   1.4230324E+02   4.9029273E-02   3.3097068E-01   1.2314356E-01
   9.0000000E-01   1.0256652E+02   1.7683883E+01   1.2025040E+02   3.2921655E-02   3.4110959E-01   7.8238492E-02
   9.5000000E-01   6.7012608E+01   3.3506304E+00   7.0363238E+01   3.0037588E-02   3.8539295E-01   4.6950777E-02
   1.0000000E+00   2.5150411E+01   0.0000000E+00   2.5150411E+01   1.8930484E-02   0.0000000E+00   1.8930484E-02
