   0.0000000E+00   2.3172613E+09   1.2665800E+09   3.4665149E+09   5.8803399E-02   3.3140164E-06   3.8095695E-02
   5.0000000E-02   1.1805267E+08   4.9604840E+07   1.6559257E+08   5.0612466E-02   2.7031378E-05   3.5662889E-02
   1.0000000E-01   1.7121889E+06   8.9827050E+05   2.6095363E+06   3.7875231E-02   4.6737250E-04   2.5012304E-02
   1.5000000E-01   3.6626858E+04   1.8907607E+04   5.5534465E+04   2.7952366E-02   1.1174484E-02   2.2171457E-02
   2.0000000E-01   1.1490987E+04   9.7084515E+02   1.2461832E+04   2.9376244E-03   9.0085037E-02   9.6608808E-03
   2.5000000E-01   1.1077184E+04   2.9284510E+02   1.1357297E+04   5.8876297E-04   2.3336285E-01   6.5780089E-03
   3.0000000E-01   1.0801315E+04   2.0159626E+02   1.1002912E+04   4.9961744E-04   2.7896362E-01   4.6332530E-03
   3.5000000E-01   1.1495534E+04   7.2756545E+01   1.1568291E+04   1.6232037E-03   2.6233650E-01   3.5108332E-04
   4.0000000E-01   1.1896832E+04   6.3661977E+01   1.1960494E+04   4.5505239E-04   3.1590896E-01   1.2952330E-03
   4.5000000E-01   1.1798686E+04   4.9514871E+01   1.1848201E+04   8.4701466E-04   3.6696981E-01   6.9099333E-04
   5.0000000E-01   1.2452283E+04   3.8197186E+01   1.2490480E+04   6.8540540E-04   4.1430082E-01   6.4692967E-04
   5.5000000E-01   1.2379361E+04   4.6299620E+01   1.2425660E+04   1.0309688E-03   3.7205481E-01   3.6297547E-04
   6.0000000E-01   1.3591832E+04   3.7136153E+01   1.3628968E+04   6.8554092E-04   4.2292974E-01   4.8356957E-04
   6.5000000E-01   1.3452265E+04   9.7941503E+00   1.3462060E+04   2.2304321E-04   4.0361270E-01   8.2480611E-05
   7.0000000E-01   1.4451269E+04   1.3641852E+01   1.4464911E+04   4.6853756E-04   4.4423637E-01   8.4294721E-05
   7.5000000E-01   1.4998762E+04   4.2441318E+00   1.5003006E+04   5.4754581E-04   6.4133148E-01   3.6795520E-04
   8.0000000E-01   1.6516304E+04   1.1936621E+01   1.6528241E+04   3.1545288E-04   5.1853455E-01   6.6996802E-05
   8.5000000E-01   1.8892628E+04   7.4896444E+00   1.8900118E+04   3.5838741E-04   5.8780047E-01   1.2551544E-04
   9.0000000E-01   2.2525730E+04   3.5367765E+00   2.2529266E+04   1.7208597E-04   7.1859759E-01   5.9290987E-05
   9.5000000E-01   3.3151137E+04   1.0051891E+01   3.3157838E+04   2.4286155E-04   6.7134850E-01   4.4749333E-05
   1.0000000E+00   3.5996525E+04   0.0000000E+00   3.5996525E+04   1.8796792E-04   0.0000000E+00   1.8796792E-04
