   0.0000000E+00   3.4562087E+08   1.9514637E+08   5.4044180E+08   8.8267730E-06   1.3373434E-05   9.1588296E-06
   5.0000000E-02   1.1272480E+08   5.5833209E+07   1.6829247E+08   1.9013907E-05   1.9509257E-05   1.7492959E-05
   1.0000000E-01   4.2184304E+07   2.0831281E+07   6.2950014E+07   2.8145806E-05   5.6349353E-05   3.7260923E-05
   1.5000000E-01   2.0009617E+07   9.8686675E+06   2.9855260E+07   5.0021289E-05   4.4338175E-05   4.8032807E-05
   2.0000000E-01   1.0377252E+07   5.1303118E+06   1.5499447E+07   1.0824205E-04   1.0411166E-04   1.0679846E-04
   2.5000000E-01   5.6357147E+06   2.7742871E+06   8.4066150E+06   1.5839127E-04   1.7805082E-04   1.6376778E-04
   3.0000000E-01   3.1282753E+06   1.5375853E+06   4.6648738E+06   3.0821054E-04   3.1843224E-04   3.1058370E-04
   3.5000000E-01   1.7792704E+06   8.7743484E+05   2.6563506E+06   5.0898282E-04   5.0766771E-04   5.0860890E-04
   4.0000000E-01   1.0155518E+06   4.9899849E+05   1.5143275E+06   6.1581763E-04   7.4897662E-04   6.5975577E-04
   4.5000000E-01   5.8457257E+05   2.8606863E+05   8.7057047E+05   1.0383093E-03   1.1846311E-03   1.0863268E-03
   5.0000000E-01   3.3945840E+05   1.6606227E+05   5.0550793E+05   1.7486357E-03   1.8699555E-03   1.7881514E-03
   5.5000000E-01   2.0009538E+05   9.7368100E+04   2.9745769E+05   2.5663225E-03   2.3225068E-03   2.4861618E-03
   6.0000000E-01   1.1694175E+05   5.6945639E+04   1.7388739E+05   3.8473470E-03   2.9932303E-03   3.5654862E-03
   6.5000000E-01   6.8328890E+04   3.3961216E+04   1.0229011E+05   6.0098211E-03   6.0523050E-03   6.0237359E-03
   7.0000000E-01   4.0411714E+04   1.9821611E+04   6.0233325E+04   8.7018241E-03   7.4884624E-03   8.3015736E-03
   7.5000000E-01   2.4233993E+04   1.1926010E+04   3.6160003E+04   1.3534037E-02   1.1689295E-02   1.2923983E-02
   8.0000000E-01   1.4025529E+04   7.0744372E+03   2.1099967E+04   1.4880570E-02   1.9908947E-02   1.6533573E-02
   8.5000000E-01   8.1374986E+03   4.0556424E+03   1.2193141E+04   1.8801232E-02   2.7016293E-02   2.1532542E-02
   9.0000000E-01   4.5553681E+03   2.2493899E+03   6.8047580E+03   4.5695981E-02   3.2954146E-02   4.1475628E-02
   9.5000000E-01   2.0840921E+03   1.0889549E+03   3.1730470E+03   6.1655777E-02   4.9713494E-02   5.7550705E-02
   1.0000000E+00   8.9912718E+02   3.8354376E+02   1.2826709E+03   6.7164990E-02   9.7313476E-02   7.6153363E-02
