   0.0000000E+00   1.7436252E+07   4.4813958E+07   6.2234930E+07   7.4243081E-02   8.3725767E-05   2.0732605E-02
   5.0000000E-02   9.5971067E+06   1.1103795E+07   2.0686005E+07   4.6268114E-02   2.6877217E-04   2.1588733E-02
   1.0000000E-01   7.0943316E+06   6.1144146E+06   1.3199452E+07   2.6505417E-02   3.0691799E-04   1.4375516E-02
   1.5000000E-01   5.9106538E+06   4.2735012E+06   1.0174075E+07   1.7150608E-02   4.0307720E-04   1.0124560E-02
   2.0000000E-01   5.1465297E+06   3.2865655E+06   8.4238324E+06   1.3353836E-02   8.1632260E-04   8.4696871E-03
   2.5000000E-01   4.5708281E+06   2.6377449E+06   7.2004243E+06   1.1483473E-02   1.0362971E-03   7.6492172E-03
   3.0000000E-01   4.0940699E+06   2.1882638E+06   6.2744820E+06   9.9740576E-03   1.1583767E-03   6.9042826E-03
   3.5000000E-01   3.6938589E+06   1.8600757E+06   5.5461405E+06   9.1504738E-03   1.3269610E-03   6.5305536E-03
   4.0000000E-01   3.3373996E+06   1.5954010E+06   4.9258614E+06   9.3202141E-03   1.4176268E-03   6.7473544E-03
   4.5000000E-01   3.0238803E+06   1.3763154E+06   4.3941831E+06   9.7190276E-03   1.9980724E-03   7.2878245E-03
   5.0000000E-01   2.7291508E+06   1.2027403E+06   3.9273456E+06   9.8228048E-03   2.2136735E-03   7.4855198E-03
   5.5000000E-01   2.4661203E+06   1.0511287E+06   3.5129258E+06   1.0507914E-02   2.6624034E-03   8.1640569E-03
   6.0000000E-01   2.2169594E+06   9.2057872E+05   3.1339253E+06   1.1658942E-02   3.0269278E-03   9.1316349E-03
   6.5000000E-01   1.9888589E+06   8.1197914E+05   2.7977039E+06   1.2364592E-02   3.6575987E-03   9.8366253E-03
   7.0000000E-01   1.7745685E+06   7.0303740E+05   2.4746729E+06   1.3606259E-02   4.7478180E-03   1.1093656E-02
   7.5000000E-01   1.5663138E+06   6.1100644E+05   2.1750115E+06   1.5763586E-02   5.3731934E-03   1.2853957E-02
   8.0000000E-01   1.3602734E+06   5.2377096E+05   1.8821465E+06   1.8089988E-02   6.3982963E-03   1.4846681E-02
   8.5000000E-01   1.1668229E+06   4.4265671E+05   1.6080229E+06   2.0759236E-02   8.5773724E-03   1.7416103E-02
   9.0000000E-01   9.6278130E+05   3.5726394E+05   1.3191929E+06   2.5005840E-02   9.4380266E-03   2.0785574E-02
   9.5000000E-01   7.2910722E+05   2.6605010E+05   9.9452406E+05   3.1782153E-02   1.4411187E-02   2.7146955E-02
   1.0000000E+00   4.2479044E+05   1.5414058E+05   5.7883042E+05   4.5140518E-02   2.0528592E-02   3.8587985E-02
