   0.0000000E+00   1.3740648E+08   1.3337897E+08   2.7055322E+08   1.1164553E-05   1.1303128E-05   9.6048567E-06
   5.0000000E-02   7.6294742E+07   4.3005575E+07   1.1895215E+08   4.6145875E-06   8.6075107E-06   5.6993186E-06
   1.0000000E-01   3.8007887E+07   1.8122878E+07   5.5996630E+07   5.2697410E-06   4.3756989E-06   4.4112184E-06
   1.5000000E-01   2.0997524E+07   9.6893317E+06   3.0617358E+07   1.2436820E-05   6.9268672E-06   1.0373499E-05
   2.0000000E-01   1.2360673E+07   5.6639265E+06   1.7993167E+07   2.2621104E-05   3.0360458E-05   2.4756499E-05
   2.5000000E-01   7.5470510E+06   3.4524909E+06   1.0986160E+07   2.1414097E-05   2.6893715E-05   2.2239469E-05
   3.0000000E-01   4.7364405E+06   2.1589368E+06   6.8885442E+06   2.5516246E-05   2.9303253E-05   2.6763089E-05
   3.5000000E-01   3.0055456E+06   1.3743166E+06   4.3769792E+06   5.4475248E-05   5.8630797E-05   5.2516765E-05
   4.0000000E-01   1.9341702E+06   8.8173430E+05   2.8142891E+06   6.5183645E-05   8.6767435E-05   7.1567516E-05
   4.5000000E-01   1.2548907E+06   5.7388443E+05   1.8279051E+06   1.2434747E-04   2.0521985E-05   9.1799498E-05
   5.0000000E-01   8.2111218E+05   3.7821581E+05   1.1990160E+06   1.9908605E-04   3.1743858E-04   2.1615853E-04
   5.5000000E-01   5.3782217E+05   2.4488448E+05   7.8250987E+05   1.7867450E-04   3.1486390E-05   1.1298010E-04
   6.0000000E-01   3.5483595E+05   1.6097461E+05   5.1573629E+05   2.3097177E-04   1.3508430E-04   1.5547878E-04
   6.5000000E-01   2.3432015E+05   1.0682480E+05   3.4108129E+05   3.9288606E-04   6.6124630E-04   4.0179936E-04
   7.0000000E-01   1.5648569E+05   7.0851233E+04   2.2731873E+05   7.2644463E-04   6.5906407E-04   6.8166698E-04
   7.5000000E-01   1.0223689E+05   4.6732135E+04   1.4895629E+05   3.0648450E-04   1.0348754E-03   5.3502887E-04
   8.0000000E-01   6.7322541E+04   3.0720883E+04   9.8039445E+04   1.1311162E-03   1.6287247E-03   9.7975784E-04
   8.5000000E-01   4.4346184E+04   1.9929944E+04   6.4272383E+04   1.6371415E-03   2.3847671E-03   1.8183330E-03
   9.0000000E-01   2.6943163E+04   1.1989672E+04   3.8932836E+04   2.7294312E-03   2.0096636E-03   2.5077613E-03
   9.5000000E-01   1.4652307E+04   6.5806381E+03   2.1232945E+04   4.0798949E-03   3.8437296E-03   3.9794070E-03
   1.0000000E+00   7.0106770E+03   3.5021947E+03   1.0512872E+04   6.2958510E-03   1.2368113E-02   8.0772419E-03
