   0.0000000E+00   9.8358264E+07   2.7719342E+08   3.7484427E+08   5.6135715E-02   3.3443814E-06   1.4678842E-02
   5.0000000E-02   1.8943576E+07   2.0683394E+07   3.9547775E+07   1.0109038E-01   3.9026072E-05   4.8333322E-02
   1.0000000E-01   1.0697568E+07   9.8785245E+06   2.0542033E+07   7.3821607E-02   4.4213634E-05   3.8407796E-02
   1.5000000E-01   7.6741755E+06   6.1292054E+06   1.3777852E+07   5.6500249E-02   8.0945443E-05   3.1455997E-02
   2.0000000E-01   6.0550498E+06   4.1709895E+06   1.0207355E+07   4.4826941E-02   7.7847386E-05   2.6562739E-02
   2.5000000E-01   4.9883616E+06   2.9891972E+06   7.9630184E+06   3.6982166E-02   1.1998841E-04   2.3178455E-02
   3.0000000E-01   4.2410867E+06   2.2330818E+06   6.4632292E+06   3.1726003E-02   1.8309823E-04   2.0870738E-02
   3.5000000E-01   3.6828181E+06   1.6959005E+06   5.3698878E+06   2.7542041E-02   1.2751482E-04   1.8910273E-02
   4.0000000E-01   3.2330735E+06   1.3075136E+06   4.5333137E+06   2.3959088E-02   1.6277120E-04   1.7108217E-02
   4.5000000E-01   2.8411916E+06   1.0185492E+06   3.8535090E+06   2.1461614E-02   1.6668458E-04   1.5842311E-02
   5.0000000E-01   2.5295068E+06   7.9611212E+05   3.3218310E+06   1.9780425E-02   2.2027470E-04   1.5096481E-02
   5.5000000E-01   2.2421170E+06   6.2562940E+05   2.8637299E+06   1.7864945E-02   2.0543274E-04   1.4011066E-02
   6.0000000E-01   1.9875322E+06   4.9545995E+05   2.4801115E+06   1.7446590E-02   3.8578428E-04   1.4039897E-02
   6.5000000E-01   1.7431433E+06   3.8799037E+05   2.1290573E+06   1.6615843E-02   4.0573825E-04   1.3658467E-02
   7.0000000E-01   1.5260231E+06   3.0760103E+05   1.8316187E+06   1.5893611E-02   5.1736412E-04   1.3323088E-02
   7.5000000E-01   1.3142124E+06   2.3716633E+05   1.5498339E+06   1.5982104E-02   5.2065919E-04   1.3631325E-02
   8.0000000E-01   1.1096521E+06   1.8506935E+05   1.2934880E+06   1.6454533E-02   4.6367182E-04   1.4163661E-02
   8.5000000E-01   9.1534689E+05   1.4003388E+05   1.0545644E+06   1.7692548E-02   9.7081960E-04   1.5490787E-02
   9.0000000E-01   7.2150241E+05   1.0219516E+05   8.2327315E+05   1.9607052E-02   8.6723014E-04   1.7283200E-02
   9.5000000E-01   5.1065282E+05   6.5937055E+04   5.7628162E+05   2.2395358E-02   1.1680386E-03   1.9974578E-02
   1.0000000E+00   2.7010912E+05   3.2777273E+04   3.0284867E+05   2.8965859E-02   1.6335495E-03   2.6022706E-02
