   0.0000000E+00   2.9426094E+07   1.3037515E+08   1.5972128E+08   7.4163067E-02   1.2280925E-05   1.3661365E-02
   5.0000000E-02   1.2068783E+07   2.2371965E+07   3.4396503E+07   5.7793787E-02   4.1568636E-05   2.0267570E-02
   1.0000000E-01   8.2387193E+06   1.0899440E+07   1.9111485E+07   3.2406767E-02   2.6634357E-05   1.3970844E-02
   1.5000000E-01   6.6218006E+06   6.7626209E+06   1.3363816E+07   2.1683516E-02   5.9940864E-05   1.0752797E-02
   2.0000000E-01   5.6866857E+06   4.6082200E+06   1.0279165E+07   1.6006524E-02   6.9296085E-05   8.8673694E-03
   2.5000000E-01   4.9733755E+06   3.3180623E+06   8.2783616E+06   1.2283430E-02   5.6401978E-05   7.4003564E-03
   3.0000000E-01   4.4283696E+06   2.4629758E+06   6.8814247E+06   9.9926680E-03   1.3599541E-04   6.4739691E-03
   3.5000000E-01   3.9597204E+06   1.8721350E+06   5.8234430E+06   8.9416600E-03   1.1534402E-04   6.1053215E-03
   4.0000000E-01   3.5309320E+06   1.4443232E+06   4.9679499E+06   7.9489478E-03   1.2637134E-04   5.6703064E-03
   4.5000000E-01   3.1647925E+06   1.1188875E+06   4.2774270E+06   7.1392755E-03   2.5755171E-04   5.3441763E-03
   5.0000000E-01   2.8117013E+06   8.7356329E+05   3.6811838E+06   6.7575692E-03   2.3744109E-04   5.2099725E-03
   5.5000000E-01   2.4943573E+06   6.8949973E+05   3.1800952E+06   6.4411912E-03   1.8918020E-04   5.0862786E-03
   6.0000000E-01   2.2005877E+06   5.4148225E+05   2.7389080E+06   6.2502270E-03   3.9720596E-04   5.0946251E-03
   6.5000000E-01   1.9266122E+06   4.2699068E+05   2.3510515E+06   6.2286106E-03   4.5493943E-04   5.1955414E-03
   7.0000000E-01   1.6608091E+06   3.3858623E+05   1.9975946E+06   6.4042312E-03   4.1068561E-04   5.3962134E-03
   7.5000000E-01   1.4190170E+06   2.6596276E+05   1.6834306E+06   6.8118122E-03   6.3272103E-04   5.8357941E-03
   8.0000000E-01   1.1882707E+06   2.0689745E+05   1.3940899E+06   7.0629548E-03   7.4868660E-04   6.1249057E-03
   8.5000000E-01   9.6189128E+05   1.5566477E+05   1.1167921E+06   8.5383856E-03   9.1049328E-04   7.4727495E-03
   9.0000000E-01   7.4951014E+05   1.1437582E+05   8.6344740E+05   9.3635425E-03   8.1938313E-04   8.2302554E-03
   9.5000000E-01   5.2693689E+05   7.6283802E+04   6.0295599E+05   1.2362497E-02   2.0217685E-03   1.1049827E-02
   1.0000000E+00   2.8837461E+05   4.0039454E+04   3.2837005E+05   1.7246137E-02   2.5921383E-03   1.5461417E-02
