   0.0000000E+00   1.5264558E+09   1.1393941E+09   2.6040993E+09   4.6659299E-03   5.8548679E-05   2.7020087E-03
   5.0000000E-02   1.7094769E+07   5.4331678E+06   2.2501453E+07   1.6687754E-01   4.6842536E-03   1.2773871E-01
   1.0000000E-01   8.5114154E+06   2.6731664E+06   1.1172582E+07   1.6388209E-01   4.3540715E-03   1.2575984E-01
   1.5000000E-01   5.5975430E+06   1.7202103E+06   7.3070581E+06   1.6281253E-01   4.6195622E-03   1.2565115E-01
   2.0000000E-01   4.0977146E+06   1.2449259E+06   5.3349214E+06   1.6440433E-01   4.5375702E-03   1.2720216E-01
   2.5000000E-01   3.1791646E+06   9.6249270E+05   4.1368062E+06   1.6542755E-01   4.4308431E-03   1.2804343E-01
   3.0000000E-01   2.5553281E+06   7.6761490E+05   3.3193037E+06   1.6705463E-01   4.6227709E-03   1.2954161E-01
   3.5000000E-01   2.1071114E+06   6.2814363E+05   2.7317900E+06   1.6957026E-01   4.9097245E-03   1.3178198E-01
   4.0000000E-01   1.7586780E+06   5.1575751E+05   2.2719368E+06   1.7261697E-01   5.3246660E-03   1.3472350E-01
   4.5000000E-01   1.4915294E+06   4.3776098E+05   1.9271612E+06   1.7676264E-01   5.4221306E-03   1.3792498E-01
   5.0000000E-01   1.2685031E+06   3.6835457E+05   1.6355399E+06   1.8104836E-01   5.5497230E-03   1.4155973E-01
   5.5000000E-01   1.0911026E+06   3.1411977E+05   1.4038681E+06   1.8547168E-01   6.0036432E-03   1.4537715E-01
   6.0000000E-01   9.3180445E+05   2.6803284E+05   1.1987338E+06   1.9096148E-01   6.2137727E-03   1.4970551E-01
   6.5000000E-01   8.0169038E+05   2.2769441E+05   1.0285572E+06   1.9652958E-01   7.1636764E-03   1.5467942E-01
   7.0000000E-01   6.7950066E+05   1.9385072E+05   8.7264655E+05   2.0381235E-01   7.2083219E-03   1.6017812E-01
   7.5000000E-01   5.7687088E+05   1.6184572E+05   7.3816063E+05   2.1160049E-01   7.6593630E-03   1.6696118E-01
   8.0000000E-01   4.8097817E+05   1.3271135E+05   6.1331551E+05   2.2096022E-01   8.7034085E-03   1.7506731E-01
   8.5000000E-01   3.8873127E+05   1.0711315E+05   4.9563471E+05   2.3123276E-01   9.1493082E-03   1.8325424E-01
   9.0000000E-01   3.0123787E+05   8.2523606E+04   3.8364476E+05   2.4276678E-01   9.4831231E-03   1.9259997E-01
   9.5000000E-01   2.0407349E+05   5.4772755E+04   2.5877253E+05   2.5870297E-01   9.8325025E-03   2.0606706E-01
   1.0000000E+00   9.3829895E+04   2.4477637E+04   1.1830753E+05   2.7070527E-01   1.1451358E-02   2.1702487E-01
