   0.0000000E+00   1.4310958E+08   7.2642390E+07   2.1570104E+08   6.2551739E-04   8.5850405E-04   7.0272574E-04
   5.0000000E-02   4.8696447E+07   2.4388140E+07   7.3038623E+07   1.3707735E-04   1.2993449E-04   1.0550609E-04
   1.0000000E-01   2.3056235E+07   1.1618088E+07   3.4656816E+07   1.3692765E-04   2.9924149E-05   9.6823770E-05
   1.5000000E-01   1.4066496E+07   7.0323991E+06   2.1085950E+07   3.3988027E-05   8.6720458E-05   2.4504090E-05
   2.0000000E-01   9.4967595E+06   4.7519528E+06   1.4240866E+07   2.1065833E-05   2.3248914E-04   9.2266919E-05
   2.5000000E-01   6.7764100E+06   3.3890963E+06   1.0161114E+07   1.4284957E-04   1.2776163E-04   7.8102617E-05
   3.0000000E-01   4.9961708E+06   2.5195713E+06   7.5126438E+06   7.5044026E-05   2.1163638E-04   8.1098057E-05
   3.5000000E-01   3.7878422E+06   1.8949442E+06   5.6807765E+06   9.8725334E-06   3.0425156E-04   9.9240985E-05
   4.0000000E-01   2.9122649E+06   1.4618939E+06   4.3726149E+06   1.1658421E-04   1.6811435E-04   1.3307881E-04
   4.5000000E-01   2.2665291E+06   1.1386581E+06   3.4043879E+06   3.3039093E-04   2.3016402E-04   1.5461804E-04
   5.0000000E-01   1.7828919E+06   8.9408154E+05   2.6763941E+06   1.3742264E-04   5.1338313E-04   1.2700434E-04
   5.5000000E-01   1.4082492E+06   7.0637015E+05   2.1141680E+06   1.9764592E-04   1.9539383E-04   1.7996268E-04
   6.0000000E-01   1.1200741E+06   5.5789113E+05   1.6776098E+06   3.5119110E-04   5.2893610E-04   1.1903967E-04
   6.5000000E-01   8.8977897E+05   4.4578565E+05   1.3353443E+06   4.8991798E-04   6.3396063E-04   2.2842722E-04
   7.0000000E-01   7.0537926E+05   3.5525202E+05   1.0604721E+06   6.4926036E-04   6.4363227E-05   4.5370773E-04
   7.5000000E-01   5.5863385E+05   2.7869516E+05   8.3721442E+05   4.9079620E-04   9.6590688E-05   3.4173502E-04
   8.0000000E-01   4.3057380E+05   2.1647062E+05   6.4699667E+05   5.9022647E-04   2.6351466E-04   4.6776561E-04
   8.5000000E-01   3.2830107E+05   1.6489201E+05   4.9315563E+05   6.6417246E-04   4.5541095E-04   5.8838406E-04
   9.0000000E-01   2.3676597E+05   1.1683388E+05   3.5358216E+05   1.7421396E-03   1.3017983E-03   1.5960810E-03
   9.5000000E-01   1.5019871E+05   7.4819576E+04   2.2501158E+05   2.0457207E-03   2.1322207E-03   2.0072291E-03
   1.0000000E+00   7.3370036E+04   3.7040267E+04   1.1041030E+05   2.0860494E-03   5.3311974E-03   3.1735878E-03
