   0.0000000E+00   2.8170761E+09   1.5452993E+09   4.2017424E+09   2.5828983E-03   8.2484342E-09   1.6808508E-03
   5.0000000E-02   1.4348837E+07   3.7835586E+06   1.8117307E+07   2.0209892E-01   3.7607670E-07   1.5991464E-01
   1.0000000E-01   5.7548199E+06   1.5137227E+06   7.2633541E+06   2.2436277E-01   4.4310133E-06   1.7764080E-01
   1.5000000E-01   2.9887601E+06   8.0829490E+05   3.7946146E+06   2.4322185E-01   3.5272522E-06   1.9146611E-01
   2.0000000E-01   1.7011594E+06   4.5634497E+05   2.1565654E+06   2.5979325E-01   5.3536414E-06   2.0485525E-01
   2.5000000E-01   1.0018740E+06   2.7462504E+05   1.2760279E+06   2.7171948E-01   2.5348018E-05   2.1329537E-01
   3.0000000E-01   6.0378080E+05   1.6273062E+05   7.6628861E+05   2.8135250E-01   7.7549127E-06   2.2161939E-01
   3.5000000E-01   3.6873017E+05   9.7248218E+04   4.6591473E+05   2.8907474E-01   2.8016858E-06   2.2874450E-01
   4.0000000E-01   2.2257819E+05   5.7717540E+04   2.8024798E+05   2.9534339E-01   3.1885844E-06   2.3450588E-01
   4.5000000E-01   1.3468752E+05   3.3938907E+04   1.6861228E+05   2.9377237E-01   8.7839836E-05   2.3468310E-01
   5.0000000E-01   8.1786542E+04   1.9200452E+04   1.0097426E+05   2.9160662E-01   8.1008991E-06   2.3617213E-01
   5.5000000E-01   5.0871707E+04   1.1256595E+04   6.2128302E+04   2.8710898E-01   8.6263425E-06   2.3508815E-01
   6.0000000E-01   3.1035214E+04   6.4616907E+03   3.7496905E+04   2.7786445E-01   4.8859299E-05   2.2998961E-01
   6.5000000E-01   2.1072114E+04   3.8099245E+03   2.4882039E+04   2.5650269E-01   1.5709880E-06   2.1722737E-01
   7.0000000E-01   1.3437224E+04   2.0599197E+03   1.5497144E+04   2.4264886E-01   2.8925271E-04   2.1043372E-01
   7.5000000E-01   9.6808647E+03   1.0822536E+03   1.0763118E+04   2.0741319E-01   8.1312750E-06   1.8655658E-01
   8.0000000E-01   7.3927471E+03   7.3609161E+02   8.1288387E+03   1.6988913E-01   1.9053450E-03   1.5467767E-01
   8.5000000E-01   5.7670262E+03   3.8197186E+02   6.1489980E+03   1.2564720E-01   5.7481879E-05   1.1784564E-01
   9.0000000E-01   4.4810958E+03   2.1574337E+02   4.6968392E+03   1.0336191E-01   4.0610080E-06   9.8614294E-02
   9.5000000E-01   3.2903190E+03   1.5747963E+02   3.4477987E+03   7.5672253E-02   1.7009317E-05   7.2216507E-02
   1.0000000E+00   1.6159139E+03   2.5150411E+01   1.6410643E+03   5.6970381E-02   1.6215791E-05   5.6097520E-02
