   0.0000000E+00   1.7438289E+06   1.2722459E+09   1.2714784E+09   1.7656488E-03   3.8679820E-05   4.0560105E-05
   5.0000000E-02   1.7635004E+06   3.6948839E+07   3.8689930E+07   1.5239844E-04   6.2499813E-04   6.0068941E-04
   1.0000000E-01   1.7267038E+06   5.5242681E+06   7.2481389E+06   1.4523426E-04   1.5806942E-03   1.1698000E-03
   1.5000000E-01   1.7114886E+06   1.0986147E+06   2.8094031E+06   1.3084697E-05   4.2869055E-03   1.6660553E-03
   2.0000000E-01   1.7165497E+06   2.0169706E+05   1.9178489E+06   7.1662851E-05   1.3059915E-02   1.3480643E-03
   2.5000000E-01   1.7468719E+06   3.3829975E+04   1.7804472E+06   1.0794087E-04   5.5630216E-02   9.5187229E-04
   3.0000000E-01   1.7933473E+06   7.0134278E+03   1.7998833E+06   7.2152151E-05   1.6595628E-01   6.0185135E-04
   3.5000000E-01   1.8506173E+06   3.1921934E+03   1.8532911E+06   3.0491545E-05   3.1674213E-01   5.2242617E-04
   4.0000000E-01   1.9205307E+06   1.9098593E+03   1.9219153E+06   5.2571636E-05   3.7744842E-01   3.7825340E-04
   4.5000000E-01   2.0123763E+06   1.2237247E+03   2.0129068E+06   3.9327254E-05   4.0723507E-01   2.1084523E-04
   5.0000000E-01   2.1364132E+06   8.5943669E+02   2.1362413E+06   4.0048487E-05   4.6863998E-01   1.5294490E-04
   5.5000000E-01   2.3204675E+06   6.2504487E+02   2.3198193E+06   3.3080941E-05   4.4262331E-01   1.1920067E-04
   6.0000000E-01   2.5756204E+06   5.4643197E+02   2.5744426E+06   5.2458175E-05   5.0829089E-01   5.6650745E-05
   6.5000000E-01   2.9624024E+06   4.1135431E+02   2.9607374E+06   3.6806361E-05   5.3226777E-01   3.7448940E-05
   7.0000000E-01   3.5139956E+06   2.8193161E+02   3.5101941E+06   6.2448431E-05   5.6561151E-01   1.7671733E-05
   7.5000000E-01   4.2072418E+06   2.2918312E+02   4.2012618E+06   5.2055183E-05   6.0115280E-01   1.8834555E-05
   8.0000000E-01   5.0463218E+06   1.9894368E+02   5.0375364E+06   5.5988236E-05   6.6266026E-01   3.0555915E-05
   8.5000000E-01   1.6282375E+06   1.4979289E+02   1.6274098E+06   1.4811454E-05   6.7217470E-01   6.4378775E-05
   9.0000000E-01   1.6316918E+05   7.0735530E+01   1.6322931E+05   7.8014934E-04   7.2681638E-01   1.0945874E-03
   9.5000000E-01   3.3563265E+04   3.0155673E+01   3.3590070E+04   3.0507462E-03   7.4286892E-01   3.7029660E-03
   1.0000000E+00   5.4765019E+03   0.0000000E+00   5.4765019E+03   1.2543120E-02   0.0000000E+00   1.2543120E-02
