   0.0000000E+00   2.5952956E+09   1.2710450E+09   3.8272027E+09   2.6420316E-03   2.6686182E-05   1.7832802E-03
   5.0000000E-02   9.0729458E+07   5.0739551E+07   1.4103248E+08   4.3561356E-03   6.3916091E-04   3.0160344E-03
   1.0000000E-01   1.2583745E+06   6.6459921E+05   1.9229100E+06   8.6911201E-02   2.4313006E-02   6.5271365E-02
   1.5000000E-01   2.2595758E+05   6.5932588E+04   2.9186894E+05   1.7193478E-01   1.2155428E-01   1.6055304E-01
   2.0000000E-01   1.0128621E+05   2.9968876E+04   1.3125508E+05   1.5231384E-01   1.6202314E-01   1.5453070E-01
   2.5000000E-01   5.7053864E+04   1.6641241E+04   7.3695105E+04   1.2160682E-01   1.9390343E-01   1.3793167E-01
   3.0000000E-01   3.6022069E+04   1.0122254E+04   4.6144323E+04   8.7202422E-02   2.2384644E-01   1.1717668E-01
   3.5000000E-01   2.4491672E+04   7.4666405E+03   3.1958313E+04   5.4727539E-02   2.5037590E-01   1.0043806E-01
   4.0000000E-01   1.7284227E+04   4.6314088E+03   2.1915636E+04   1.9528916E-02   2.7573906E-01   7.3661674E-02
   4.5000000E-01   1.3128514E+04   3.2821286E+03   1.6410643E+04   1.2841848E-02   3.0259337E-01   5.0280423E-02
   5.0000000E-01   1.0402367E+04   2.5337467E+03   1.2936114E+04   3.4029031E-02   3.2813208E-01   3.6960765E-02
   5.5000000E-01   9.2020494E+03   1.9677338E+03   1.1169783E+04   5.6234123E-02   3.4913444E-01   1.5178259E-02
   6.0000000E-01   7.3476532E+03   1.4589203E+03   8.8065735E+03   7.1223959E-02   3.7220384E-01   2.2668077E-03
   6.5000000E-01   6.7187871E+03   1.1899893E+03   7.9087764E+03   8.5100919E-02   4.0592327E-01   1.1373184E-02
   7.0000000E-01   6.1433808E+03   8.4124756E+02   6.9846284E+03   9.6711367E-02   4.2595910E-01   3.3760451E-02
   7.5000000E-01   5.5683009E+03   5.9842259E+02   6.1667235E+03   1.0109489E-01   4.7097165E-01   4.5582889E-02
   8.0000000E-01   4.9656342E+03   4.4961271E+02   5.4152469E+03   1.0671425E-01   4.9011636E-01   5.7161445E-02
   8.5000000E-01   4.0856010E+03   3.6699257E+02   4.4525936E+03   1.1434932E-01   5.2565225E-01   6.1599243E-02
   9.0000000E-01   3.7312992E+03   2.8294212E+02   4.0142413E+03   1.1997549E-01   5.6189700E-01   7.1914257E-02
   9.5000000E-01   2.8111789E+03   1.3402522E+02   2.9452041E+03   1.4527805E-01   6.0465242E-01   1.1115286E-01
   1.0000000E+00   1.3769850E+03   7.5451232E+01   1.4524362E+03   2.0318505E-01   6.3798072E-01   1.5949231E-01
