   0.0000000E+00   3.2393042E+09   1.6630525E+09   4.6885177E+09   1.2141512E-05   3.9951445E-08   8.0998271E-06
   5.0000000E-02   9.1736909E+04   2.4064227E+04   1.1580114E+05   1.8899454E-01   1.1052021E-03   1.4994991E-01
   1.0000000E-01   4.5518314E+04   1.1713804E+04   5.7232118E+04   1.9138900E-01   3.7117516E-07   1.5221698E-01
   1.5000000E-01   2.8329580E+04   5.8569019E+03   3.4186482E+04   2.0041815E-01   9.5308357E-07   1.6608224E-01
   2.0000000E-01   2.0180847E+04   5.0452117E+03   2.5226058E+04   2.1600734E-01   1.9314266E-06   1.7280626E-01
   2.5000000E-01   1.4094762E+04   3.3995496E+03   1.7494311E+04   2.1475675E-01   2.3851894E-03   1.7348804E-01
   3.0000000E-01   1.1575870E+04   2.6207514E+03   1.4196621E+04   2.3987131E-01   1.6866833E-03   1.9590150E-01
   3.5000000E-01   9.4856346E+03   2.4009660E+03   1.1886601E+04   2.4764452E-01   3.4299798E-06   1.9762229E-01
   4.0000000E-01   7.4245781E+03   1.7984509E+03   9.2230290E+03   2.5829344E-01   2.8229112E-05   2.0792183E-01
   4.5000000E-01   5.8993432E+03   1.6056965E+03   7.5050398E+03   2.6523668E-01   7.5895398E-06   2.0848790E-01
   5.0000000E-01   4.6791553E+03   1.2796057E+03   5.9587611E+03   2.8012346E-01   3.2727215E-06   2.1996804E-01
   5.5000000E-01   4.3695266E+03   1.1169783E+03   5.4865049E+03   2.8084430E-01   3.8137321E-06   2.2366742E-01
   6.0000000E-01   3.5703759E+03   1.0345071E+03   4.6048830E+03   2.9512874E-01   7.0086035E-05   2.2881103E-01
   6.5000000E-01   2.9137597E+03   7.1497298E+02   3.6287327E+03   3.0835060E-01   3.6415266E-05   2.4760314E-01
   7.0000000E-01   2.5146481E+03   6.0933607E+02   3.1239842E+03   3.2106954E-01   1.4028127E-05   2.5844736E-01
   7.5000000E-01   1.8843945E+03   6.0266672E+02   2.4870612E+03   3.3240230E-01   1.1420208E-05   2.5185707E-01
   8.0000000E-01   1.5835917E+03   3.8992961E+02   1.9735213E+03   3.4244971E-01   3.2271472E-06   2.7478764E-01
   8.5000000E-01   1.2545154E+03   3.7448222E+02   1.6289977E+03   3.6348979E-01   3.2164483E-06   2.7992966E-01
   9.0000000E-01   9.3017222E+02   2.5464791E+02   1.1848201E+03   3.7450360E-01   5.6520913E-06   2.9401206E-01
   9.5000000E-01   5.2269834E+02   1.2062269E+02   6.4332103E+02   3.9523623E-01   7.2285933E-05   3.2114299E-01
   1.0000000E+00   2.0749089E+02   4.4013219E+01   2.5150411E+02   3.8377703E-01   1.0775806E-06   3.1661586E-01
