   0.0000000E+00   8.2196373E+08   1.1328924E+09   1.9257285E+09   1.6272388E-02   9.5633921E-07   6.8282077E-03
   5.0000000E-02   2.9786675E+07   1.8015385E+07   4.7678747E+07   1.6433529E-01   1.5685838E-05   1.0239048E-01
   1.0000000E-01   1.3074992E+07   7.1745457E+06   2.0207235E+07   1.5487433E-01   3.6998101E-05   1.0001012E-01
   1.5000000E-01   7.5899083E+06   3.6083396E+06   1.1178025E+07   1.4119810E-01   4.5920514E-05   9.5735099E-02
   2.0000000E-01   5.0132375E+06   1.9933361E+06   6.9964354E+06   1.2416245E-01   4.3412151E-05   8.8866946E-02
   2.5000000E-01   3.6347297E+06   1.1386454E+06   4.7678874E+06   1.0334651E-01   5.8349358E-05   7.8720362E-02
   3.0000000E-01   2.8291807E+06   6.6862053E+05   3.4938542E+06   8.1573327E-02   1.3380517E-04   6.6021946E-02
   3.5000000E-01   2.3340391E+06   3.9302176E+05   2.7247326E+06   6.2285763E-02   7.3375304E-05   5.3323822E-02
   4.0000000E-01   2.0154984E+06   2.3281185E+05   2.2463845E+06   4.6860894E-02   1.7068027E-04   4.2031691E-02
   4.5000000E-01   1.7913207E+06   1.3855676E+05   1.9283708E+06   3.3108302E-02   4.9761612E-05   3.0740239E-02
   5.0000000E-01   1.6453629E+06   8.4065641E+04   1.7282508E+06   2.4068806E-02   8.8540062E-05   2.2907493E-02
   5.5000000E-01   1.5129558E+06   5.1820849E+04   1.5636944E+06   1.7343846E-02   2.8519987E-04   1.6785921E-02
   6.0000000E-01   1.3968976E+06   3.1873430E+04   1.4276198E+06   1.2584650E-02   4.7400805E-04   1.2317819E-02
   6.5000000E-01   1.2768242E+06   1.9798875E+04   1.2957416E+06   9.1791742E-03   1.7012331E-04   9.0454503E-03
   7.0000000E-01   1.1420777E+06   1.2632355E+04   1.1538870E+06   7.0655388E-03   3.1939323E-04   6.9970464E-03
   7.5000000E-01   9.9264301E+05   7.8346673E+03   9.9984955E+05   5.5040307E-03   5.9850581E-04   5.4707956E-03
   8.0000000E-01   8.2799165E+05   5.1725357E+03   8.3264296E+05   4.5969243E-03   3.9167011E-04   4.5720070E-03
   8.5000000E-01   6.5750839E+05   2.9396854E+03   6.6012228E+05   3.9794488E-03   6.8625142E-04   3.9611824E-03
   9.0000000E-01   4.8106527E+05   1.8532709E+03   4.8277707E+05   3.5508641E-03   5.8596819E-04   3.5392079E-03
   9.5000000E-01   3.0214645E+05   9.3482588E+02   3.0297740E+05   3.4544025E-03   1.4936361E-03   3.4474892E-03
   1.0000000E+00   1.3338520E+05   3.3953055E+02   1.3370587E+05   3.5757024E-03   6.2173478E-03   3.5811428E-03
