   0.0000000E+00   2.7856790E+09   1.5363153E+09   4.1453782E+09   5.0066218E-03   1.3478919E-09   3.2585353E-03
   5.0000000E-02   2.4378208E+07   6.4773515E+06   3.0793808E+07   2.1470496E-01   3.0671199E-07   1.6962732E-01
   1.0000000E-01   8.0826201E+06   2.1910543E+06   1.0259096E+07   2.4493547E-01   6.9245148E-06   1.9277150E-01
   1.5000000E-01   3.3251075E+06   9.0852008E+05   4.2294471E+06   2.6624328E-01   4.4331606E-06   2.0913747E-01
   2.0000000E-01   1.4439810E+06   3.9118693E+05   1.8341652E+06   2.8110588E-01   9.7807784E-06   2.2121396E-01
   2.5000000E-01   6.3703994E+05   1.6398052E+05   8.0079128E+05   2.8685328E-01   8.2414560E-06   2.2816877E-01
   3.0000000E-01   2.7583674E+05   6.6335780E+04   3.4213008E+05   2.9219363E-01   2.6520467E-05   2.3555081E-01
   3.5000000E-01   1.2291309E+05   2.7156381E+04   1.5006037E+05   2.9003539E-01   7.5328683E-05   2.3757898E-01
   4.0000000E-01   5.5656484E+04   1.0615635E+04   6.6272118E+04   2.8986360E-01   8.6332283E-05   2.4344634E-01
   4.5000000E-01   2.5592115E+04   4.4280442E+03   3.0020159E+04   2.8202447E-01   2.0767850E-04   2.4045582E-01
   5.0000000E-01   1.2286762E+04   1.9480565E+03   1.4234818E+04   2.8062224E-01   2.7794385E-06   2.4221833E-01
   5.5000000E-01   6.2620236E+03   9.1441749E+02   7.1764411E+03   2.7860040E-01   7.4675116E-04   2.4319645E-01
   6.0000000E-01   3.3263383E+03   5.0929582E+02   3.8356341E+03   2.8890614E-01   8.8564347E-03   2.5172091E-01
   6.5000000E-01   1.6992851E+03   1.7139763E+02   1.8706827E+03   2.7367183E-01   4.1837712E-05   2.4860102E-01
   7.0000000E-01   8.1396385E+02   1.0913482E+02   9.2309867E+02   2.8824863E-01   1.0933373E-02   2.5546101E-01
   7.5000000E-01   4.4138971E+02   3.3953055E+01   4.7534276E+02   2.5372382E-01   3.7502386E-05   2.3559874E-01
   8.0000000E-01   1.7109156E+02   1.1936621E+01   1.8302818E+02   3.0927708E-01   2.8186522E-06   2.8910695E-01
   8.5000000E-01   7.8641266E+01   3.7448222E+00   8.2386088E+01   2.7910554E-01   2.1466424E-06   2.6641883E-01
   9.0000000E-01   5.6588424E+01   3.5367765E+00   6.0125201E+01   2.6856380E-01   7.8047107E-06   2.5276560E-01
   9.5000000E-01   1.0051891E+01   0.0000000E+00   1.0051891E+01   3.7286114E-01   0.0000000E+00   3.7286114E-01
   1.0000000E+00   1.2575205E+01   0.0000000E+00   1.2575205E+01   1.5959806E-01   0.0000000E+00   1.5959806E-01
