   0.0000000E+00   4.2950954E+07   2.4218035E+07   6.7162877E+07   1.3202964E-02   2.5321326E-03   9.3474302E-03
   5.0000000E-02   2.0353498E+07   1.0445084E+07   3.0789415E+07   3.2876535E-03   2.0752509E-03   2.8728417E-03
   1.0000000E-01   1.1706228E+07   5.8743771E+06   1.7574589E+07   1.2326078E-03   1.0059255E-03   1.1501786E-03
   1.5000000E-01   8.2494888E+06   4.1436096E+06   1.2386987E+07   6.5503115E-04   9.9195105E-04   7.6545940E-04
   2.0000000E-01   6.3859966E+06   3.1983937E+06   9.5799976E+06   3.9896879E-04   6.4086489E-04   4.6064943E-04
   2.5000000E-01   5.1841349E+06   2.5897947E+06   7.7708356E+06   5.8279671E-04   5.0104654E-05   3.8338302E-04
   3.0000000E-01   4.3437946E+06   2.1631173E+06   6.5040047E+06   6.0740283E-04   1.6010978E-04   4.1280186E-04
   3.5000000E-01   3.7139306E+06   1.8581112E+06   5.5692134E+06   2.8619856E-04   1.5350930E-04   2.0191687E-04
   4.0000000E-01   3.2096220E+06   1.6018547E+06   4.8091610E+06   4.6489153E-04   7.0980306E-04   5.4583038E-04
   4.5000000E-01   2.8077974E+06   1.3988941E+06   4.2050929E+06   4.3378341E-04   8.5237216E-04   4.6794348E-04
   5.0000000E-01   2.4739363E+06   1.2327760E+06   3.7054327E+06   8.2497790E-04   7.7478675E-04   7.8970205E-04
   5.5000000E-01   2.1802375E+06   1.0874334E+06   3.2664845E+06   3.7978230E-04   8.8601661E-04   4.2849116E-04
   6.0000000E-01   1.9260348E+06   9.6167252E+05   2.8867895E+06   7.8313036E-04   1.3584448E-03   9.6899084E-04
   6.5000000E-01   1.7050489E+06   8.5159158E+05   2.5556317E+06   9.5691728E-04   5.3278442E-04   6.1467333E-04
   7.0000000E-01   1.4966112E+06   7.4791000E+05   2.2437937E+06   1.5285185E-03   1.7103391E-03   1.5812553E-03
   7.5000000E-01   1.3096627E+06   6.5167795E+05   1.9608059E+06   1.8039383E-03   2.0700805E-03   1.8685453E-03
   8.0000000E-01   1.1197068E+06   5.5804896E+05   1.6772782E+06   1.8577725E-03   1.6334983E-03   1.7781198E-03
   8.5000000E-01   9.4018629E+05   4.6641760E+05   1.4061920E+06   2.5410166E-03   2.4128465E-03   2.4399580E-03
   9.0000000E-01   7.5126085E+05   3.7413790E+05   1.1251582E+06   3.4140440E-03   3.0618376E-03   3.2770451E-03
   9.5000000E-01   5.4127423E+05   2.7159205E+05   8.1275236E+05   4.7760326E-03   5.3890016E-03   4.9765484E-03
   1.0000000E+00   3.2157944E+05   1.6159768E+05   4.8316454E+05   1.0427294E-02   8.7182305E-03   9.8517663E-03
