   0.0000000E+00   2.2426098E+09   1.4073030E+09   3.5265741E+09   1.9416864E-03   1.9042610E-04   1.2748260E-03
   5.0000000E-02   1.0976089E+07   3.2989637E+06   1.4263530E+07   1.6247184E-01   3.0318271E-02   1.3192007E-01
   1.0000000E-01   5.3685509E+06   1.5473362E+06   6.9109533E+06   1.6291921E-01   2.8855472E-02   1.3294227E-01
   1.5000000E-01   3.4833924E+06   9.6057435E+05   4.4410595E+06   1.6471764E-01   2.7612017E-02   1.3510044E-01
   2.0000000E-01   2.5252001E+06   6.7913006E+05   3.2020383E+06   1.6539192E-01   2.5680356E-02   1.3579691E-01
   2.5000000E-01   1.9305240E+06   5.0434292E+05   2.4329061E+06   1.6757469E-01   2.4018365E-02   1.3783968E-01
   3.0000000E-01   1.5363757E+06   3.9183947E+05   1.9269313E+06   1.6855312E-01   2.3892942E-02   1.3917409E-01
   3.5000000E-01   1.2479657E+06   3.0833314E+05   1.5552803E+06   1.7068782E-01   2.2149891E-02   1.4128026E-01
   4.0000000E-01   1.0379130E+06   2.5108284E+05   1.2881364E+06   1.7210714E-01   2.0955019E-02   1.4267106E-01
   4.5000000E-01   8.6968627E+05   2.0647701E+05   1.0755833E+06   1.7273639E-01   2.0873119E-02   1.4361810E-01
   5.0000000E-01   7.3362153E+05   1.7142897E+05   9.0461760E+05   1.7446314E-01   1.9877419E-02   1.4519824E-01
   5.5000000E-01   6.2293245E+05   1.4081451E+05   7.6344601E+05   1.7609341E-01   1.9683096E-02   1.4727371E-01
   6.0000000E-01   5.3201253E+05   1.1880386E+05   6.5052991E+05   1.7714817E-01   1.8937159E-02   1.4827086E-01
   6.5000000E-01   4.4972290E+05   9.5767202E+04   5.4526973E+05   1.7845311E-01   1.9875085E-02   1.5060471E-01
   7.0000000E-01   3.8092599E+05   8.0496023E+04   4.6126740E+05   1.8212095E-01   2.0333647E-02   1.5391688E-01
   7.5000000E-01   3.1815710E+05   6.5627010E+04   3.8364830E+05   1.8382648E-01   2.2331474E-02   1.5621536E-01
   8.0000000E-01   2.6601157E+05   5.2942892E+04   3.1882714E+05   1.8776492E-01   2.0746778E-02   1.6005212E-01
   8.5000000E-01   2.1230146E+05   4.1676126E+04   2.5389894E+05   1.8962938E-01   2.1933768E-02   1.6207992E-01
   9.0000000E-01   1.6053429E+05   3.1013993E+04   1.9149523E+05   1.9515391E-01   2.1211042E-02   1.6697106E-01
   9.5000000E-01   1.0651319E+05   1.9802226E+04   1.2629531E+05   1.9992427E-01   2.2688933E-02   1.7214666E-01
   1.0000000E+00   4.7289060E+04   8.3184984E+03   5.5607558E+04   2.0484084E-01   2.5451690E-02   1.7800358E-01
