   0.0000000E+00   5.7146912E+08   9.3171596E+08   1.4863223E+09   1.2538579E-02   7.4001421E-04   5.2104522E-03
   5.0000000E-02   2.5828810E+07   1.1313306E+07   3.7074444E+07   1.0571911E-01   2.1961926E-02   8.0187361E-02
   1.0000000E-01   1.3821970E+07   5.2786920E+06   1.9065903E+07   9.0731557E-02   1.8981490E-02   7.0923259E-02
   1.5000000E-01   9.3392969E+06   3.2184737E+06   1.2532794E+07   8.0281627E-02   1.7933451E-02   6.4313197E-02
   2.0000000E-01   6.9476226E+06   2.1794996E+06   9.1091854E+06   7.2697539E-02   1.7635084E-02   5.9577591E-02
   2.5000000E-01   5.3632415E+06   1.5888120E+06   6.9403396E+06   6.6163453E-02   1.6601895E-02   5.4849704E-02
   3.0000000E-01   4.2956450E+06   1.1738526E+06   5.4606273E+06   6.0921295E-02   1.6503103E-02   5.1413366E-02
   3.5000000E-01   3.4881034E+06   8.9747927E+05   4.3790800E+06   5.6538706E-02   1.6372206E-02   4.8337062E-02
   4.0000000E-01   2.8528603E+06   6.9444872E+05   3.5421445E+06   5.3232528E-02   1.6890143E-02   4.6131600E-02
   4.5000000E-01   2.3675536E+06   5.4097119E+05   2.9047121E+06   5.0423438E-02   1.8345949E-02   4.4474091E-02
   5.0000000E-01   1.9649779E+06   4.2637609E+05   2.3888648E+06   4.8303737E-02   1.9315679E-02   4.3139162E-02
   5.5000000E-01   1.6223271E+06   3.3868751E+05   1.9592147E+06   4.5996420E-02   2.0248728E-02   4.1547690E-02
   6.0000000E-01   1.3499310E+06   2.6772514E+05   1.6160646E+06   4.5382448E-02   2.2374952E-02   4.1576161E-02
   6.5000000E-01   1.1158035E+06   2.1054485E+05   1.3252318E+06   4.4196616E-02   2.2848758E-02   4.0813310E-02
   7.0000000E-01   9.2090688E+05   1.6718999E+05   1.0872966E+06   4.4963677E-02   2.5382895E-02   4.1965870E-02
   7.5000000E-01   7.4655127E+05   1.3031182E+05   8.7621375E+05   4.5525092E-02   2.7194133E-02   4.2811051E-02
   8.0000000E-01   6.0077012E+05   1.0103554E+05   7.0134411E+05   4.7020802E-02   2.9675672E-02   4.4526181E-02
   8.5000000E-01   4.6897157E+05   7.6147214E+04   5.4483418E+05   4.9736269E-02   3.5210445E-02   4.7716372E-02
   9.0000000E-01   3.4820979E+05   5.5053463E+04   4.0310410E+05   5.3221021E-02   3.9190699E-02   5.1311346E-02
   9.5000000E-01   2.3012129E+05   3.5426215E+04   2.6546039E+05   5.8836442E-02   4.5766094E-02   5.7103009E-02
   1.0000000E+00   1.0820335E+05   1.5568104E+04   1.2374631E+05   6.9290794E-02   4.8712544E-02   6.6714703E-02
