   0.0000000E+00   4.2507561E+08   2.2903950E+08   6.5376522E+08   9.5980408E-06   1.0100334E-05   9.4456979E-06
   5.0000000E-02   1.2446369E+08   6.1848948E+07   1.8609160E+08   2.9103101E-05   4.6933072E-05   3.5289368E-05
   1.0000000E-01   4.3650885E+07   2.1583352E+07   6.5183944E+07   5.1931382E-05   5.0659410E-05   5.1550812E-05
   1.5000000E-01   1.9402622E+07   9.6197067E+06   2.9005352E+07   1.1686632E-04   1.1465251E-04   1.1622431E-04
   2.0000000E-01   9.4611566E+06   4.6878134E+06   1.4143336E+07   1.6480219E-04   2.1157817E-04   1.8026982E-04
   2.5000000E-01   4.8204722E+06   2.3920479E+06   7.2104065E+06   2.8164300E-04   3.7896583E-04   3.1349447E-04
   3.0000000E-01   2.5229348E+06   1.2487509E+06   3.7710597E+06   5.8323531E-04   6.4364294E-04   6.0306910E-04
   3.5000000E-01   1.3305990E+06   6.5965631E+05   1.9900370E+06   9.7050258E-04   9.6242901E-04   9.6635037E-04
   4.0000000E-01   7.1525823E+05   3.5372186E+05   1.0689085E+06   1.5150594E-03   1.7188007E-03   1.5821877E-03
   4.5000000E-01   3.8403027E+05   1.9201867E+05   5.7602772E+05   2.5261062E-03   2.6192336E-03   2.5572247E-03
   5.0000000E-01   2.0798368E+05   1.0303691E+05   3.1101422E+05   4.5354702E-03   5.0437513E-03   4.7039468E-03
   5.5000000E-01   1.1603263E+05   5.6450811E+04   1.7247187E+05   6.4737272E-03   6.2403890E-03   6.3977638E-03
   6.0000000E-01   6.1884747E+04   3.1003383E+04   9.2888130E+04   1.0294753E-02   1.1382318E-02   1.0650877E-02
   6.5000000E-01   3.4641910E+04   1.7340543E+04   5.1982453E+04   1.6170032E-02   1.5549274E-02   1.5962919E-02
   7.0000000E-01   1.9380525E+04   9.7402825E+03   2.9120807E+04   2.5372612E-02   2.8397108E-02   2.6383997E-02
   7.5000000E-01   1.1000790E+04   5.5003948E+03   1.6501184E+04   3.9224089E-02   3.8401078E-02   3.8913216E-02
   8.0000000E-01   6.1871484E+03   3.2427820E+03   9.4299304E+03   5.0427308E-02   6.3722662E-02   5.4995160E-02
   8.5000000E-01   3.4040434E+03   1.7375975E+03   5.1416409E+03   8.6059611E-02   7.8823951E-02   8.3593023E-02
   9.0000000E-01   1.7754618E+03   9.6553999E+02   2.7410018E+03   1.0239490E-01   1.3100484E-01   1.1240760E-01
   9.5000000E-01   8.6111201E+02   4.5568573E+02   1.3167977E+03   1.5158844E-01   1.4509046E-01   1.4917665E-01
   1.0000000E+00   3.5839335E+02   1.3203966E+02   4.9043301E+02   2.3305485E-01   2.2056012E-01   2.2903937E-01
