   0.0000000E+00   1.3059363E+07   8.0268586E+07   9.3324384E+07   9.4853927E-04   3.3036337E-05   1.4985993E-04
   5.0000000E-02   1.1551975E+07   2.5766931E+07   3.7313494E+07   1.4015093E-04   2.5667684E-05   3.9800684E-05
   1.0000000E-01   9.9890735E+06   1.1755471E+07   2.1741775E+07   1.0107084E-04   8.9001640E-05   8.9090552E-05
   1.5000000E-01   8.5989930E+06   7.0051093E+06   1.5601259E+07   2.6871107E-04   7.6970057E-05   1.7955675E-04
   2.0000000E-01   7.4218406E+06   4.6794259E+06   1.2099118E+07   1.4286527E-04   1.2879468E-04   1.0427095E-04
   2.5000000E-01   6.3353089E+06   3.2980342E+06   9.6316115E+06   1.2314129E-04   5.9852304E-05   6.6381073E-05
   3.0000000E-01   5.4258573E+06   2.4225823E+06   7.8471875E+06   1.5975296E-04   3.0829452E-04   1.5397150E-04
   3.5000000E-01   4.6215140E+06   1.8283993E+06   6.4487673E+06   1.9706032E-04   2.8845235E-04   2.2210700E-04
   4.0000000E-01   3.9285965E+06   1.4055610E+06   5.3333140E+06   9.5561737E-05   3.8997773E-04   7.6255132E-05
   4.5000000E-01   3.3349044E+06   1.0990957E+06   4.4333847E+06   2.5642202E-04   1.7705613E-04   2.3057902E-04
   5.0000000E-01   2.8104153E+06   8.6747720E+05   3.6775041E+06   2.7407153E-04   3.2916131E-04   2.8659497E-04
   5.5000000E-01   2.3570153E+06   6.9102761E+05   3.0477014E+06   1.6973840E-04   3.3808326E-04   1.9559517E-04
   6.0000000E-01   1.9703647E+06   5.5401836E+05   2.5241337E+06   2.0932952E-04   2.5300631E-04   2.1674002E-04
   6.5000000E-01   1.6304077E+06   4.4072207E+05   2.0709094E+06   4.9471280E-04   5.7410483E-04   4.9812221E-04
   7.0000000E-01   1.3484880E+06   3.5524747E+05   1.7035809E+06   3.0111435E-04   8.8482284E-04   3.7900379E-04
   7.5000000E-01   1.0992811E+06   2.8287563E+05   1.3820548E+06   2.8890557E-04   7.7019052E-04   3.5095567E-04
   8.0000000E-01   8.8134835E+05   2.2322277E+05   1.1044836E+06   3.0287599E-04   1.1403515E-03   4.4924823E-04
   8.5000000E-01   6.8884506E+05   1.7097735E+05   8.5978122E+05   7.5460309E-04   1.3892991E-03   8.2607662E-04
   9.0000000E-01   5.1009159E+05   1.2562630E+05   6.3569314E+05   7.0020157E-05   1.8621893E-03   4.1408041E-04
   9.5000000E-01   3.3357871E+05   8.0689881E+04   4.1424849E+05   5.5176005E-04   1.6454326E-03   7.6456329E-04
   1.0000000E+00   1.6396182E+05   3.9989153E+04   2.0395097E+05   1.1141840E-03   9.7654589E-04   1.0670754E-03
