   0.0000000E+00   3.0716415E+09   1.6565778E+09   4.5400376E+09   9.5532199E-03   2.1833704E-07   6.2534605E-03
   5.0000000E-02   3.3617344E+06   8.9273191E+05   4.2539570E+06   3.1076101E-01   5.9921460E-05   2.4555580E-01
   1.0000000E-01   5.8600850E+04   6.0478878E+02   5.9205639E+04   2.1590499E-02   1.8711416E-02   2.1561066E-02
   1.5000000E-01   5.5704230E+04   0.0000000E+00   5.5704230E+04   5.6036305E-04   0.0000000E+00   5.6036305E-04
   2.0000000E-01   5.5656484E+04   3.1830989E+01   5.5688315E+04   5.1526646E-06   1.5742733E-01   8.4834468E-05
   2.5000000E-01   5.6391779E+04   1.2732395E+01   5.6404512E+04   1.4577840E-05   3.0263760E-01   8.2887621E-05
   3.0000000E-01   5.6160474E+04   0.0000000E+00   5.6160474E+04   8.8812932E-06   0.0000000E+00   8.8812932E-06
   3.5000000E-01   5.7313969E+04   0.0000000E+00   5.7313969E+04   2.8201052E-06   0.0000000E+00   2.8201052E-06
   4.0000000E-01   5.9953667E+04   0.0000000E+00   5.9945709E+04   5.8062817E-06   0.0000000E+00   5.8070525E-06
   4.5000000E-01   6.1299411E+04   0.0000000E+00   6.1299411E+04   2.9729961E-05   0.0000000E+00   2.9729961E-05
   5.0000000E-01   6.3948456E+04   0.0000000E+00   6.3948456E+04   5.3987374E-06   0.0000000E+00   5.3987374E-06
   5.5000000E-01   6.5849634E+04   0.0000000E+00   6.5843847E+04   5.0746429E-06   0.0000000E+00   5.0753618E-06
   6.0000000E-01   6.8813292E+04   0.0000000E+00   6.8813292E+04   4.5954303E-06   0.0000000E+00   4.5954303E-06
   6.5000000E-01   7.3529584E+04   0.0000000E+00   7.3529584E+04   4.5119960E-05   0.0000000E+00   4.5119960E-05
   7.0000000E-01   7.7017351E+04   0.0000000E+00   7.7012803E+04   8.8676202E-05   0.0000000E+00   8.8680213E-05
   7.5000000E-01   8.3821603E+04   4.2441318E+00   8.3821603E+04   1.6498957E-05   6.9867117E-01   1.8884285E-05
   8.0000000E-01   9.2819163E+04   0.0000000E+00   9.2799268E+04   4.4292098E-05   0.0000000E+00   4.4304047E-05
   8.5000000E-01   1.0692965E+05   0.0000000E+00   1.0692965E+05   1.5768119E-05   0.0000000E+00   1.5768119E-05
   9.0000000E-01   1.3499876E+05   0.0000000E+00   1.3498108E+05   1.3722428E-05   0.0000000E+00   1.3724381E-05
   9.5000000E-01   2.2686448E+05   3.3506304E+00   2.2683098E+05   9.6115493E-06   7.0508657E-01   8.5686727E-07
   1.0000000E+00   2.8103069E+05   0.0000000E+00   2.8098668E+05   2.7684992E-06   0.0000000E+00   2.8112224E-06
