   0.0000000E+00   2.5606839E+09   1.4851453E+09   3.9069218E+09   1.2098193E-03   1.3395070E-04   8.2201152E-04
   5.0000000E-02   7.6715229E+06   2.2263230E+06   9.8938352E+06   1.6634959E-01   3.2701831E-02   1.3625188E-01
   1.0000000E-01   3.7174138E+06   1.0413508E+06   4.7566320E+06   1.6866325E-01   3.2082307E-02   1.3877254E-01
   1.5000000E-01   2.4065713E+06   6.4756963E+05   3.0525069E+06   1.7220865E-01   2.9568688E-02   1.4198422E-01
   2.0000000E-01   1.7271654E+06   4.5712483E+05   2.1829533E+06   1.7524015E-01   2.7225245E-02   1.4427000E-01
   2.5000000E-01   1.3262954E+06   3.4444949E+05   1.6699683E+06   1.7949480E-01   2.7311319E-02   1.4811437E-01
   3.0000000E-01   1.0529373E+06   2.7150772E+05   1.3238190E+06   1.8208165E-01   2.5399148E-02   1.4997205E-01
   3.5000000E-01   8.5732675E+05   2.1795133E+05   1.0748597E+06   1.8501121E-01   2.4692227E-02   1.5253409E-01
   4.0000000E-01   7.1002999E+05   1.7491924E+05   8.8451155E+05   1.8924132E-01   2.3538674E-02   1.5650547E-01
   4.5000000E-01   5.9957558E+05   1.4370630E+05   7.4298479E+05   1.9381742E-01   2.4035544E-02   1.6102104E-01
   5.0000000E-01   5.0560342E+05   1.2011105E+05   6.2545983E+05   1.9715213E-01   2.2318125E-02   1.6358623E-01
   5.5000000E-01   4.2680726E+05   1.0019238E+05   5.2684916E+05   2.0176391E-01   2.1790559E-02   1.6756201E-01
   6.0000000E-01   3.6263984E+05   8.3243340E+04   4.4577177E+05   2.0671354E-01   2.0900698E-02   1.7202521E-01
   6.5000000E-01   3.0723270E+05   6.9920439E+04   3.7706010E+05   2.0875111E-01   2.2096309E-02   1.7415605E-01
   7.0000000E-01   2.5971358E+05   5.7909663E+04   3.1756868E+05   2.1328879E-01   2.1971085E-02   1.7840469E-01
   7.5000000E-01   2.1744809E+05   4.7771948E+04   2.6516487E+05   2.1838790E-01   2.0717918E-02   1.8277830E-01
   8.0000000E-01   1.7988885E+05   3.9327186E+04   2.1919615E+05   2.2284164E-01   1.9727102E-02   1.8639294E-01
   8.5000000E-01   1.4459133E+05   3.0715032E+04   1.7526517E+05   2.2697277E-01   2.2355990E-02   1.9113530E-01
   9.0000000E-01   1.0891150E+05   2.2907701E+04   1.3180151E+05   2.3414913E-01   2.2367628E-02   1.9736842E-01
   9.5000000E-01   7.1840866E+04   1.4957214E+04   8.6788028E+04   2.3983660E-01   2.2108533E-02   2.0231905E-01
   1.0000000E+00   3.2129650E+04   6.5516820E+03   3.8681332E+04   2.4723479E-01   3.1428323E-02   2.1067896E-01
