   0.0000000E+00   9.4444835E+07   4.9466884E+07   1.4388422E+08   2.1624674E-03   1.4861159E-03   1.9304937E-03
   5.0000000E-02   3.5958831E+07   1.8059184E+07   5.3986821E+07   4.2470750E-04   4.3585131E-04   4.2556180E-04
   1.0000000E-01   1.8165722E+07   9.0986971E+06   2.7248918E+07   1.5703684E-04   2.3606726E-04   1.6944972E-04
   1.5000000E-01   1.1713761E+07   5.8663027E+06   1.7568456E+07   1.5880435E-04   1.3420594E-04   1.4143944E-04
   2.0000000E-01   8.3224666E+06   4.1734564E+06   1.2488459E+07   1.4395259E-04   9.0490681E-05   7.0851685E-05
   2.5000000E-01   6.2604679E+06   3.1285533E+06   9.3836991E+06   6.1285379E-05   5.6706210E-04   2.2538787E-04
   3.0000000E-01   4.8765393E+06   2.4310387E+06   7.3038007E+06   1.6907814E-04   2.2609115E-04   1.7007587E-04
   3.5000000E-01   3.8789879E+06   1.9451644E+06   5.8212512E+06   2.1206000E-04   3.4227283E-04   2.4448293E-04
   4.0000000E-01   3.1517374E+06   1.5774881E+06   4.7270132E+06   1.6387705E-04   2.7154046E-04   5.5761977E-05
   4.5000000E-01   2.5803614E+06   1.2899261E+06   3.8688374E+06   3.7501943E-04   3.1479895E-04   1.5124933E-04
   5.0000000E-01   2.1242219E+06   1.0674140E+06   3.1905919E+06   1.8145061E-04   7.8651088E-05   1.4038476E-04
   5.5000000E-01   1.7656418E+06   8.8380187E+05   2.6485177E+06   5.0907969E-04   9.0057829E-04   6.0885963E-04
   6.0000000E-01   1.4682786E+06   7.3600673E+05   2.2036487E+06   4.0145170E-04   5.1661903E-04   4.2376853E-04
   6.5000000E-01   1.2273001E+06   6.1396101E+05   1.8407322E+06   5.5731136E-04   8.9767823E-04   6.6684528E-04
   7.0000000E-01   1.0136351E+06   5.0723135E+05   1.5204754E+06   5.9400750E-04   1.0132619E-03   7.2162628E-04
   7.5000000E-01   8.3336499E+05   4.2156537E+05   1.2546418E+06   6.6594289E-04   2.4107914E-04   5.1274234E-04
   8.0000000E-01   6.8385298E+05   3.4042844E+05   1.0240467E+06   1.1954948E-03   6.7581088E-04   1.0210381E-03
   8.5000000E-01   5.3907839E+05   2.7059336E+05   8.0952196E+05   8.5187754E-04   1.2910306E-03   9.6463236E-04
   9.0000000E-01   4.0943493E+05   2.0533463E+05   6.1468822E+05   2.2974922E-03   2.5364441E-03   2.3183160E-03
   9.5000000E-01   2.7510016E+05   1.3840114E+05   4.1345104E+05   2.5802141E-03   4.0451492E-03   3.0622276E-03
   1.0000000E+00   1.4974555E+05   7.4658994E+04   2.2439196E+05   6.2773012E-03   6.0339003E-03   6.2051322E-03
