   0.0000000E+00   6.6001682E+07   3.3716402E+07   9.9713500E+07   1.3902276E-03   4.2745339E-04   1.0613278E-03
   5.0000000E-02   2.4930603E+07   1.2483477E+07   3.7408860E+07   3.6785181E-04   6.1373414E-04   4.4069318E-04
   1.0000000E-01   1.3135567E+07   6.5987868E+06   1.9732094E+07   1.0796859E-04   4.1017200E-04   1.9058979E-04
   1.5000000E-01   8.9597867E+06   4.4898034E+06   1.3447426E+07   3.5916936E-05   3.2143760E-04   1.0366166E-04
   2.0000000E-01   6.7696873E+06   3.3693579E+06   1.0137486E+07   1.6367006E-04   2.0562861E-04   9.7774879E-05
   2.5000000E-01   5.3626430E+06   2.6904188E+06   8.0518141E+06   1.1522201E-04   3.7526127E-04   1.9982849E-04
   3.0000000E-01   4.4173348E+06   2.2164766E+06   6.6328035E+06   3.3950731E-04   6.5961075E-05   2.0422777E-04
   3.5000000E-01   3.7196511E+06   1.8627404E+06   5.5815457E+06   3.9117625E-04   7.5955846E-04   3.7699518E-04
   4.0000000E-01   3.1841652E+06   1.5916051E+06   4.7751098E+06   2.4046919E-04   1.7384370E-04   2.1027391E-04
   4.5000000E-01   2.7499215E+06   1.3787062E+06   4.1280477E+06   4.0944322E-04   2.5989874E-04   3.1062057E-04
   5.0000000E-01   2.4023929E+06   1.2013524E+06   3.6032743E+06   5.3070747E-05   3.8383582E-04   1.0329583E-04
   5.5000000E-01   2.0966783E+06   1.0517595E+06   3.1480385E+06   2.2846300E-04   9.9884877E-05   1.4436260E-04
   6.0000000E-01   1.8338204E+06   9.1736909E+05   2.7507863E+06   1.4773084E-04   3.1240598E-04   1.8636750E-04
   6.5000000E-01   1.6050898E+06   8.0423686E+05   2.4089741E+06   3.6057729E-04   6.5151782E-04   4.5142382E-04
   7.0000000E-01   1.3992584E+06   6.9835825E+05   2.0973893E+06   3.2971865E-04   2.3880964E-04   2.2783251E-04
   7.5000000E-01   1.2031053E+06   6.0000989E+05   1.8029199E+06   2.9739147E-04   5.8066529E-04   3.8913253E-04
   8.0000000E-01   1.0211859E+06   5.1126138E+05   1.5323040E+06   5.4625780E-04   5.6704451E-04   5.4246686E-04
   8.5000000E-01   8.4385449E+05   4.2134492E+05   1.2651020E+06   9.0368076E-04   1.1415484E-03   7.6576094E-04
   9.0000000E-01   6.6008275E+05   3.2915718E+05   9.8918334E+05   7.2611871E-04   5.7795359E-04   6.7736895E-04
   9.5000000E-01   4.5113558E+05   2.2310507E+05   6.7420714E+05   1.5915128E-03   3.1436626E-03   2.1061508E-03
   1.0000000E+00   2.3130833E+05   1.1657844E+05   3.4788677E+05   2.2518997E-03   3.6785726E-04   1.4333378E-03
