   0.0000000E+00   3.9676691E+07   1.8679952E+07   5.8353587E+07   1.2565701E-02   3.4856845E-04   8.4487039E-03
   5.0000000E-02   1.7885833E+07   8.8569726E+06   2.6739304E+07   2.2785651E-03   7.8672118E-04   1.7729399E-03
   1.0000000E-01   1.0757728E+07   5.3867264E+06   1.6141972E+07   9.6548560E-04   5.9418763E-04   8.1500913E-04
   1.5000000E-01   7.7576363E+06   3.8986807E+06   1.1654089E+07   6.3391721E-04   3.1443631E-04   4.6908593E-04
   2.0000000E-01   6.1039900E+06   3.0567776E+06   9.1591282E+06   2.3336155E-04   5.3029841E-04   2.9910016E-04
   2.5000000E-01   5.0131261E+06   2.5219056E+06   7.5337202E+06   2.5259217E-04   3.0557706E-04   2.4558634E-04
   3.0000000E-01   4.2441955E+06   2.1215566E+06   6.3645637E+06   4.6993748E-04   5.2959576E-04   4.5914538E-04
   3.5000000E-01   3.6674028E+06   1.8418592E+06   5.5081252E+06   3.2099821E-04   2.5448836E-04   2.6808992E-04
   4.0000000E-01   3.2080623E+06   1.6092554E+06   4.8163867E+06   4.9001359E-04   5.3947734E-04   4.9414197E-04
   4.5000000E-01   2.8306379E+06   1.4125249E+06   4.2423776E+06   3.8835542E-04   3.2183571E-04   3.6134885E-04
   5.0000000E-01   2.5120571E+06   1.2630345E+06   3.7743913E+06   7.4357647E-04   5.8729711E-04   6.8582943E-04
   5.5000000E-01   2.2373076E+06   1.1252254E+06   3.3619485E+06   4.5352056E-04   6.3027392E-04   4.9814091E-04
   6.0000000E-01   1.9964184E+06   9.9847445E+05   2.9944366E+06   6.0770811E-04   7.0730031E-04   5.9126178E-04
   6.5000000E-01   1.7761741E+06   8.9110118E+05   2.6668394E+06   6.9706557E-04   7.9934975E-04   7.1667154E-04
   7.0000000E-01   1.5773119E+06   7.8915842E+05   2.3660019E+06   3.5556670E-04   4.2029788E-04   3.7407403E-04
   7.5000000E-01   1.3747295E+06   6.9024862E+05   2.0646725E+06   1.0868677E-03   6.2669011E-04   7.3572375E-04
   8.0000000E-01   1.1887044E+06   5.9825547E+05   1.7866893E+06   9.7467755E-04   1.1773879E-03   1.0093053E-03
   8.5000000E-01   9.9846696E+05   5.0141297E+05   1.4997189E+06   1.4494391E-03   1.4666529E-03   1.4381032E-03
   9.0000000E-01   8.0604905E+05   4.0374426E+05   1.2096837E+06   1.7865406E-03   1.6370012E-03   1.7332169E-03
   9.5000000E-01   5.8001087E+05   2.9121334E+05   8.7118065E+05   2.3680857E-03   2.5733148E-03   2.3925185E-03
   1.0000000E+00   3.4203301E+05   1.7145664E+05   5.1348965E+05   4.5300291E-03   4.7814170E-03   4.6045726E-03
