   0.0000000E+00   2.1737866E+08   4.3926204E+08   6.5397199E+08   2.6813502E-02   1.1566091E-05   8.8730051E-03
   5.0000000E-02   1.8461464E+07   1.3536701E+07   3.1951437E+07   1.2014848E-01   3.3336263E-04   6.9458000E-02
   1.0000000E-01   1.0533988E+07   6.6942161E+06   1.7199652E+07   9.6525778E-02   4.8295146E-04   5.9219744E-02
   1.5000000E-01   7.5821203E+06   4.3317731E+06   1.1894689E+07   8.1139000E-02   6.4386450E-04   5.1892220E-02
   2.0000000E-01   5.9818067E+06   3.1199303E+06   9.0874130E+06   7.1266203E-02   7.5021644E-04   4.7105883E-02
   2.5000000E-01   4.9322753E+06   2.3665321E+06   7.2874502E+06   6.4236864E-02   9.6627585E-04   4.3733935E-02
   3.0000000E-01   4.1656154E+06   1.8594178E+06   6.0151656E+06   5.9311630E-02   9.6022802E-04   4.1311811E-02
   3.5000000E-01   3.5886711E+06   1.4872893E+06   5.0677753E+06   5.5724728E-02   1.1377716E-03   3.9732149E-02
   4.0000000E-01   3.1264715E+06   1.2102938E+06   4.3297943E+06   5.3022215E-02   1.7255919E-03   3.8712400E-02
   4.5000000E-01   2.7302500E+06   9.9548234E+05   3.7204555E+06   5.1362754E-02   1.7505911E-03   3.8111391E-02
   5.0000000E-01   2.4062954E+06   8.2555579E+05   3.2276495E+06   5.0140107E-02   1.9661280E-03   3.7833415E-02
   5.5000000E-01   2.1201290E+06   6.8885153E+05   2.8049699E+06   5.0329983E-02   2.2275129E-03   3.8531886E-02
   6.0000000E-01   1.8666594E+06   5.7230526E+05   2.4360362E+06   5.0473461E-02   2.4268097E-03   3.9203273E-02
   6.5000000E-01   1.6399521E+06   4.8031003E+05   2.1179801E+06   5.1461125E-02   2.9769806E-03   4.0479284E-02
   7.0000000E-01   1.4314123E+06   3.9765545E+05   1.8270214E+06   5.2560632E-02   3.3024533E-03   4.1855456E-02
   7.5000000E-01   1.2352036E+06   3.2663687E+05   1.5604060E+06   5.4285417E-02   3.9119696E-03   4.3752670E-02
   8.0000000E-01   1.0515884E+06   2.6615481E+05   1.3165337E+06   5.7748198E-02   4.2760785E-03   4.6941324E-02
   8.5000000E-01   8.7861767E+05   2.1286318E+05   1.0906008E+06   6.1651178E-02   5.5646780E-03   5.0730186E-02
   9.0000000E-01   6.9960623E+05   1.6196314E+05   8.6105300E+05   6.7734565E-02   6.3725233E-03   5.6204643E-02
   9.5000000E-01   5.0067130E+05   1.1048704E+05   6.1084337E+05   7.7212792E-02   8.1813342E-03   6.4740876E-02
   1.0000000E+00   2.5913726E+05   5.3696127E+04   3.1276422E+05   8.8939671E-02   1.0732595E-02   7.5508296E-02
