   0.0000000E+00   1.9067720E+09   1.3940078E+09   3.2162179E+09   4.0472729E-03   4.3652510E-05   2.3625615E-03
   5.0000000E-02   1.7635132E+07   5.6967920E+06   2.3307987E+07   1.7469009E-01   3.4912497E-03   1.3286885E-01
   1.0000000E-01   8.2391013E+06   2.5196456E+06   1.0748434E+07   1.7544156E-01   2.9276085E-03   1.3506727E-01
   1.5000000E-01   5.0673024E+06   1.4721832E+06   6.5328011E+06   1.7403863E-01   2.3786935E-03   1.3541758E-01
   2.0000000E-01   3.4968569E+06   9.4248374E+05   4.4351549E+06   1.6947601E-01   2.2588867E-03   1.3400790E-01
   2.5000000E-01   2.5763366E+06   6.4369898E+05   3.2175655E+06   1.6317242E-01   2.1771095E-03   1.3100048E-01
   3.0000000E-01   1.9769909E+06   4.5305046E+05   2.4281209E+06   1.5400620E-01   2.2171422E-03   1.2571724E-01
   3.5000000E-01   1.5664120E+06   3.2004695E+05   1.8852130E+06   1.4174375E-01   2.2625475E-03   1.1807880E-01
   4.0000000E-01   1.2686718E+06   2.2810882E+05   1.4959689E+06   1.3065134E-01   2.2964248E-03   1.1107989E-01
   4.5000000E-01   1.0487250E+06   1.6330712E+05   1.2112894E+06   1.1616629E-01   2.8047117E-03   1.0091172E-01
   5.0000000E-01   8.8185207E+05   1.2014925E+05   1.0015239E+06   1.0383726E-01   2.7349008E-03   9.1719971E-02
   5.5000000E-01   7.5345108E+05   8.4514169E+04   8.3752540E+05   9.1798652E-02   3.2373204E-03   8.2874842E-02
   6.0000000E-01   6.4120343E+05   6.2208362E+04   7.0312001E+05   7.9985050E-02   3.4992167E-03   7.3235368E-02
   6.5000000E-01   5.5289448E+05   4.4705399E+04   5.9735502E+05   6.9118793E-02   3.8185926E-03   6.4246377E-02
   7.0000000E-01   4.7267199E+05   3.1126160E+04   5.0366173E+05   6.0353542E-02   4.0789926E-03   5.6874399E-02
   7.5000000E-01   4.0023861E+05   2.2909824E+04   4.2302111E+05   5.2904373E-02   5.8743150E-03   5.0359110E-02
   8.0000000E-01   3.3210862E+05   1.5422114E+04   3.4742330E+05   4.7448277E-02   5.8646951E-03   4.5612601E-02
   8.5000000E-01   2.6974703E+05   1.0751385E+04   2.8044973E+05   4.1847902E-02   4.5385997E-03   4.0419521E-02
   9.0000000E-01   2.0465204E+05   6.9143981E+03   2.1153460E+05   3.8857657E-02   8.1714224E-03   3.7860805E-02
   9.5000000E-01   1.3554975E+05   3.9168869E+03   1.3945659E+05   3.7037940E-02   9.1963510E-03   3.6241737E-02
   1.0000000E+00   6.1014897E+04   1.6222015E+03   6.2637098E+04   3.5224034E-02   1.5640685E-02   3.4712502E-02
