   0.0000000E+00   3.2267786E+09   1.6571946E+09   4.6773631E+09   2.0059335E-04   4.4287475E-09   1.3500903E-04
   5.0000000E-02   1.0918029E+06   2.6909918E+05   1.3607748E+06   2.2623569E-01   1.6989059E-06   1.8148228E-01
   1.0000000E-01   3.4597102E+05   8.8267331E+04   4.3423835E+05   2.6741019E-01   1.8112303E-05   2.1305758E-01
   1.5000000E-01   1.3560001E+05   3.5565825E+04   1.7114462E+05   2.9772424E-01   5.6804705E-06   2.3588945E-01
   2.0000000E-01   5.5879301E+04   1.4626339E+04   7.0505640E+04   3.2427113E-01   6.0295110E-06   2.5700009E-01
   2.5000000E-01   2.1632340E+04   5.7805075E+03   2.7412847E+04   3.4197472E-01   3.3874979E-06   2.6986229E-01
   3.0000000E-01   7.7667612E+03   2.2175589E+03   9.9843201E+03   3.5926979E-01   2.2363299E-04   2.7952415E-01
   3.5000000E-01   2.5919519E+03   6.9118718E+02   3.2831391E+03   3.6176572E-01   7.9476607E-06   2.8560619E-01
   4.0000000E-01   9.0718318E+02   2.7852115E+02   1.1857043E+03   3.6797057E-01   3.2543158E-06   2.8153524E-01
   4.5000000E-01   2.4757436E+02   9.9029742E+01   3.4660410E+02   3.8129625E-01   1.0297541E-05   2.7235152E-01
   5.0000000E-01   7.6394373E+01   1.9098593E+01   9.5492966E+01   3.6139807E-01   2.1162668E-06   2.8911888E-01
   5.5000000E-01   2.8937262E+01   5.7874525E+00   3.4724715E+01   3.6819490E-01   2.2002354E-06   3.0682872E-01
   6.0000000E-01   1.0610330E+01   0.0000000E+00   1.0610330E+01   2.2604115E-01   0.0000000E+00   2.2604115E-01
   6.5000000E-01   0.0000000E+00   0.0000000E+00   0.0000000E+00   0.0000000E+00   0.0000000E+00   0.0000000E+00
   7.0000000E-01   4.5472841E+00   0.0000000E+00   4.5472841E+00   1.9401478E-01   0.0000000E+00   1.9401478E-01
   7.5000000E-01   0.0000000E+00   0.0000000E+00   0.0000000E+00   0.0000000E+00   0.0000000E+00   0.0000000E+00
   8.0000000E-01   0.0000000E+00   0.0000000E+00   0.0000000E+00   0.0000000E+00   0.0000000E+00   0.0000000E+00
   8.5000000E-01   0.0000000E+00   0.0000000E+00   0.0000000E+00   0.0000000E+00   0.0000000E+00   0.0000000E+00
   9.0000000E-01   0.0000000E+00   0.0000000E+00   0.0000000E+00   0.0000000E+00   0.0000000E+00   0.0000000E+00
   9.5000000E-01   0.0000000E+00   0.0000000E+00   0.0000000E+00   0.0000000E+00   0.0000000E+00   0.0000000E+00
   1.0000000E+00   0.0000000E+00   0.0000000E+00   0.0000000E+00   0.0000000E+00   0.0000000E+00   0.0000000E+00
