   0.0000000E+00   4.7344903E+08   8.7877567E+08   1.3381697E+09   1.4048124E-02   4.6023631E-04   5.2062252E-03
   5.0000000E-02   2.3747509E+07   1.1732711E+07   3.5407073E+07   1.0644109E-01   1.2058750E-02   7.5240484E-02
   1.0000000E-01   1.3102017E+07   5.5212760E+06   1.8589202E+07   8.8781758E-02   1.0692566E-02   6.5661556E-02
   1.5000000E-01   9.0133264E+06   3.4028600E+06   1.2391464E+07   7.7321242E-02   1.0584103E-02   5.9057024E-02
   2.0000000E-01   6.8253597E+06   2.3214658E+06   9.1283954E+06   6.8715014E-02   1.0118804E-02   5.3847464E-02
   2.5000000E-01   5.3813597E+06   1.6768183E+06   7.0467315E+06   6.2379732E-02   1.0352649E-02   5.0031972E-02
   3.0000000E-01   4.3590841E+06   1.2621518E+06   5.6118351E+06   5.7430165E-02   1.0368022E-02   4.6872353E-02
   3.5000000E-01   3.5936004E+06   9.6424250E+05   4.5508401E+06   5.3171060E-02   1.0829961E-02   4.4238556E-02
   4.0000000E-01   2.9795636E+06   7.4915027E+05   3.7229604E+06   4.9840128E-02   1.1587260E-02   4.2160968E-02
   4.5000000E-01   2.4965681E+06   5.8965845E+05   3.0818905E+06   4.6868901E-02   1.2485918E-02   4.0301308E-02
   5.0000000E-01   2.1016792E+06   4.6080449E+05   2.5600391E+06   4.4968497E-02   1.2875481E-02   3.9196986E-02
   5.5000000E-01   1.7716607E+06   3.6827296E+05   2.1372136E+06   4.3101268E-02   1.3908976E-02   3.8063919E-02
   6.0000000E-01   1.4823108E+06   2.9373106E+05   1.7741055E+06   4.2319292E-02   1.4919948E-02   3.7802364E-02
   6.5000000E-01   1.2384654E+06   2.3286572E+05   1.4700040E+06   4.1918549E-02   1.6981906E-02   3.7973590E-02
   7.0000000E-01   1.0313286E+06   1.8425140E+05   1.2145705E+06   4.2405121E-02   1.9574232E-02   3.8949480E-02
   7.5000000E-01   8.5269701E+05   1.4431746E+05   9.9636512E+05   4.3115107E-02   2.1320323E-02   3.9957485E-02
   8.0000000E-01   6.8719126E+05   1.1282096E+05   7.9945517E+05   4.5194101E-02   2.2921855E-02   4.2070965E-02
   8.5000000E-01   5.4339242E+05   8.5572932E+04   6.2855343E+05   4.7438761E-02   2.5761367E-02   4.4512357E-02
   9.0000000E-01   4.0770191E+05   6.1699066E+04   4.6925951E+05   5.0450086E-02   3.1311067E-02   4.7935649E-02
   9.5000000E-01   2.7241295E+05   4.0056786E+04   3.1239267E+05   5.7859351E-02   3.6631105E-02   5.5140045E-02
   1.0000000E+00   1.2992702E+05   1.8774782E+04   1.4869552E+05   6.6637550E-02   4.5978713E-02   6.4041039E-02
