   0.0000000E+00   2.2453834E+07   1.7912953E+07   4.0357110E+07   7.9219053E-02   9.4367902E-04   4.4486871E-02
   5.0000000E-02   1.1677580E+07   7.2651048E+06   1.8933072E+07   4.9964751E-02   2.2329581E-03   3.1639006E-02
   1.0000000E-01   7.9058308E+06   4.4252077E+06   1.2324863E+07   2.6520490E-02   2.5636833E-03   1.7901742E-02
   1.5000000E-01   6.2529006E+06   3.3388161E+06   9.5851171E+06   1.7625039E-02   2.2217708E-03   1.2260573E-02
   2.0000000E-01   5.2504897E+06   2.7312102E+06   7.9743788E+06   1.2498910E-02   2.3214157E-03   8.9994970E-03
   2.5000000E-01   4.5710700E+06   2.3224653E+06   6.8876402E+06   9.4940014E-03   2.8276442E-03   7.2414749E-03
   3.0000000E-01   4.0128054E+06   2.0194322E+06   6.0265823E+06   8.0364533E-03   3.0587065E-03   6.3701425E-03
   3.5000000E-01   3.5765117E+06   1.7840814E+06   5.3555184E+06   6.7753545E-03   3.4163056E-03   5.6609402E-03
   4.0000000E-01   3.2177708E+06   1.5949951E+06   4.8079753E+06   6.5506793E-03   2.6763789E-03   5.2402258E-03
   4.5000000E-01   2.9076335E+06   1.4246419E+06   4.3277341E+06   6.2898167E-03   4.0422815E-03   5.5603350E-03
   5.0000000E-01   2.6246305E+06   1.2858128E+06   3.9068973E+06   7.0723289E-03   4.2150295E-03   6.1296472E-03
   5.5000000E-01   2.3745455E+06   1.1594177E+06   3.5304965E+06   6.6066908E-03   4.9207327E-03   6.0572082E-03
   6.0000000E-01   2.1414669E+06   1.0476215E+06   3.1857514E+06   7.6515890E-03   5.4470187E-03   6.9196583E-03
   6.5000000E-01   1.9445110E+06   9.4233928E+05   2.8840932E+06   8.9682327E-03   5.9723718E-03   7.9838345E-03
   7.0000000E-01   1.7417917E+06   8.4162043E+05   2.5809566E+06   9.6914207E-03   7.2032175E-03   8.8753043E-03
   7.5000000E-01   1.5487643E+06   7.5062564E+05   2.2972340E+06   1.0876670E-02   8.8673022E-03   1.0207633E-02
   8.0000000E-01   1.3646462E+06   6.5829270E+05   2.0211365E+06   1.2983478E-02   9.7799950E-03   1.1939203E-02
   8.5000000E-01   1.1768254E+06   5.6991700E+05   1.7453680E+06   1.5849420E-02   1.1679828E-02   1.4474717E-02
   9.0000000E-01   9.8332997E+05   4.7414733E+05   1.4566780E+06   1.9029363E-02   1.5191829E-02   1.7789151E-02
   9.5000000E-01   7.6081759E+05   3.6921601E+05   1.1293601E+06   2.4671167E-02   2.0255107E-02   2.3231583E-02
   1.0000000E+00   4.6880994E+05   2.2699503E+05   6.9569180E+05   3.7850190E-02   3.0045013E-02   3.5309650E-02
