   0.0000000E+00   1.0492971E+08   5.4000636E+07   1.5890386E+08   1.0786740E-03   4.6494039E-04   8.4487752E-04
   5.0000000E-02   3.8050445E+07   1.9123485E+07   5.7144200E+07   2.1025467E-04   1.8263100E-04   1.9576199E-04
   1.0000000E-01   1.8926165E+07   9.4811146E+06   2.8395343E+07   1.1584693E-04   9.2667434E-05   8.9305571E-05
   1.5000000E-01   1.2075765E+07   6.0343915E+06   1.8101201E+07   5.3815011E-05   1.0714384E-04   4.1494268E-05
   2.0000000E-01   8.5161900E+06   4.2621535E+06   1.2771643E+07   2.0471568E-05   2.4300938E-04   8.4148105E-05
   2.5000000E-01   6.3527905E+06   3.1769491E+06   9.5253597E+06   1.6288896E-05   2.4949874E-04   8.5352461E-05
   3.0000000E-01   4.8968687E+06   2.4453520E+06   7.3391649E+06   2.2644755E-04   3.6004344E-04   2.7403542E-04
   3.5000000E-01   3.8658281E+06   1.9428544E+06   5.8065726E+06   1.1946013E-04   2.4280317E-04   7.9548106E-06
   4.0000000E-01   3.1160310E+06   1.5554292E+06   4.6700119E+06   1.9429121E-04   2.1376378E-04   1.9343710E-04
   4.5000000E-01   2.5287811E+06   1.2692854E+06   3.7969135E+06   1.4307124E-04   2.6100159E-04   1.4066338E-04
   5.0000000E-01   2.0703002E+06   1.0353220E+06   3.1048137E+06   4.7116756E-05   4.0230384E-04   1.6862850E-04
   5.5000000E-01   1.7070149E+06   8.5322676E+05   2.5595182E+06   2.1478075E-04   3.1828962E-04   2.0595837E-04
   6.0000000E-01   1.4165108E+06   7.1189476E+05   2.1278167E+06   1.6810320E-04   2.8502686E-04   1.6472920E-04
   6.5000000E-01   1.1718995E+06   5.8617500E+05   1.7576435E+06   2.9623819E-04   5.7525836E-04   9.3005591E-05
   7.0000000E-01   9.6638881E+05   4.8650028E+05   1.4525753E+06   1.1156133E-03   7.7708105E-04   8.2925463E-04
   7.5000000E-01   7.9223511E+05   3.9314242E+05   1.1851144E+06   7.7054026E-04   6.1079868E-04   7.1512302E-04
   8.0000000E-01   6.3762643E+05   3.2006855E+05   9.5755174E+05   1.3400599E-04   1.0882380E-03   3.1993724E-04
   8.5000000E-01   5.0256637E+05   2.5429215E+05   7.5677239E+05   8.7009169E-04   1.2915256E-03   1.0055953E-03
   9.0000000E-01   3.7591337E+05   1.8875423E+05   5.6462161E+05   1.1745953E-03   1.8858352E-03   1.4114181E-03
   9.5000000E-01   2.5060370E+05   1.2575586E+05   3.7634616E+05   2.5490537E-03   2.6506125E-03   2.4971075E-03
   1.0000000E+00   1.2973839E+05   6.4341038E+04   1.9407314E+05   4.1926759E-03   5.0377701E-03   4.2302463E-03
