   0.0000000E+00   3.2275288E+09   1.6577406E+09   4.6663170E+09   7.8177607E-04   5.4349760E-09   5.2480144E-04
   5.0000000E-02   2.3592492E+06   5.9708568E+05   2.9554436E+06   2.7642900E-01   3.5704305E-06   2.2064828E-01
   1.0000000E-01   2.4146988E+05   6.4839724E+04   3.0630960E+05   3.3338705E-01   8.3112967E-05   2.6283315E-01
   1.5000000E-01   1.9034931E+04   5.6446953E+03   2.4679627E+04   3.6404281E-01   9.7506834E-06   2.8078157E-01
   2.0000000E-01   1.0981691E+03   2.8647890E+02   1.3846480E+03   3.6272093E-01   2.0097268E-03   2.8809097E-01
   2.5000000E-01   1.2732395E+02   2.5464791E+01   1.5278875E+02   2.9195306E-01   6.0798930E-02   2.5336315E-01
   3.0000000E-01   4.2441318E+01   0.0000000E+00   4.2441318E+01   3.3922253E-01   0.0000000E+00   3.3922253E-01
   3.5000000E-01   9.0945682E+00   0.0000000E+00   9.0945682E+00   4.1360678E-01   0.0000000E+00   4.1360678E-01
   4.0000000E-01   0.0000000E+00   0.0000000E+00   0.0000000E+00   0.0000000E+00   0.0000000E+00   0.0000000E+00
   4.5000000E-01   0.0000000E+00   0.0000000E+00   0.0000000E+00   0.0000000E+00   0.0000000E+00   0.0000000E+00
   5.0000000E-01   6.3661977E+00   0.0000000E+00   6.3661977E+00   1.8384589E-02   0.0000000E+00   1.8384589E-02
   5.5000000E-01   0.0000000E+00   0.0000000E+00   0.0000000E+00   0.0000000E+00   0.0000000E+00   0.0000000E+00
   6.0000000E-01   0.0000000E+00   0.0000000E+00   0.0000000E+00   0.0000000E+00   0.0000000E+00   0.0000000E+00
   6.5000000E-01   0.0000000E+00   0.0000000E+00   0.0000000E+00   0.0000000E+00   0.0000000E+00   0.0000000E+00
   7.0000000E-01   0.0000000E+00   0.0000000E+00   0.0000000E+00   0.0000000E+00   0.0000000E+00   0.0000000E+00
   7.5000000E-01   0.0000000E+00   0.0000000E+00   0.0000000E+00   0.0000000E+00   0.0000000E+00   0.0000000E+00
   8.0000000E-01   0.0000000E+00   0.0000000E+00   0.0000000E+00   0.0000000E+00   0.0000000E+00   0.0000000E+00
   8.5000000E-01   0.0000000E+00   0.0000000E+00   0.0000000E+00   0.0000000E+00   0.0000000E+00   0.0000000E+00
   9.0000000E-01   0.0000000E+00   0.0000000E+00   0.0000000E+00   0.0000000E+00   0.0000000E+00   0.0000000E+00
   9.5000000E-01   0.0000000E+00   0.0000000E+00   0.0000000E+00   0.0000000E+00   0.0000000E+00   0.0000000E+00
   1.0000000E+00   0.0000000E+00   0.0000000E+00   0.0000000E+00   0.0000000E+00   0.0000000E+00   0.0000000E+00
