   0.0000000E+00   6.3093603E+07   3.1835572E+07   9.4924082E+07   3.8499794E-03   2.6653234E-03   3.4529906E-03
   5.0000000E-02   2.3560661E+07   1.1775683E+07   3.5329787E+07   1.0737916E-03   3.4530737E-04   7.5735070E-04
   1.0000000E-01   1.2507191E+07   6.2678718E+06   1.8772166E+07   4.2048006E-04   2.9738310E-04   3.7838583E-04
   1.5000000E-01   8.5858999E+06   4.3074967E+06   1.2890723E+07   3.4168960E-04   3.0451725E-04   3.2580726E-04
   2.0000000E-01   6.5384989E+06   3.2730214E+06   9.8090534E+06   4.7868362E-04   7.2501934E-04   5.5552310E-04
   2.5000000E-01   5.2349499E+06   2.6273043E+06   7.8604844E+06   2.0417541E-04   7.8344601E-04   3.9042619E-04
   3.0000000E-01   4.3503730E+06   2.1811230E+06   6.5298090E+06   3.3346359E-04   1.0702097E-04   2.0941390E-04
   3.5000000E-01   3.6867288E+06   1.8458154E+06   5.5311981E+06   1.0963912E-04   3.4396255E-04   1.8572008E-04
   4.0000000E-01   3.1785072E+06   1.5944461E+06   4.7720939E+06   2.8615639E-04   2.0865151E-04   1.2751373E-04
   4.5000000E-01   2.7661624E+06   1.3772208E+06   4.1425839E+06   4.4934004E-04   2.0861021E-04   3.1785939E-04
   5.0000000E-01   2.4257696E+06   1.2112964E+06   3.6364485E+06   8.1014948E-05   1.1714835E-03   4.1116632E-04
   5.5000000E-01   2.1364439E+06   1.0689772E+06   3.2047208E+06   2.6020872E-04   4.5947376E-04   2.1250856E-04
   6.0000000E-01   1.8754872E+06   9.4379412E+05   2.8187242E+06   5.1618406E-04   1.3381742E-04   3.7948140E-04
   6.5000000E-01   1.6516806E+06   8.2590642E+05   2.4771659E+06   3.6741408E-04   2.9529761E-04   3.1146668E-04
   7.0000000E-01   1.4437218E+06   7.2234517E+05   2.1656440E+06   5.8466823E-04   5.9535182E-04   5.5033923E-04
   7.5000000E-01   1.2511106E+06   6.2825883E+05   1.8790002E+06   2.6658281E-04   6.0799755E-04   3.5402030E-04
   8.0000000E-01   1.0642731E+06   5.3498740E+05   1.5989700E+06   4.0303285E-04   1.6181704E-04   2.8865268E-04
   8.5000000E-01   8.8525350E+05   4.4402357E+05   1.3290786E+06   5.3570191E-04   5.5575184E-04   5.3948792E-04
   9.0000000E-01   6.9995637E+05   3.4875800E+05   1.0486507E+06   1.3836353E-03   1.1822627E-03   1.3162830E-03
   9.5000000E-01   4.8505066E+05   2.4324906E+05   7.2821260E+05   1.4914278E-03   2.5658430E-03   1.8255142E-03
   1.0000000E+00   2.5480510E+05   1.2694670E+05   3.8173922E+05   3.3099650E-03   2.5628939E-03   3.0202358E-03
