   0.0000000E+00   2.7909380E+09   1.3954329E+09   4.1605394E+09   1.6408232E-03   6.0157589E-05   1.1126836E-03
   5.0000000E-02   6.4142625E+07   3.5403380E+07   9.9427594E+07   1.1342472E-02   2.2493759E-03   8.1040366E-03
   1.0000000E-01   1.2264798E+06   4.3942680E+05   1.6658430E+06   1.6056644E-01   8.0684361E-02   1.3949388E-01
   1.5000000E-01   3.6650200E+05   1.1635287E+05   4.8283366E+05   1.6579941E-01   1.4999943E-01   1.6199043E-01
   2.0000000E-01   1.6607818E+05   5.7836906E+04   2.2391509E+05   1.2437078E-01   1.8454134E-01   1.3991262E-01
   2.5000000E-01   9.2373529E+04   3.1245298E+04   1.2361883E+05   7.7123555E-02   2.1670373E-01   1.1240229E-01
   3.0000000E-01   5.8643291E+04   1.9183476E+04   7.7826767E+04   3.2811346E-02   2.4711319E-01   8.5633281E-02
   3.5000000E-01   4.3972237E+04   1.2868814E+04   5.6841051E+04   1.1759419E-03   2.7876187E-01   6.2542804E-02
   4.0000000E-01   3.4648031E+04   9.0161275E+03   4.3664159E+04   2.3754660E-02   3.0426869E-01   4.3986407E-02
   4.5000000E-01   3.0168704E+04   6.4652275E+03   3.6633931E+04   4.1061513E-02   3.2214186E-01   2.3043139E-02
   5.0000000E-01   2.6839890E+04   4.8064793E+03   3.1646369E+04   4.5749971E-02   3.5702886E-01   1.5460384E-02
   5.5000000E-01   2.5059669E+04   3.7155445E+03   2.8775214E+04   5.1685825E-02   3.8594926E-01   4.8242333E-03
   6.0000000E-01   2.3305589E+04   2.6578875E+03   2.5963476E+04   5.5934767E-02   4.0454370E-01   8.8019217E-03
   6.5000000E-01   2.2335560E+04   2.1596102E+03   2.4495170E+04   5.6886663E-02   4.4804062E-01   1.2403346E-02
   7.0000000E-01   2.1540485E+04   1.5324347E+03   2.3072919E+04   5.4733321E-02   4.6544941E-01   2.0188623E-02
   7.5000000E-01   1.9858293E+04   1.3538780E+03   2.1212171E+04   5.5627713E-02   4.9563568E-01   2.0443179E-02
   8.0000000E-01   1.8987185E+04   1.0066550E+03   1.9993840E+04   5.7605406E-02   5.3028867E-01   2.8007745E-02
   8.5000000E-01   1.7364740E+04   7.7517819E+02   1.8139919E+04   6.0460061E-02   5.6438629E-01   3.3758381E-02
   9.0000000E-01   1.5087889E+04   5.1283259E+02   1.5600721E+04   6.4209294E-02   6.0648421E-01   4.2162144E-02
   9.5000000E-01   1.1502714E+04   2.6805043E+02   1.1770765E+04   7.7433051E-02   6.5652694E-01   6.0718922E-02
   1.0000000E+00   5.8223201E+03   1.6347767E+02   5.9857978E+03   1.3102406E-01   6.8927324E-01   1.0862389E-01
