   0.0000000E+00   2.3219514E+09   1.4900111E+09   3.7119847E+09   3.1930760E-03   4.3575277E-06   1.9569778E-03
   5.0000000E-02   1.5535114E+07   4.6315362E+06   2.0149398E+07   1.8968456E-01   2.8069672E-04   1.4617458E-01
   1.0000000E-01   6.7553316E+06   1.9721207E+06   8.7206405E+06   1.9997880E-01   3.4223890E-04   1.5486378E-01
   1.5000000E-01   3.8827228E+06   1.0868161E+06   4.9656342E+06   2.0572467E-01   1.9567080E-04   1.6079031E-01
   2.0000000E-01   2.4923187E+06   6.5557513E+05   3.1457134E+06   2.0543981E-01   2.9429494E-04   1.6273948E-01
   2.5000000E-01   1.7183132E+06   4.2386144E+05   2.1408632E+06   1.9950208E-01   3.1573254E-04   1.6011446E-01
   3.0000000E-01   1.2378117E+06   2.7704631E+05   1.5140304E+06   1.8583010E-01   3.0150747E-04   1.5189826E-01
   3.5000000E-01   9.3643131E+05   1.7943583E+05   1.1153124E+06   1.6825778E-01   3.5780740E-04   1.4124442E-01
   4.0000000E-01   7.3449210E+05   1.1790994E+05   8.5200416E+05   1.4672000E-01   4.5185587E-04   1.2649338E-01
   4.5000000E-01   6.0197351E+05   7.7511994E+04   6.7921671E+05   1.2151382E-01   4.3850645E-04   1.0769552E-01
   5.0000000E-01   5.1055633E+05   5.0751328E+04   5.6122489E+05   9.6781609E-02   5.4844300E-04   8.8087573E-02
   5.5000000E-01   4.4598109E+05   3.3098441E+04   4.7898693E+05   7.5485939E-02   8.2595155E-04   7.0329838E-02
   6.0000000E-01   3.9639130E+05   2.0668922E+04   4.1699656E+05   5.7801626E-02   1.1634123E-03   5.4994197E-02
   6.5000000E-01   3.5390673E+05   1.3305353E+04   3.6716311E+05   4.3374440E-02   2.0815929E-03   4.1875957E-02
   7.0000000E-01   3.1516771E+05   8.4488538E+03   3.2351198E+05   3.2473584E-02   4.8859872E-04   3.1636906E-02
   7.5000000E-01   2.7950154E+05   5.5513244E+03   2.8497223E+05   2.5156569E-02   1.0947609E-03   2.4691369E-02
   8.0000000E-01   2.4403227E+05   3.3780637E+03   2.4735861E+05   1.9353375E-02   1.3602058E-03   1.9101745E-02
   8.5000000E-01   2.0496535E+05   2.2057003E+03   2.0712986E+05   1.5486237E-02   2.0006712E-03   1.5331160E-02
   9.0000000E-01   1.6091272E+05   1.3156809E+03   1.6220718E+05   1.3012393E-02   2.6571745E-03   1.2927691E-02
   9.5000000E-01   1.0682815E+05   7.5724247E+02   1.0756864E+05   1.0806695E-02   1.2136704E-03   1.0739859E-02
   1.0000000E+00   4.7471400E+04   2.1377849E+02   4.7685179E+04   1.0225703E-02   8.2965535E-07   1.0179863E-02
