   0.0000000E+00   1.8072515E+08   1.1057984E+08   2.9108701E+08   2.7814095E-05   8.2387337E-06   1.9522077E-05
   5.0000000E-02   7.4873106E+07   3.7954571E+07   1.1258703E+08   4.1111541E-06   1.4393505E-05   7.7979130E-06
   1.0000000E-01   3.3788403E+07   1.6714707E+07   5.0414747E+07   1.5416585E-05   1.0689693E-05   1.3865461E-05
   1.5000000E-01   1.8810608E+07   9.2376288E+06   2.8000214E+07   9.9747850E-06   1.7670012E-05   4.1654309E-06
   2.0000000E-01   1.1457389E+07   5.6295172E+06   1.7064354E+07   1.7687020E-05   3.4312806E-05   2.2832628E-05
   2.5000000E-01   7.3014431E+06   3.5817756E+06   1.0871721E+07   1.2801737E-05   2.3759714E-05   8.5440178E-06
   3.0000000E-01   4.7743300E+06   2.3522146E+06   7.1212288E+06   5.8094176E-05   8.3833928E-05   6.6204394E-05
   3.5000000E-01   3.1919115E+06   1.5742425E+06   4.7631619E+06   3.1035208E-05   7.3122088E-05   2.7057178E-05
   4.0000000E-01   2.1615231E+06   1.0632266E+06   3.2231263E+06   7.7816098E-05   1.6277387E-04   1.0511801E-04
   4.5000000E-01   1.4649328E+06   7.2203293E+05   2.1860886E+06   1.6540443E-04   1.6574678E-04   1.6352685E-04
   5.0000000E-01   1.0104938E+06   4.9852421E+05   1.5085851E+06   1.4359199E-04   8.1327858E-05   9.7620272E-05
   5.5000000E-01   7.0605184E+05   3.4416244E+05   1.0499944E+06   4.2732500E-05   1.3684650E-04   7.2234521E-05
   6.0000000E-01   4.8612286E+05   2.3886504E+05   7.2485527E+05   2.6288560E-04   2.4662639E-04   2.2632956E-04
   6.5000000E-01   3.4075318E+05   1.6737713E+05   5.0804706E+05   6.6996012E-04   3.6151810E-04   3.9486924E-04
   7.0000000E-01   2.3740006E+05   1.1610126E+05   3.5346949E+05   4.8442659E-04   3.6145375E-04   4.4201093E-04
   7.5000000E-01   1.6392110E+05   8.0362636E+04   2.4425827E+05   5.8804730E-04   5.1497767E-04   5.3257984E-04
   8.0000000E-01   1.1274934E+05   5.5381941E+04   1.6811537E+05   8.1868020E-04   1.5366093E-03   7.9288037E-04
   8.5000000E-01   7.6143470E+04   3.7762787E+04   1.1390626E+05   9.2933409E-04   1.8136799E-03   1.2155550E-03
   9.0000000E-01   4.9076311E+04   2.4308265E+04   7.3381039E+04   8.9684710E-04   2.6396673E-03   1.4198446E-03
   9.5000000E-01   2.7830336E+04   1.3764390E+04   4.1594726E+04   1.2931200E-03   2.4166953E-03   1.6245516E-03
   1.0000000E+00   1.3732124E+04   6.8849249E+03   2.0617049E+04   7.4553469E-03   6.9633477E-03   5.9242799E-03
