   0.0000000E+00   6.2552731E+07   2.8269992E+07   9.0803370E+07   6.9035653E-02   3.2495273E-06   4.7548324E-02
   5.0000000E-02   2.4452629E+07   1.1651733E+07   3.6077624E+07   3.4671114E-02   1.0934716E-05   2.3475621E-02
   1.0000000E-01   1.3200757E+07   6.3802352E+06   1.9566159E+07   1.5649886E-02   1.5722653E-05   1.0568669E-02
   1.5000000E-01   9.0376241E+06   4.4168043E+06   1.3443436E+07   1.0597856E-02   1.2082296E-05   7.1171405E-03
   2.0000000E-01   6.8290044E+06   3.3712996E+06   1.0192601E+07   7.7779365E-03   1.5678727E-05   5.2087156E-03
   2.5000000E-01   5.4197478E+06   2.6917048E+06   8.1053538E+06   5.8255228E-03   3.7929095E-05   3.8919056E-03
   3.0000000E-01   4.4570069E+06   2.2210285E+06   6.6720617E+06   5.1083449E-03   2.5232644E-05   3.4123561E-03
   3.5000000E-01   3.7453160E+06   1.8753091E+06   5.6159777E+06   4.4010493E-03   4.7857930E-05   2.9398556E-03
   4.0000000E-01   3.1843721E+06   1.6079822E+06   4.7887733E+06   5.0575016E-03   1.1570067E-05   3.3733634E-03
   4.5000000E-01   2.7545406E+06   1.3908232E+06   4.1421878E+06   4.4949594E-03   2.6816425E-05   2.9862924E-03
   5.0000000E-01   2.3849941E+06   1.2067764E+06   3.5895488E+06   4.3234574E-03   3.3458915E-05   2.8853554E-03
   5.5000000E-01   2.0801898E+06   1.0543755E+06   3.1321461E+06   4.8513312E-03   7.3373624E-06   3.2261665E-03
   6.0000000E-01   1.8106050E+06   9.2117820E+05   2.7301015E+06   6.0005426E-03   6.3969963E-05   3.9955805E-03
   6.5000000E-01   1.5838218E+06   8.0546603E+05   2.3876425E+06   5.9558021E-03   6.8095993E-05   3.9605017E-03
   7.0000000E-01   1.3771268E+06   7.0075012E+05   2.0767265E+06   6.9138918E-03   8.6286706E-05   4.5986339E-03
   7.5000000E-01   1.1840618E+06   6.0646946E+05   1.7895764E+06   7.6429099E-03   4.7200702E-05   5.0675414E-03
   8.0000000E-01   1.0052704E+06   5.1854272E+05   1.5230133E+06   9.1713239E-03   1.6753019E-05   6.0580530E-03
   8.5000000E-01   8.3715500E+05   4.3582615E+05   1.2723707E+06   1.0508841E-02   3.5203523E-05   6.9059095E-03
   9.0000000E-01   6.6564610E+05   3.4651922E+05   1.0118364E+06   1.4025918E-02   1.0153181E-04   9.2582413E-03
   9.5000000E-01   4.7936129E+05   2.5674875E+05   7.3591235E+05   2.0518712E-02   7.5843816E-05   1.3379086E-02
   1.0000000E+00   2.8319363E+05   1.5697000E+05   4.4012590E+05   3.3842045E-02   1.8450166E-04   2.1803869E-02
