   0.0000000E+00   1.5980832E+09   8.4253469E+08   2.4393029E+09   2.0429798E-04   3.4848880E-06   1.3259528E-04
   5.0000000E-02   1.2727621E+07   5.7966140E+06   1.8523598E+07   9.8001699E-03   1.5754437E-04   6.6835260E-03
   1.0000000E-01   6.7918417E+06   3.1393313E+06   9.9309820E+06   1.0143107E-02   4.6766285E-05   6.9226641E-03
   1.5000000E-01   4.6742958E+06   2.1662898E+06   6.8403734E+06   9.5054225E-03   5.3255319E-05   6.4868366E-03
   2.0000000E-01   3.5411497E+06   1.6618800E+06   5.2027751E+06   9.3244493E-03   1.2262638E-04   6.3108912E-03
   2.5000000E-01   2.8391714E+06   1.3360994E+06   4.1750543E+06   9.1693480E-03   1.3187348E-04   6.1957228E-03
   3.0000000E-01   2.3625915E+06   1.1172995E+06   3.4797637E+06   9.2369878E-03   9.0400698E-05   6.2407732E-03
   3.5000000E-01   1.9935021E+06   9.4675364E+05   2.9401011E+06   9.1168252E-03   1.5502599E-04   6.1375919E-03
   4.0000000E-01   1.7259637E+06   8.2242521E+05   2.5482696E+06   8.5431948E-03   7.9709453E-05   5.7685002E-03
   4.5000000E-01   1.4979239E+06   7.1740682E+05   2.2152317E+06   1.0174658E-02   1.2672132E-04   6.8381489E-03
   5.0000000E-01   1.3059172E+06   6.3087110E+05   1.9367310E+06   1.0143396E-02   2.1304040E-04   6.7693007E-03
   5.5000000E-01   1.1498916E+06   5.5590217E+05   1.7057127E+06   1.0252930E-02   7.8954262E-05   6.8875590E-03
   6.0000000E-01   1.0138329E+06   4.9191079E+05   1.5056906E+06   1.1039024E-02   1.0960885E-04   7.3989355E-03
   6.5000000E-01   8.8622859E+05   4.3390045E+05   1.3200752E+06   1.0792810E-02   1.8142920E-04   7.1876013E-03
   7.0000000E-01   7.7576667E+05   3.7818398E+05   1.1539188E+06   9.9516161E-03   1.6208597E-04   6.6407800E-03
   7.5000000E-01   6.7084021E+05   3.2900510E+05   9.9981135E+05   1.1826467E-02   1.0283744E-04   7.9054284E-03
   8.0000000E-01   5.7092459E+05   2.8172016E+05   8.5262088E+05   1.2943818E-02   1.9102609E-04   8.6041060E-03
   8.5000000E-01   4.7287368E+05   2.3179700E+05   7.0464821E+05   1.2442324E-02   1.5271481E-04   8.3026212E-03
   9.0000000E-01   3.6706789E+05   1.8258962E+05   5.4965044E+05   1.2584639E-02   1.1194027E-04   8.3664703E-03
   9.5000000E-01   2.4935726E+05   1.2395992E+05   3.7331048E+05   1.3720952E-02   4.8742501E-05   9.1788828E-03
   1.0000000E+00   1.1819436E+05   6.0360986E+04   1.7855534E+05   1.3889681E-02   1.3561987E-04   9.2321133E-03
