   0.0000000E+00   2.5280879E+09   1.4802734E+09   3.8726783E+09   1.4079181E-03   7.3572934E-05   9.2316085E-04
   5.0000000E-02   8.3813540E+06   2.3386227E+06   1.0713420E+07   1.7234533E-01   1.6669640E-02   1.3838311E-01
   1.0000000E-01   4.0363285E+06   1.0907843E+06   5.1243435E+06   1.7624561E-01   1.5357414E-02   1.4203121E-01
   1.5000000E-01   2.5809414E+06   6.9211180E+05   3.2712283E+06   1.7907543E-01   1.3553210E-02   1.4408352E-01
   2.0000000E-01   1.8480117E+06   4.8007497E+05   2.3269408E+06   1.8437357E-01   1.2920560E-02   1.4902752E-01
   2.5000000E-01   1.4122646E+06   3.6483406E+05   1.7761692E+06   1.8827044E-01   1.1834210E-02   1.5207100E-01
   3.0000000E-01   1.1075699E+06   2.7926387E+05   1.3860380E+06   1.9157341E-01   1.1140093E-02   1.5525488E-01
   3.5000000E-01   8.9898897E+05   2.2491777E+05   1.1234429E+06   1.9594760E-01   1.0463905E-02   1.5883550E-01
   4.0000000E-01   7.4394591E+05   1.8223241E+05   9.2583613E+05   1.9874826E-01   8.8367921E-03   1.6140679E-01
   4.5000000E-01   6.1742922E+05   1.5000884E+05   7.6710561E+05   2.0314781E-01   9.6904880E-03   1.6533925E-01
   5.0000000E-01   5.1517818E+05   1.2268300E+05   6.3767019E+05   2.0573268E-01   9.8525444E-03   1.6805021E-01
   5.5000000E-01   4.3802334E+05   1.0187074E+05   5.3972046E+05   2.0838543E-01   9.5245899E-03   1.7087351E-01
   6.0000000E-01   3.7047557E+05   8.5100148E+04   4.5541656E+05   2.1286088E-01   8.1942074E-03   1.7465107E-01
   6.5000000E-01   3.1217385E+05   6.9469908E+04   3.8158010E+05   2.1659148E-01   8.9751292E-03   1.7879747E-01
   7.0000000E-01   2.6611161E+05   5.8464432E+04   3.2451693E+05   2.1930951E-01   9.4883685E-03   1.8150755E-01
   7.5000000E-01   2.1934098E+05   4.7687065E+04   2.6697287E+05   2.2304096E-01   9.0264360E-03   1.8483354E-01
   8.0000000E-01   1.8149632E+05   3.8185250E+04   2.1963780E+05   2.2801097E-01   8.3480151E-03   1.8984239E-01
   8.5000000E-01   1.4360270E+05   2.9280765E+04   1.7285350E+05   2.3214964E-01   8.3994103E-03   1.9426803E-01
   9.0000000E-01   1.0908126E+05   2.2444384E+04   1.3151503E+05   2.3607615E-01   1.1139903E-02   1.9767480E-01
   9.5000000E-01   7.1864320E+04   1.4277036E+04   8.6131305E+04   2.4232031E-01   9.6842582E-03   2.0376660E-01
   1.0000000E+00   3.2179951E+04   6.1304126E+03   3.8310363E+04   2.4299892E-01   1.1291323E-02   2.0591770E-01
