   0.0000000E+00   5.4499745E+06   8.5484692E+08   8.5983802E+08   9.7820059E-05   1.1620141E-05   1.1347973E-05
   5.0000000E-02   5.5726512E+06   8.9810307E+07   9.5323434E+07   6.0019816E-05   1.4095065E-04   1.2944787E-04
   1.0000000E-01   5.6937999E+06   6.6937704E+06   1.2384005E+07   5.3608643E-05   1.4409958E-03   7.6625387E-04
   1.5000000E-01   5.9117361E+06   5.8825789E+05   6.4986995E+06   4.7325438E-05   1.0255536E-02   8.8626783E-04
   2.0000000E-01   6.2665349E+06   6.2404653E+04   6.3273321E+06   1.1343606E-05   6.1569125E-02   5.9953425E-04
   2.5000000E-01   6.9111188E+06   1.2910649E+04   6.9218777E+06   3.0404507E-05   2.1366786E-01   3.7696287E-04
   3.0000000E-01   7.9903845E+06   5.7720193E+03   7.9924005E+06   1.7746360E-05   3.2910101E-01   2.2830219E-04
   3.5000000E-01   9.9114059E+06   3.5741653E+03   9.9076862E+06   4.6136559E-05   3.9009700E-01   9.5366962E-05
   4.0000000E-01   1.1818790E+07   2.3316199E+03   1.1810196E+07   3.2152959E-05   4.3564761E-01   5.5856495E-05
   4.5000000E-01   9.1086001E+06   1.6552114E+03   9.1026724E+06   1.3649791E-05   4.5282506E-01   9.4815471E-05
   5.0000000E-01   2.8984343E+06   1.4451269E+03   2.8992365E+06   2.1158267E-04   4.9396339E-01   4.5722529E-04
   5.5000000E-01   4.6138150E+05   1.0301665E+03   4.6238273E+05   1.8920911E-03   5.0093538E-01   3.0022357E-03
   6.0000000E-01   6.2112869E+04   7.9046955E+02   6.2903339E+04   1.3189886E-02   5.3684047E-01   1.9766266E-02
   6.5000000E-01   9.2848545E+03   6.6110515E+02   9.9459597E+03   8.0754006E-02   5.7915770E-01   1.1385549E-01
   7.0000000E-01   2.6328775E+03   4.5018112E+02   3.0830586E+03   2.2130968E-01   6.1638369E-01   2.7897616E-01
   7.5000000E-01   1.4005635E+03   4.3714558E+02   1.8377091E+03   3.5172690E-01   6.2576433E-01   4.1691181E-01
   8.0000000E-01   9.5890853E+02   2.8647890E+02   1.2453874E+03   4.5475900E-01   6.8836259E-01   5.0849095E-01
   8.5000000E-01   6.8155764E+02   2.2094451E+02   9.0250215E+02   4.6931170E-01   6.9589911E-01   5.2465482E-01
   9.0000000E-01   4.7392805E+02   1.0964007E+02   5.8356812E+02   5.1033967E-01   7.5837098E-01   5.5687937E-01
   9.5000000E-01   2.5799854E+02   9.3817651E+01   3.5181619E+02   5.7848957E-01   8.1008664E-01   6.4022603E-01
   1.0000000E+00   1.1317685E+02   3.1438013E+01   1.4461486E+02   5.9472912E-01   8.4873195E-01   6.4800961E-01
