   0.0000000E+00   8.9718061E+07   6.4565977E+07   1.5420357E+08   6.7464615E-04   1.1435998E-04   4.3489135E-04
   5.0000000E-02   4.4810902E+07   2.4253685E+07   6.8944521E+07   2.2393230E-04   1.2464202E-04   1.8988392E-04
   1.0000000E-01   2.3809739E+07   1.1898455E+07   3.5650739E+07   8.7694301E-05   7.8511808E-05   8.2131562E-05
   1.5000000E-01   1.4930792E+07   7.3417114E+06   2.2235325E+07   7.5404933E-05   3.2224586E-05   6.1755350E-05
   2.0000000E-01   1.0143804E+07   4.9515331E+06   1.5072371E+07   1.1122739E-04   5.1064662E-05   7.0833677E-05
   2.5000000E-01   7.2277735E+06   3.5213095E+06   1.0734784E+07   6.0035110E-05   7.4580594E-05   5.3610935E-05
   3.0000000E-01   5.3230750E+06   2.5881034E+06   7.9020429E+06   5.9258267E-05   5.8331058E-05   2.9713901E-05
   3.5000000E-01   3.9689150E+06   1.9303949E+06   5.8932620E+06   1.2652219E-04   1.9929603E-04   1.3965304E-04
   4.0000000E-01   3.0181268E+06   1.4666446E+06   4.4808801E+06   9.1409862E-05   2.0192626E-04   1.2285341E-04
   4.5000000E-01   2.3249920E+06   1.1316341E+06   3.4540796E+06   5.8439775E-05   2.8435096E-04   5.2455703E-05
   5.0000000E-01   1.7975532E+06   8.7337867E+05   2.6694486E+06   4.5632420E-04   1.0546974E-04   2.8261068E-04
   5.5000000E-01   1.4005346E+06   6.8385696E+05   2.0832225E+06   1.0525214E-04   2.2233491E-04   8.6873339E-05
   6.0000000E-01   1.0977977E+06   5.3400728E+05   1.6308978E+06   4.9144522E-04   5.6190737E-04   5.1564259E-04
   6.5000000E-01   8.5659149E+05   4.1840610E+05   1.2745569E+06   4.1115071E-04   6.0218410E-04   4.4683466E-04
   7.0000000E-01   6.6915559E+05   3.2739991E+05   9.9621900E+05   2.9418285E-04   6.0494507E-04   3.5221094E-04
   7.5000000E-01   5.2429034E+05   2.5533970E+05   7.7942208E+05   1.0156991E-03   6.1089578E-04   8.8148350E-04
   8.0000000E-01   4.0288084E+05   1.9615449E+05   5.9891995E+05   1.7520703E-03   1.0271494E-03   1.4861569E-03
   8.5000000E-01   3.0335681E+05   1.4734377E+05   4.5059199E+05   2.1116014E-03   3.0532514E-03   2.4035470E-03
   9.0000000E-01   2.1885573E+05   1.0682833E+05   3.2564870E+05   2.1708251E-03   3.1376031E-03   2.4783584E-03
   9.5000000E-01   1.4395983E+05   7.0440302E+04   2.1438338E+05   7.3173959E-03   7.1896509E-03   7.2829646E-03
   1.0000000E+00   8.2650537E+04   4.0749953E+04   1.2338792E+05   1.1911851E-02   1.4735146E-02   1.2787213E-02
