   0.0000000E+00   2.3571840E+08   1.2020247E+08   3.5583735E+08   3.2748014E-05   1.3460514E-05   2.5026140E-05
   5.0000000E-02   7.4664804E+07   3.7399374E+07   1.1199230E+08   2.3841089E-05   4.3790417E-05   2.8890267E-05
   1.0000000E-01   3.2029296E+07   1.6052336E+07   4.8054416E+07   1.2457394E-05   2.5542122E-05   1.4026484E-05
   1.5000000E-01   1.7730752E+07   8.8669675E+06   2.6584159E+07   4.5113125E-05   8.7535915E-05   5.3602018E-05
   2.0000000E-01   1.0866304E+07   5.4115386E+06   1.6270808E+07   1.8700357E-05   5.2186156E-05   2.8892428E-05
   2.5000000E-01   6.9875896E+06   3.4989132E+06   1.0482925E+07   8.7143522E-05   3.9146715E-05   7.1567467E-05
   3.0000000E-01   4.6446611E+06   2.3253280E+06   6.9680899E+06   7.5595993E-05   1.0812125E-04   7.8525830E-05
   3.5000000E-01   3.1579433E+06   1.5828914E+06   4.7396433E+06   1.2769850E-04   1.6935720E-04   1.4088850E-04
   4.0000000E-01   2.1866855E+06   1.0939833E+06   3.2801754E+06   1.9695519E-04   1.9311409E-04   1.8234001E-04
   4.5000000E-01   1.5305400E+06   7.5966423E+05   2.2898860E+06   2.3475556E-04   2.1353334E-04   2.2730718E-04
   5.0000000E-01   1.0728826E+06   5.3656861E+05   1.6093111E+06   2.3499476E-04   5.2825260E-04   3.3242341E-04
   5.5000000E-01   7.5834726E+05   3.7951220E+05   1.1377495E+06   5.3924858E-04   2.5462875E-04   4.4379679E-04
   6.0000000E-01   5.3909493E+05   2.7080214E+05   8.0985993E+05   5.1247293E-04   7.0738567E-04   5.4868001E-04
   6.5000000E-01   3.8428328E+05   1.9387031E+05   5.7811442E+05   1.6163917E-04   1.9546100E-04   1.7294093E-04
   7.0000000E-01   2.7424670E+05   1.3787820E+05   4.1210217E+05   5.3046638E-04   1.3031006E-03   7.1370527E-04
   7.5000000E-01   1.9643115E+05   9.8047933E+04   2.9446211E+05   1.5279295E-03   1.3407608E-03   1.4609110E-03
   8.0000000E-01   1.3701251E+05   6.8794724E+04   2.0579928E+05   1.0432671E-03   7.4054326E-04   7.4366950E-04
   8.5000000E-01   9.4605443E+04   4.6851470E+04   1.4145691E+05   2.5578273E-03   1.1124839E-03   2.0264751E-03
   9.0000000E-01   6.1210991E+04   3.0727514E+04   9.1938505E+04   2.2866331E-03   4.7059858E-04   1.4086779E-03
   9.5000000E-01   3.4625414E+04   1.6793359E+04   5.1418774E+04   2.4468436E-03   1.3317329E-03   2.0489815E-03
   1.0000000E+00   1.4901618E+04   7.1364291E+03   2.2038047E+04   5.7995893E-03   7.0487503E-03   6.1608307E-03
