   0.0000000E+00   2.1715080E+09   1.3202725E+09   3.3837670E+09   6.5814245E-02   1.2099354E-06   4.0995443E-02
   5.0000000E-02   1.2652786E+08   4.0586038E+07   1.6533595E+08   1.2694076E-01   1.2674944E-05   9.6095694E-02
   1.0000000E-01   7.5575998E+06   1.8467066E+06   9.3943115E+06   1.0455909E-01   1.2354959E-04   8.4077726E-02
   1.5000000E-01   5.2406540E+05   1.0205015E+05   6.2603066E+05   9.4058586E-02   7.3176076E-04   7.8840313E-02
   2.0000000E-01   3.7624229E+04   6.2547893E+03   4.3879018E+04   9.3512788E-02   7.8917559E-03   8.1307821E-02
   2.5000000E-01   2.9157186E+03   5.9842259E+02   3.5141411E+03   9.7698176E-02   5.1528296E-02   8.9828709E-02
   3.0000000E-01   5.7295780E+02   1.1671362E+02   6.8967142E+02   9.0760773E-02   1.4943695E-01   1.0065018E-01
   3.5000000E-01   2.5464791E+02   3.6378273E+01   2.9102618E+02   1.0718577E-01   1.6525249E-01   1.1439034E-01
   4.0000000E-01   1.2732395E+02   6.3661977E+01   1.9098593E+02   7.3336884E-02   2.2143047E-01   1.2269949E-01
   4.5000000E-01   1.1317685E+02   2.1220659E+01   1.3439751E+02   2.6843578E-02   3.7057590E-01   8.1116321E-02
   5.0000000E-01   8.9126768E+01   1.9098593E+01   1.0822536E+02   2.1995449E-02   3.7809924E-01   8.4735446E-02
   5.5000000E-01   8.6811787E+01   5.7874525E+00   9.2599240E+01   4.3101244E-02   3.3281008E-01   2.0590200E-02
   6.0000000E-01   7.4272307E+01   5.3051648E+00   7.9577472E+01   5.3876387E-02   3.5667253E-01   2.6577439E-02
   6.5000000E-01   3.9176601E+01   9.7941503E+00   4.8970752E+01   7.9824808E-02   4.1144985E-01   1.8790202E-02
   7.0000000E-01   3.6378273E+01   9.0945682E+00   4.5472841E+01   1.4955905E-01   3.7745426E-01   4.4179508E-02
   7.5000000E-01   5.0929582E+01   0.0000000E+00   5.0929582E+01   6.9565495E-02   0.0000000E+00   6.9565495E-02
   8.0000000E-01   2.3873241E+01   3.9788736E+00   2.7852115E+01   1.6710255E-01   5.5763770E-01   6.3568785E-02
   8.5000000E-01   2.6213755E+01   0.0000000E+00   2.6213755E+01   2.1507552E-01   0.0000000E+00   2.1507552E-01
   9.0000000E-01   2.1220659E+01   0.0000000E+00   2.1220659E+01   7.7897481E-02   0.0000000E+00   7.7897481E-02
   9.5000000E-01   2.3454413E+01   0.0000000E+00   2.3454413E+01   1.5128638E-01   0.0000000E+00   1.5128638E-01
   1.0000000E+00   3.1438013E+01   0.0000000E+00   3.1438013E+01   1.9996498E-01   0.0000000E+00   1.9996498E-01
