   0.0000000E+00   3.4321343E+08   2.0907357E+08   5.5174053E+08   8.6212003E-06   6.8118061E-06   3.9050696E-06
   5.0000000E-02   1.2003644E+08   5.9237215E+07   1.7884903E+08   6.0309258E-06   9.0074519E-06   6.6718520E-06
   1.0000000E-01   4.4350498E+07   2.1623618E+07   6.5869806E+07   3.2612279E-05   2.7003943E-05   3.0397141E-05
   1.5000000E-01   2.0291343E+07   9.8970183E+06   3.0150949E+07   4.5134430E-05   3.9788961E-05   4.1323401E-05
   2.0000000E-01   1.0113533E+07   4.9302382E+06   1.5031818E+07   8.5200099E-05   8.7404310E-05   8.5992211E-05
   2.5000000E-01   5.2710080E+06   2.5647246E+06   7.8316964E+06   1.2435352E-04   1.5383327E-04   1.3401480E-04
   3.0000000E-01   2.7894026E+06   1.3601169E+06   4.1481614E+06   2.2042252E-04   2.4612880E-04   2.2713450E-04
   3.5000000E-01   1.5109261E+06   7.3818791E+05   2.2487502E+06   3.4326886E-04   4.5778235E-04   3.7788348E-04
   4.0000000E-01   8.2282310E+05   4.0050546E+05   1.2231455E+06   6.6105199E-04   5.9972710E-04   6.4107014E-04
   4.5000000E-01   4.5325206E+05   2.2003701E+05   6.7327492E+05   1.1008824E-03   9.3854473E-04   1.0477428E-03
   5.0000000E-01   2.4946582E+05   1.2132700E+05   3.7076736E+05   1.1204137E-03   1.5994138E-03   1.2772318E-03
   5.5000000E-01   1.3869051E+05   6.7348584E+04   2.0602752E+05   2.6068099E-03   2.5164594E-03   2.5773731E-03
   6.0000000E-01   7.7625171E+04   3.7677280E+04   1.1530245E+05   3.5441261E-03   3.8938350E-03   3.6564010E-03
   6.5000000E-01   4.3618249E+04   2.1640175E+04   6.5258424E+04   5.7851529E-03   5.5114211E-03   5.6779160E-03
   7.0000000E-01   2.4250666E+04   1.2404991E+04   3.6655657E+04   8.3312727E-03   8.4718656E-03   8.3706607E-03
   7.5000000E-01   1.4480978E+04   6.6547987E+03   2.1135776E+04   1.2317819E-02   1.3157865E-02   1.2552743E-02
   8.0000000E-01   7.9776415E+03   3.9271482E+03   1.1904790E+04   2.0170855E-02   2.3227710E-02   2.1168428E-02
   8.5000000E-01   4.2541180E+03   2.1008452E+03   6.3549633E+03   1.9589701E-02   2.4804923E-02   2.1310439E-02
   9.0000000E-01   2.4509861E+03   1.0539594E+03   3.5049455E+03   3.8820811E-02   3.1115262E-02   3.6403936E-02
   9.5000000E-01   1.1191105E+03   5.2939960E+02   1.6485101E+03   5.4070838E-02   7.3241487E-02   5.9330328E-02
   1.0000000E+00   3.8354376E+02   1.7605288E+02   5.5959664E+02   2.1488866E-02   8.8776656E-02   4.2173236E-02
