   0.0000000E+00   3.2383126E+09   1.6622677E+09   4.7015317E+09   2.2795872E-05   1.2891287E-06   1.5528363E-05
   5.0000000E-02   1.6838593E+05   3.9343102E+04   2.0772903E+05   1.7506508E-01   2.4631003E-02   1.4657342E-01
   1.0000000E-01   7.8145077E+04   2.1294931E+04   9.9440008E+04   1.8725038E-01   1.9338974E-02   1.5129240E-01
   1.5000000E-01   5.3115310E+04   1.2307982E+04   6.5423292E+04   1.9684749E-01   2.2973725E-02   1.6413632E-01
   2.0000000E-01   3.6287327E+04   9.6607050E+03   4.5948032E+04   1.9918303E-01   1.8184742E-02   1.6112664E-01
   2.5000000E-01   2.7081805E+04   6.6845076E+03   3.3766313E+04   2.0246385E-01   1.3170850E-02   1.6499069E-01
   3.0000000E-01   2.1942161E+04   5.6340850E+03   2.7576246E+04   2.1262775E-01   1.4401275E-02   1.7212822E-01
   3.5000000E-01   1.8280082E+04   4.2926362E+03   2.2572718E+04   2.2668984E-01   1.2809917E-02   1.8601646E-01
   4.0000000E-01   1.4650213E+04   3.5730285E+03   1.8223241E+04   2.4107645E-01   1.5047293E-02   1.9675894E-01
   4.5000000E-01   1.2605071E+04   3.2396873E+03   1.5844759E+04   2.4255052E-01   1.5951807E-02   1.9621918E-01
   5.0000000E-01   1.0134987E+04   2.5019157E+03   1.2636902E+04   2.5147757E-01   1.6415646E-02   2.0493886E-01
   5.5000000E-01   9.2772863E+03   2.2628939E+03   1.1540180E+04   2.6821964E-01   1.1252838E-02   2.1783146E-01
   6.0000000E-01   7.5969960E+03   1.9469955E+03   9.5439914E+03   2.7620625E-01   1.9650046E-02   2.2386821E-01
   6.5000000E-01   6.4298597E+03   1.6503143E+03   8.0801740E+03   2.8763904E-01   1.9804645E-02   2.3293589E-01
   7.0000000E-01   5.4885719E+03   1.3732798E+03   6.8618517E+03   3.0463202E-01   2.0565606E-02   2.4778108E-01
   7.5000000E-01   4.5963948E+03   1.1841128E+03   5.7805075E+03   3.0724954E-01   2.6665261E-02   2.4977299E-01
   8.0000000E-01   3.9351060E+03   1.0902114E+03   5.0253173E+03   3.2525928E-01   2.1737874E-02   2.5941220E-01
   8.5000000E-01   2.9321958E+03   8.3884017E+02   3.7710359E+03   3.4988472E-01   1.8692923E-02   2.7621345E-01
   9.0000000E-01   2.1857279E+03   5.9771523E+02   2.7834431E+03   3.5776437E-01   1.3802726E-02   2.8389901E-01
   9.5000000E-01   1.3972129E+03   3.6856934E+02   1.7657822E+03   3.8028568E-01   1.1250676E-02   3.0325750E-01
   1.0000000E+00   6.1618506E+02   1.5719007E+02   7.7337513E+02   3.7422801E-01   1.6044358E-06   2.9816508E-01
