   0.0000000E+00   1.6295633E+08   8.3986445E+07   2.4689286E+08   1.1145981E-04   9.9822030E-05   1.0642563E-04
   5.0000000E-02   5.5597787E+07   2.7806788E+07   8.3348743E+07   5.0633586E-05   6.3606081E-05   5.4253334E-05
   1.0000000E-01   2.5675480E+07   1.2826201E+07   3.8481055E+07   4.1720616E-05   4.0341922E-05   2.9250771E-05
   1.5000000E-01   1.5265506E+07   7.6617614E+06   2.2916020E+07   1.8498239E-05   2.6801699E-06   1.2421734E-05
   2.0000000E-01   1.0048295E+07   5.0287710E+06   1.5070525E+07   4.0377808E-05   1.2138989E-04   5.9515917E-05
   2.5000000E-01   6.9647349E+06   3.4887782E+06   1.0449311E+07   7.5497040E-05   1.7022788E-05   4.6723140E-05
   3.0000000E-01   5.0020701E+06   2.5084835E+06   7.5078161E+06   5.9337684E-05   1.3094780E-05   3.6066846E-05
   3.5000000E-01   3.6685123E+06   1.8434690E+06   5.5103352E+06   5.0366077E-05   1.2578475E-04   8.9294094E-06
   4.0000000E-01   2.7531338E+06   1.3817991E+06   4.1340019E+06   1.3694963E-04   1.1214937E-04   9.3620976E-05
   4.5000000E-01   2.0863374E+06   1.0418919E+06   3.1275502E+06   1.9574434E-04   7.8516944E-05   1.5249640E-04
   5.0000000E-01   1.5885446E+06   7.9642407E+05   2.3845612E+06   1.3946537E-04   6.5935930E-05   7.2085985E-05
   5.5000000E-01   1.2211351E+06   6.1314587E+05   1.8339742E+06   3.8009388E-04   1.2993279E-04   2.1293527E-04
   6.0000000E-01   9.4630346E+05   4.7181483E+05   1.4179538E+06   1.3284071E-04   4.1096980E-04   4.7975888E-05
   6.5000000E-01   7.2837627E+05   3.6432280E+05   1.0926011E+06   2.1814701E-04   3.8855309E-04   2.5797232E-04
   7.0000000E-01   5.6328572E+05   2.8046739E+05   8.4367581E+05   5.7017477E-04   3.0435883E-04   4.8035980E-04
   7.5000000E-01   4.3072845E+05   2.1727833E+05   6.4796434E+05   3.5001371E-04   5.1758325E-04   3.5237874E-04
   8.0000000E-01   3.2625172E+05   1.6294681E+05   4.8916272E+05   1.1156762E-03   5.2678891E-04   8.0956223E-04
   8.5000000E-01   2.3999067E+05   1.2051212E+05   3.6048033E+05   8.7797183E-04   4.0622098E-04   6.7626794E-04
   9.0000000E-01   1.6744161E+05   8.4543106E+04   2.5198118E+05   4.1002388E-04   2.1996090E-03   9.2279258E-04
   9.5000000E-01   1.0349092E+05   5.1897914E+04   1.5538213E+05   1.2643289E-03   2.1543644E-03   1.4492883E-03
   1.0000000E+00   4.9169053E+04   2.4968070E+04   7.4137123E+04   3.9889089E-03   3.7151446E-03   3.6343130E-03
