   0.0000000E+00   3.6001612E+07   1.7170399E+07   5.3159279E+07   7.1264316E-02   2.4378042E-02   5.6126156E-02
   5.0000000E-02   1.6286898E+07   7.9427866E+06   2.4214852E+07   4.9112681E-02   2.1519478E-02   4.0082444E-02
   1.0000000E-01   9.8420144E+06   4.8639024E+06   1.4696622E+07   2.8849989E-02   1.5532049E-02   2.4453076E-02
   1.5000000E-01   7.2655929E+06   3.6273109E+06   1.0883227E+07   1.8865261E-02   1.2683424E-02   1.6806179E-02
   2.0000000E-01   5.8012613E+06   2.9173738E+06   8.7102636E+06   1.4116328E-02   1.0101571E-02   1.2777410E-02
   2.5000000E-01   4.8338794E+06   2.4294938E+06   7.2571471E+06   1.0697110E-02   9.2074472E-03   1.0199659E-02
   3.0000000E-01   4.1466017E+06   2.0762611E+06   6.2165921E+06   9.3118238E-03   7.9231187E-03   8.8528785E-03
   3.5000000E-01   3.6006123E+06   1.8119745E+06   5.4069209E+06   7.9648916E-03   7.5688384E-03   7.8201190E-03
   4.0000000E-01   3.1894651E+06   1.5995708E+06   4.7847308E+06   7.6567604E-03   6.6196074E-03   7.3089478E-03
   4.5000000E-01   2.8277801E+06   1.4257666E+06   4.2493804E+06   7.5422234E-03   6.6480644E-03   7.2534289E-03
   5.0000000E-01   2.5251141E+06   1.2754677E+06   3.7974242E+06   7.3875766E-03   7.5165785E-03   7.4294440E-03
   5.5000000E-01   2.2629055E+06   1.1387565E+06   3.3984615E+06   8.4060259E-03   7.6426876E-03   8.1569811E-03
   6.0000000E-01   2.0296924E+06   1.0215466E+06   3.0483265E+06   8.5151948E-03   7.7143692E-03   8.2291486E-03
   6.5000000E-01   1.8179902E+06   9.1419089E+05   2.7296150E+06   9.1839345E-03   8.0007616E-03   8.7779930E-03
   7.0000000E-01   1.6160729E+06   8.1666949E+05   2.4306552E+06   1.0161034E-02   9.0090604E-03   9.7758384E-03
   7.5000000E-01   1.4306332E+06   7.1770815E+05   2.1467328E+06   1.1652792E-02   1.0952844E-02   1.1425101E-02
   8.0000000E-01   1.2490997E+06   6.2614340E+05   1.8738545E+06   1.3491547E-02   1.3389623E-02   1.3468281E-02
   8.5000000E-01   1.0719628E+06   5.3685022E+05   1.6077458E+06   1.6224034E-02   1.5188710E-02   1.5874859E-02
   9.0000000E-01   8.8372020E+05   4.4175400E+05   1.3247350E+06   1.9249450E-02   1.8406162E-02   1.8957861E-02
   9.5000000E-01   6.6742882E+05   3.3481174E+05   1.0017145E+06   2.6110088E-02   2.5116838E-02   2.5773597E-02
   1.0000000E+00   4.0789565E+05   2.0619564E+05   6.1399698E+05   3.7017890E-02   3.7330689E-02   3.7116705E-02
