   0.0000000E+00   3.7603857E+07   2.1157167E+07   5.8751347E+07   8.0708323E-02   2.0451239E-02   5.9005950E-02
   5.0000000E-02   1.6207830E+07   7.7992288E+06   2.3989425E+07   6.5151489E-02   2.5606684E-02   5.2302085E-02
   1.0000000E-01   9.7835727E+06   4.7814601E+06   1.4554338E+07   4.3283151E-02   2.0119681E-02   3.5678399E-02
   1.5000000E-01   7.2577625E+06   3.5650283E+06   1.0811714E+07   3.1895739E-02   1.7314813E-02   2.7112736E-02
   2.0000000E-01   5.8219356E+06   2.8739404E+06   8.6870588E+06   2.5411741E-02   1.5644367E-02   2.2176979E-02
   2.5000000E-01   4.8561611E+06   2.4275458E+06   7.2754563E+06   2.1119936E-02   1.3927283E-02   1.8730896E-02
   3.0000000E-01   4.1682467E+06   2.0895559E+06   6.2510756E+06   1.7840908E-02   1.2851674E-02   1.6181734E-02
   3.5000000E-01   3.6278323E+06   1.8261984E+06   5.4473917E+06   1.6238263E-02   1.3012548E-02   1.5168481E-02
   4.0000000E-01   3.2075451E+06   1.6187649E+06   4.8204929E+06   1.5975345E-02   1.2591798E-02   1.4832903E-02
   4.5000000E-01   2.8514341E+06   1.4283201E+06   4.2747674E+06   1.5083108E-02   1.3167687E-02   1.4451405E-02
   5.0000000E-01   2.5400747E+06   1.2796057E+06   3.8163000E+06   1.5794971E-02   1.2785128E-02   1.4781888E-02
   5.5000000E-01   2.2753427E+06   1.1456899E+06   3.4171145E+06   1.5356055E-02   1.3462212E-02   1.4722961E-02
   6.0000000E-01   2.0321487E+06   1.0211222E+06   3.0497005E+06   1.6405759E-02   1.4829411E-02   1.5879348E-02
   6.5000000E-01   1.8089110E+06   9.1581182E+05   2.7218531E+06   1.7581900E-02   1.6306507E-02   1.7146906E-02
   7.0000000E-01   1.6116348E+06   8.1018961E+05   2.4194371E+06   1.9330261E-02   1.7760762E-02   1.8814409E-02
   7.5000000E-01   1.4227900E+06   7.1522534E+05   2.1360631E+06   2.1416744E-02   2.0606555E-02   2.1145778E-02
   8.0000000E-01   1.2425823E+06   6.2642192E+05   1.8672615E+06   2.4203775E-02   2.2253596E-02   2.3544677E-02
   8.5000000E-01   1.0595450E+06   5.3213923E+05   1.5903211E+06   2.6757875E-02   2.5610882E-02   2.6370944E-02
   9.0000000E-01   8.7409309E+05   4.3903775E+05   1.3123068E+06   3.2388349E-02   3.0663193E-02   3.1820156E-02
   9.5000000E-01   6.6364261E+05   3.3254336E+05   9.9560631E+05   4.0858701E-02   3.9205233E-02   4.0310393E-02
   1.0000000E+00   3.8851726E+05   1.9652531E+05   5.8495454E+05   5.4887235E-02   5.1065835E-02   5.3601634E-02
