   0.0000000E+00   4.3934404E+07   6.4056172E+07   1.0793863E+08   3.6895277E-04   5.6658027E-06   1.4682613E-04
   5.0000000E-02   3.0185454E+07   2.3510305E+07   5.3602303E+07   9.9551670E-05   1.6576491E-05   5.9478546E-05
   1.0000000E-01   2.0078096E+07   1.1446742E+07   3.1471362E+07   1.1321337E-04   3.3097210E-05   8.0545775E-05
   1.5000000E-01   1.4059875E+07   7.0736096E+06   2.1092019E+07   3.5908667E-05   3.8496010E-05   3.8475540E-05
   2.0000000E-01   1.0199365E+07   4.8259280E+06   1.4998794E+07   9.0586182E-05   2.5732463E-05   6.9835460E-05
   2.5000000E-01   7.5393097E+06   3.4581695E+06   1.0980201E+07   4.7453186E-05   1.0585466E-04   6.3514607E-05
   3.0000000E-01   5.6913277E+06   2.5573759E+06   8.2364381E+06   3.7849115E-05   8.5745992E-05   4.2485995E-05
   3.5000000E-01   4.3505413E+06   1.9415903E+06   6.2840283E+06   1.7601084E-04   1.0661176E-04   1.5043837E-04
   4.0000000E-01   3.3709654E+06   1.4852101E+06   4.8504538E+06   5.8817354E-05   2.7497596E-04   1.1721125E-04
   4.5000000E-01   2.6321257E+06   1.1585490E+06   3.7865295E+06   2.4063303E-04   1.1511982E-04   1.9456234E-04
   5.0000000E-01   2.0615722E+06   8.9983022E+05   2.9591742E+06   3.2269876E-04   4.9104812E-04   3.3215551E-04
   5.5000000E-01   1.6260542E+06   7.1141102E+05   2.3355959E+06   3.7538169E-04   5.6997262E-04   4.3940397E-04
   6.0000000E-01   1.2820620E+06   5.5762587E+05   1.8384094E+06   6.7120980E-04   6.4191168E-04   6.6887769E-04
   6.5000000E-01   1.0169070E+06   4.4718621E+05   1.4633489E+06   8.1873388E-04   9.1642013E-04   8.4238179E-04
   7.0000000E-01   8.0801600E+05   3.4970434E+05   1.1571201E+06   1.0190754E-03   1.5634496E-03   1.1791313E-03
   7.5000000E-01   6.3538473E+05   2.7472265E+05   9.0972965E+05   1.5436819E-03   1.3849009E-03   1.5015237E-03
   8.0000000E-01   4.9399307E+05   2.1657009E+05   7.1034034E+05   2.1354427E-03   1.9793942E-03   2.0801233E-03
   8.5000000E-01   3.8052636E+05   1.6497440E+05   5.4532101E+05   4.2462359E-03   3.4352216E-03   3.9927611E-03
   9.0000000E-01   2.8045577E+05   1.2303738E+05   4.0340473E+05   4.6489762E-03   6.2173165E-03   5.1130541E-03
   9.5000000E-01   1.9193751E+05   8.3015218E+04   2.7491252E+05   8.3394454E-03   8.1418877E-03   8.2772361E-03
   1.0000000E+00   1.1359812E+05   5.0181357E+04   1.6377319E+05   1.5798073E-02   1.6324384E-02   1.5958255E-02
