   0.0000000E+00   3.2433623E+09   1.6627307E+09   4.6983242E+09   1.3466736E-05   3.7540256E-09   9.0121421E-06
   5.0000000E-02   9.0590994E+04   2.0180847E+04   1.1077184E+05   1.9634208E-01   4.6683409E-04   1.6065676E-01
   1.0000000E-01   4.0202539E+04   1.0918029E+04   5.1120568E+04   2.1969512E-01   2.0108481E-06   1.7277436E-01
   1.5000000E-01   2.2239251E+04   5.9205639E+03   2.8159815E+04   2.3015406E-01   5.9096276E-05   1.8175205E-01
   2.0000000E-01   1.6010987E+04   4.0584510E+03   2.0069438E+04   2.4078826E-01   1.5479999E-06   1.9209563E-01
   2.5000000E-01   1.0631550E+04   2.6738030E+03   1.3305353E+04   2.5812618E-01   5.6169306E-04   2.0636681E-01
   3.0000000E-01   7.4378410E+03   1.8674180E+03   9.3052590E+03   2.6070301E-01   5.0962394E-06   2.0838302E-01
   3.5000000E-01   5.7295780E+03   1.4551309E+03   7.1847089E+03   2.6117192E-01   1.5304240E-05   2.0827944E-01
   4.0000000E-01   4.1061975E+03   1.1379578E+03   5.2441554E+03   2.6590320E-01   1.6638187E-04   2.0823952E-01
   4.5000000E-01   3.3316435E+03   7.2150241E+02   4.0531459E+03   2.5895848E-01   4.4756163E-07   2.1286108E-01
   5.0000000E-01   2.4891833E+03   5.5385920E+02   3.0430425E+03   2.3911300E-01   4.6379576E-07   1.9559252E-01
   5.5000000E-01   1.8693471E+03   4.0512167E+02   2.2744688E+03   2.5702064E-01   1.3332717E-06   2.1124064E-01
   6.0000000E-01   1.5066668E+03   2.2812209E+02   1.7347889E+03   2.1914362E-01   7.5571246E-06   1.9032757E-01
   6.5000000E-01   1.2438571E+03   2.0078008E+02   1.4446372E+03   2.2832856E-01   9.4254979E-06   1.9659607E-01
   7.0000000E-01   1.0049498E+03   1.2277667E+02   1.1277265E+03   1.8117142E-01   4.6420333E-04   1.6139658E-01
   7.5000000E-01   8.4033810E+02   9.3370900E+01   9.3370900E+02   1.5080365E-01   1.8280077E-06   1.3572310E-01
   8.0000000E-01   8.2760570E+02   6.3661977E+01   8.9126768E+02   1.3104793E-01   7.5299421E-06   1.2168683E-01
   8.5000000E-01   5.0929582E+02   5.2427511E+01   5.6172333E+02   9.4039890E-02   3.2471666E-06   8.5262531E-02
   9.0000000E-01   4.5270739E+02   1.7683883E+01   4.7039128E+02   8.8826639E-02   1.5576968E-05   8.5487877E-02
   9.5000000E-01   2.8145295E+02   2.6805043E+01   3.0825800E+02   5.9151462E-02   2.5198510E-03   5.4226975E-02
   1.0000000E+00   9.4314040E+01   0.0000000E+00   9.4314040E+01   5.6863033E-02   0.0000000E+00   5.6863033E-02
