   0.0000000E+00   1.9176862E+09   1.3261141E+09   3.1558388E+09   2.7535821E-03   4.0073926E-04   1.7957936E-03
   5.0000000E-02   1.4073753E+07   4.5487119E+06   1.8604576E+07   1.5019222E-01   4.2922017E-02   1.2396059E-01
   1.0000000E-01   6.9722279E+06   2.1123362E+06   9.0756196E+06   1.4825678E-01   4.0802822E-02   1.2325190E-01
   1.5000000E-01   4.5827074E+06   1.3178241E+06   5.8948869E+06   1.4707955E-01   3.8542963E-02   1.2282817E-01
   2.0000000E-01   3.3147518E+06   9.1733726E+05   4.2282535E+06   1.4610211E-01   3.6323212E-02   1.2232035E-01
   2.5000000E-01   2.5374136E+06   6.7546631E+05   3.2102316E+06   1.4450327E-01   3.4736563E-02   1.2141748E-01
   3.0000000E-01   2.0427643E+06   5.1715807E+05   2.5580337E+06   1.4442184E-01   3.2484601E-02   1.2182801E-01
   3.5000000E-01   1.6626508E+06   4.0674547E+05   2.0680775E+06   1.4379012E-01   3.1926539E-02   1.2182321E-01
   4.0000000E-01   1.3756558E+06   3.2676101E+05   1.7011674E+06   1.4318295E-01   3.1135191E-02   1.2167869E-01
   4.5000000E-01   1.1533357E+06   2.6606462E+05   1.4185869E+06   1.4216936E-01   2.9130780E-02   1.2098349E-01
   5.0000000E-01   9.7563890E+05   2.1672447E+05   1.1917077E+06   1.4149513E-01   3.0211080E-02   1.2127695E-01
   5.5000000E-01   8.2670865E+05   1.7957886E+05   1.0056451E+06   1.4076788E-01   3.0266925E-02   1.2103478E-01
   6.0000000E-01   7.0467973E+05   1.4877274E+05   8.5300153E+05   1.4126374E-01   2.8887082E-02   1.2168223E-01
   6.5000000E-01   5.9336391E+05   1.2290679E+05   7.1590342E+05   1.4141800E-01   2.9591030E-02   1.2223034E-01
   7.0000000E-01   5.0210656E+05   9.9526407E+04   6.0138742E+05   1.4129241E-01   2.9943105E-02   1.2286477E-01
   7.5000000E-01   4.1892976E+05   8.0303218E+04   4.9899107E+05   1.4291229E-01   3.1327613E-02   1.2497078E-01
   8.0000000E-01   3.4840211E+05   6.4951132E+04   4.1319806E+05   1.4440324E-01   3.2040408E-02   1.2676569E-01
   8.5000000E-01   2.7819535E+05   4.9562722E+04   3.2768318E+05   1.4458775E-01   3.4539898E-02   1.2796561E-01
   9.0000000E-01   2.1103945E+05   3.6432335E+04   2.4739752E+05   1.4874516E-01   3.7874281E-02   1.3243113E-01
   9.5000000E-01   1.3994913E+05   2.3072441E+04   1.6298471E+05   1.5136161E-01   3.6867010E-02   1.3515945E-01
   1.0000000E+00   6.3045792E+04   1.0405982E+04   7.3445487E+04   1.5297508E-01   3.8208607E-02   1.3672733E-01
