   0.0000000E+00   3.2407797E+09   1.6578633E+09   4.6915587E+09   1.5123474E-05   3.7080433E-06   1.1504194E-05
   5.0000000E-02   1.1586480E+05   4.0616341E+04   1.5648114E+05   1.6199741E-01   7.3391823E-02   1.3899889E-01
   1.0000000E-01   6.0192399E+04   2.0212678E+04   8.0405077E+04   1.7207033E-01   6.2587167E-02   1.4454784E-01
   1.5000000E-01   3.7900097E+04   1.1586480E+04   4.9486577E+04   1.6856126E-01   8.7204411E-02   1.4951287E-01
   2.0000000E-01   2.5910425E+04   8.9763388E+03   3.4886764E+04   1.7914950E-01   7.1419358E-02   1.5143060E-01
   2.5000000E-01   2.0651945E+04   6.9773527E+03   2.7629298E+04   1.8953682E-01   7.7059257E-02   1.6113235E-01
   3.0000000E-01   1.6021598E+04   5.9842259E+03   2.2005823E+04   1.9828099E-01   8.1876128E-02   1.6662588E-01
   3.5000000E-01   1.3660041E+04   4.7928374E+03   1.8452879E+04   2.1213208E-01   8.2297059E-02   1.7840913E-01
   4.0000000E-01   1.1021480E+04   3.6366904E+03   1.4658170E+04   2.0513262E-01   9.3772713E-02   1.7750424E-01
   4.5000000E-01   9.4078255E+03   3.4589674E+03   1.2866793E+04   2.3501129E-01   1.0032495E-01   1.9880344E-01
   5.0000000E-01   7.9131838E+03   2.6992678E+03   1.0612452E+04   2.3459514E-01   9.9893178E-02   2.0033381E-01
   5.5000000E-01   6.6382080E+03   2.3265559E+03   8.9647639E+03   2.4766560E-01   1.0482960E-01   2.1059625E-01
   6.0000000E-01   6.1327705E+03   2.1220659E+03   8.2548364E+03   2.5164910E-01   1.0668700E-01   2.1438377E-01
   6.5000000E-01   4.8383103E+03   1.7384617E+03   6.5767720E+03   2.7071501E-01   9.8075790E-02   2.2508067E-01
   7.0000000E-01   4.2562579E+03   1.4323945E+03   5.6886524E+03   2.8747461E-01   1.0753461E-01   2.4216598E-01
   7.5000000E-01   3.4250144E+03   1.3878311E+03   4.8128455E+03   2.8889168E-01   1.2266663E-01   2.4095865E-01
   8.0000000E-01   2.9642608E+03   1.1498945E+03   4.1141553E+03   3.0091911E-01   1.2675194E-01   2.5223886E-01
   8.5000000E-01   2.1270590E+03   8.1637124E+02   2.9434302E+03   3.2508573E-01   1.3736923E-01   2.7302171E-01
   9.0000000E-01   1.7188734E+03   6.1186234E+02   2.3307357E+03   3.4365754E-01   1.2009108E-01   2.8496444E-01
   9.5000000E-01   1.2162788E+03   4.2217943E+02   1.6384583E+03   3.4104290E-01   1.1261369E-01   2.8218377E-01
   1.0000000E+00   4.0240657E+02   1.8234048E+02   5.8474705E+02   3.3072148E-01   1.7583448E-01   2.8242338E-01
