   0.0000000E+00   4.9923723E+07   2.5869681E+07   7.5786783E+07   1.3764657E-02   6.4284150E-03   1.1200757E-02
   5.0000000E-02   2.1031753E+07   1.0587178E+07   3.1609572E+07   3.4083612E-03   2.9222869E-03   3.2224645E-03
   1.0000000E-01   1.1678280E+07   5.8525411E+06   1.7526397E+07   1.0833976E-03   1.1836585E-03   1.0036756E-03
   1.5000000E-01   8.1690625E+06   4.1233226E+06   1.2287610E+07   7.1142581E-04   9.2295710E-04   7.7102084E-04
   2.0000000E-01   6.3018832E+06   3.1570611E+06   9.4557135E+06   4.8361174E-04   6.2660036E-04   4.7397127E-04
   2.5000000E-01   5.1235159E+06   2.5702377E+06   7.6906215E+06   5.6612830E-04   6.9051252E-04   6.0754876E-04
   3.0000000E-01   4.2953903E+06   2.1551807E+06   6.4481413E+06   6.6364217E-04   6.0567132E-04   6.4141838E-04
   3.5000000E-01   3.6758698E+06   1.8393582E+06   5.5127998E+06   1.7532333E-04   7.6843688E-04   3.7560352E-04
   4.0000000E-01   3.1892263E+06   1.5994276E+06   4.7865053E+06   5.7807478E-04   8.0221096E-05   3.7853305E-04
   4.5000000E-01   2.7918536E+06   1.3971965E+06   4.1872675E+06   4.2630859E-04   3.9840273E-04   4.1435151E-04
   5.0000000E-01   2.4599879E+06   1.2346731E+06   3.6933178E+06   9.5833357E-04   2.8851427E-04   7.1765048E-04
   5.5000000E-01   2.1838952E+06   1.0906338E+06   3.2733426E+06   5.3953215E-04   3.9863116E-04   3.8422127E-04
   6.0000000E-01   1.9331225E+06   9.6808116E+05   2.9000842E+06   6.5919587E-04   1.0797552E-03   7.9976446E-04
   6.5000000E-01   1.7061802E+06   8.5300194E+05   2.5581831E+06   8.0895268E-04   1.3265190E-03   9.8749309E-04
   7.0000000E-01   1.5002627E+06   7.5012453E+05   2.2497188E+06   1.0444476E-03   1.2828544E-03   1.1124736E-03
   7.5000000E-01   1.3129519E+06   6.5609609E+05   1.9684538E+06   1.2106691E-03   1.7167873E-03   1.3769180E-03
   8.0000000E-01   1.1292640E+06   5.6523480E+05   1.6940492E+06   1.0958053E-03   1.0290941E-03   1.0708429E-03
   8.5000000E-01   9.4163928E+05   4.7246924E+05   1.4136816E+06   2.4265591E-03   2.8644694E-03   2.5569181E-03
   9.0000000E-01   7.4918830E+05   3.7730686E+05   1.1262688E+06   2.9485780E-03   3.4744407E-03   3.0999633E-03
   9.5000000E-01   5.3866074E+05   2.6965538E+05   8.0819550E+05   3.9407578E-03   4.7069831E-03   4.1765546E-03
   1.0000000E+00   3.1095968E+05   1.5553014E+05   4.6646467E+05   9.0567127E-03   8.7856221E-03   8.9403952E-03
