   0.0000000E+00   2.7452725E+09   1.5867850E+09   4.1618839E+09   7.2420021E-03   6.0599941E-08   4.6225375E-03
   5.0000000E-02   2.4028704E+07   6.8953561E+06   3.0865109E+07   2.4460580E-01   3.8837724E-06   1.9005451E-01
   1.0000000E-01   4.3346485E+06   1.2287717E+06   5.5601416E+06   2.8144904E-01   1.5471624E-05   2.1929281E-01
   1.5000000E-01   8.7959632E+05   2.1131532E+05   1.0906358E+06   2.7032469E-01   3.6713072E-05   2.1797171E-01
   2.0000000E-01   2.3925763E+05   3.3900003E+04   2.7314171E+05   1.8042758E-01   3.9694706E-04   1.5809424E-01
   2.5000000E-01   1.2808790E+05   5.2966765E+03   1.3335911E+05   7.3319505E-02   6.8773747E-06   7.0421695E-02
   3.0000000E-01   1.0550912E+05   1.0398123E+03   1.0653832E+05   1.9960943E-02   2.6710947E-06   1.9768090E-02
   3.5000000E-01   1.0263220E+05   2.5464791E+02   1.0287776E+05   4.9018097E-03   8.4147907E-05   4.8899083E-03
   4.0000000E-01   1.0559135E+05   4.7746483E+01   1.0563909E+05   1.1173045E-03   1.2185390E-05   1.1168034E-03
   4.5000000E-01   1.0562937E+05   2.1220659E+01   1.0563644E+05   2.7058290E-04   4.1317043E-06   2.7056553E-04
   5.0000000E-01   1.1111562E+05   1.2732395E+01   1.1111562E+05   7.2722411E-05   1.2534726E-06   7.2722239E-05
   5.5000000E-01   1.1659981E+05   5.7874525E+00   1.1658244E+05   1.0108062E-05   3.8320849E-05   1.0108325E-05
   6.0000000E-01   1.2301616E+05   0.0000000E+00   1.2300555E+05   1.0241220E-05   0.0000000E+00   1.0241929E-05
   6.5000000E-01   1.3313678E+05   0.0000000E+00   1.3312699E+05   2.4859242E-05   0.0000000E+00   2.4860801E-05
   7.0000000E-01   1.4424440E+05   0.0000000E+00   1.4423076E+05   3.7721400E-05   0.0000000E+00   3.7725690E-05
   7.5000000E-01   1.6286856E+05   0.0000000E+00   1.6285583E+05   2.6045539E-05   0.0000000E+00   2.6047202E-05
   8.0000000E-01   1.9057611E+05   0.0000000E+00   1.9054826E+05   2.7456979E-06   0.0000000E+00   2.7442906E-06
   8.5000000E-01   2.3401768E+05   0.0000000E+00   2.3394279E+05   1.3433136E-05   0.0000000E+00   1.3584082E-05
   9.0000000E-01   2.6886221E+05   0.0000000E+00   2.6880916E+05   4.6355845E-06   0.0000000E+00   4.6365384E-06
   9.5000000E-01   2.4143972E+05   0.0000000E+00   2.4136936E+05   5.2824682E-06   0.0000000E+00   5.2840310E-06
   1.0000000E+00   1.1977883E+05   0.0000000E+00   1.1973482E+05   4.2024876E-06   0.0000000E+00   4.2092646E-06
