   0.0000000E+00   4.8851146E+07   1.4132195E+08   1.9002896E+08   2.8250010E-02   1.0606919E-03   8.0399900E-03
   5.0000000E-02   2.4220709E+07   1.5927144E+07   4.0087756E+07   1.8844363E-02   3.2169621E-03   1.2651061E-02
   1.0000000E-01   1.5101321E+07   8.1684365E+06   2.3234680E+07   1.1530703E-02   3.2487796E-03   8.6256466E-03
   1.5000000E-01   1.0847640E+07   5.3911933E+06   1.6208255E+07   8.5146890E-03   2.8663977E-03   6.6407446E-03
   2.0000000E-01   8.2448627E+06   3.8876300E+06   1.2109256E+07   6.8144485E-03   2.6966829E-03   5.4937809E-03
   2.5000000E-01   6.4715838E+06   2.9680614E+06   9.4238316E+06   5.8286618E-03   2.9101136E-03   4.9123065E-03
   3.0000000E-01   5.1754641E+06   2.3294660E+06   7.4934816E+06   5.2790677E-03   3.1188637E-03   4.6093956E-03
   3.5000000E-01   4.2166511E+06   1.8677697E+06   6.0749169E+06   5.0783446E-03   3.0863076E-03   4.4705267E-03
   4.0000000E-01   3.4401739E+06   1.5174708E+06   4.9506737E+06   4.8180072E-03   2.9378333E-03   4.2463624E-03
   4.5000000E-01   2.8433066E+06   1.2451929E+06   4.0828407E+06   5.1211704E-03   3.7859587E-03   4.7162338E-03
   5.0000000E-01   2.3651379E+06   1.0250406E+06   3.3868045E+06   5.5141910E-03   4.1938808E-03   5.1147510E-03
   5.5000000E-01   1.9707549E+06   8.5357979E+05   2.8212905E+06   5.9797578E-03   4.2018656E-03   5.4418211E-03
   6.0000000E-01   1.6473014E+06   7.0825011E+05   2.3530740E+06   6.7723608E-03   5.2915612E-03   6.3193158E-03
   6.5000000E-01   1.3634779E+06   5.8809465E+05   1.9497215E+06   8.0515367E-03   6.1538771E-03   7.4748750E-03
   7.0000000E-01   1.1357024E+06   4.8726423E+05   1.6217980E+06   9.0367900E-03   7.3299441E-03   8.5183562E-03
   7.5000000E-01   9.3347982E+05   4.0104924E+05   1.3334977E+06   1.0817104E-02   8.9119460E-03   1.0236828E-02
   8.0000000E-01   7.6114260E+05   3.2673316E+05   1.0871874E+06   1.2364549E-02   1.1130291E-02   1.1993773E-02
   8.5000000E-01   6.0879200E+05   2.6023893E+05   8.6855159E+05   1.5527211E-02   1.4149369E-02   1.5103957E-02
   9.0000000E-01   4.7068483E+05   2.0015679E+05   6.7060466E+05   1.9710411E-02   1.7760644E-02   1.9117762E-02
   9.5000000E-01   3.3335422E+05   1.4225436E+05   4.7545780E+05   2.7919238E-02   2.4379996E-02   2.6854010E-02
   1.0000000E+00   1.8679839E+05   8.0254961E+04   2.6700934E+05   4.0726205E-02   3.6631817E-02   3.9489678E-02
