   0.0000000E+00   5.7452133E+07   2.9055326E+07   8.6497783E+07   8.3234521E-03   5.2721265E-03   7.2736153E-03
   5.0000000E-02   2.2033792E+07   1.1031029E+07   3.3057246E+07   1.7416560E-03   1.3650843E-03   1.6160854E-03
   1.0000000E-01   1.1940791E+07   6.0004278E+06   1.7936794E+07   4.3587654E-04   5.8220332E-04   4.8374782E-04
   1.5000000E-01   8.2906781E+06   4.1345483E+06   1.2421852E+07   3.4831692E-04   6.5583248E-04   3.6149773E-04
   2.0000000E-01   6.3462238E+06   3.1815391E+06   9.5251846E+06   5.4018946E-04   2.1615998E-04   3.2342860E-04
   2.5000000E-01   5.1358282E+06   2.5693592E+06   7.7030865E+06   1.2675162E-04   3.8372964E-04   1.6729637E-04
   3.0000000E-01   4.2979050E+06   2.1526343E+06   6.4486188E+06   1.1801011E-04   3.0022914E-04   1.4704870E-04
   3.5000000E-01   3.6745966E+06   1.8371119E+06   5.5100624E+06   2.5855869E-04   4.5607988E-04   1.8758183E-04
   4.0000000E-01   3.1723559E+06   1.5899101E+06   4.7608496E+06   5.5451777E-04   5.9410904E-04   4.8283322E-04
   4.5000000E-01   2.7787816E+06   1.3986183E+06   4.1763813E+06   1.2497381E-04   7.0055382E-04   1.5464641E-04
   5.0000000E-01   2.4538382E+06   1.2291600E+06   3.6821133E+06   3.5086746E-04   3.0761983E-04   1.5002541E-04
   5.5000000E-01   2.1644494E+06   1.0835269E+06   3.2471833E+06   2.3406033E-04   2.6250396E-04   2.3658064E-04
   6.0000000E-01   1.9183582E+06   9.5885548E+05   2.8764816E+06   4.8432914E-04   5.3413799E-04   5.0366994E-04
   6.5000000E-01   1.6879239E+06   8.4868761E+05   2.5359798E+06   4.9511121E-04   5.7385852E-04   5.1250847E-04
   7.0000000E-01   1.4877486E+06   7.4598650E+05   2.2331621E+06   5.0688469E-04   3.3000433E-04   2.9704302E-04
   7.5000000E-01   1.2979701E+06   6.5039622E+05   1.9479971E+06   9.4141821E-04   1.0023553E-03   8.9971024E-04
   8.0000000E-01   1.1121628E+06   5.5668818E+05   1.6685207E+06   8.5232011E-04   5.7722954E-04   7.6151571E-04
   8.5000000E-01   9.2560396E+05   4.6163921E+05   1.3869848E+06   1.6610940E-03   1.8636808E-03   1.7022082E-03
   9.0000000E-01   7.3330817E+05   3.6863468E+05   1.1017872E+06   1.3690844E-03   1.7008474E-03   1.4783891E-03
   9.5000000E-01   5.1411067E+05   2.5907409E+05   7.7308425E+05   3.0410752E-03   2.6449720E-03   2.8865909E-03
   1.0000000E+00   2.8060942E+05   1.4064738E+05   4.2124423E+05   6.8601703E-03   8.1819898E-03   7.2962039E-03
