   0.0000000E+00   1.3390253E+08   6.8188598E+07   2.0205497E+08   5.2471783E-04   4.6126527E-04   5.0077267E-04
   5.0000000E-02   4.6104450E+07   2.3161182E+07   6.9228199E+07   1.3171586E-04   1.7293094E-04   1.4369291E-04
   1.0000000E-01   2.2039777E+07   1.1043380E+07   3.3068100E+07   1.4684292E-04   1.4264097E-04   1.4086520E-04
   1.5000000E-01   1.3550367E+07   6.8152269E+06   2.0355832E+07   5.1879129E-05   1.6366159E-04   8.6478889E-05
   2.0000000E-01   9.2799587E+06   4.6344328E+06   1.3908439E+07   7.3859956E-05   9.8280568E-05   3.9893293E-05
   2.5000000E-01   6.6795420E+06   3.3216146E+06   9.9972350E+06   8.7044287E-05   6.5629100E-05   5.1500330E-05
   3.0000000E-01   4.9856665E+06   2.5019157E+06   7.4849403E+06   8.2870730E-05   1.9102465E-04   4.7896174E-05
   3.5000000E-01   3.8159080E+06   1.9096047E+06   5.7236847E+06   2.2061603E-04   1.0075397E-04   1.1446432E-04
   4.0000000E-01   2.9660752E+06   1.4907407E+06   4.4554869E+06   1.5714909E-04   1.0108589E-04   7.2707575E-05
   4.5000000E-01   2.3420463E+06   1.1707084E+06   3.5118564E+06   1.8787721E-04   1.5098526E-04   1.6382498E-04
   5.0000000E-01   1.8633033E+06   9.3335461E+05   2.7960277E+06   1.3132953E-05   4.7548930E-04   1.6201729E-04
   5.5000000E-01   1.4884749E+06   7.4749000E+05   2.2355424E+06   1.3089508E-04   2.6379303E-04   2.2788241E-05
   6.0000000E-01   1.1913437E+06   5.9560024E+05   1.7865461E+06   6.5641270E-04   5.3973518E-04   3.3204957E-04
   6.5000000E-01   9.6034582E+05   4.7841976E+05   1.4386138E+06   3.5814822E-04   3.8941407E-04   3.6613191E-04
   7.0000000E-01   7.6714956E+05   3.8354522E+05   1.1505311E+06   2.2590198E-04   3.3023066E-04   2.4266668E-04
   7.5000000E-01   6.0918995E+05   3.0701625E+05   9.1612981E+05   5.1522086E-04   1.1115197E-03   4.0903307E-04
   8.0000000E-01   4.7831233E+05   2.3943270E+05   7.1766545E+05   6.9652285E-04   6.1345793E-04   5.4526254E-04
   8.5000000E-01   3.6628855E+05   1.8385579E+05   5.5011063E+05   9.3746923E-04   1.5106194E-03   1.1293283E-03
   9.0000000E-01   2.6601157E+05   1.3335416E+05   3.9935158E+05   7.6275819E-04   8.8977754E-04   7.8413264E-04
   9.5000000E-01   1.7013496E+05   8.6402706E+04   2.5652091E+05   2.2711945E-03   1.7185370E-03   2.0811609E-03
   1.0000000E+00   8.4046385E+04   4.2529345E+04   1.2657573E+05   3.3129173E-03   5.7644930E-03   4.1166528E-03
