   0.0000000E+00   1.4677040E+08   7.7200588E+07   2.2390121E+08   2.2994721E-04   2.8541625E-05   1.5475488E-04
   5.0000000E-02   5.2552453E+07   2.6339506E+07   7.8830462E+07   6.4816083E-05   1.2282351E-04   7.3199519E-05
   1.0000000E-01   2.4689452E+07   1.2362774E+07   3.7029339E+07   5.4331667E-05   9.5258893E-05   6.2064112E-05
   1.5000000E-01   1.4884764E+07   7.4343396E+06   2.2303486E+07   2.0876736E-05   4.3270913E-05   2.2719920E-05
   2.0000000E-01   9.9081910E+06   4.9545093E+06   1.4854090E+07   7.4544892E-05   7.5251601E-05   6.1247890E-05
   2.5000000E-01   6.9443503E+06   3.4782867E+06   1.0417824E+07   2.0658318E-05   3.7638065E-05   1.5545191E-05
   3.0000000E-01   5.0348560E+06   2.5202928E+06   7.5515519E+06   7.0043452E-05   1.2172290E-04   5.6878985E-05
   3.5000000E-01   3.7522006E+06   1.8805475E+06   5.6304563E+06   1.1033770E-04   6.3748256E-05   9.2828754E-05
   4.0000000E-01   2.8361331E+06   1.4221608E+06   4.2568138E+06   6.8057523E-05   1.0479125E-04   3.9156156E-05
   4.5000000E-01   2.1708381E+06   1.0829893E+06   3.2529078E+06   1.7797310E-04   2.2140312E-04   1.9409173E-04
   5.0000000E-01   1.6737434E+06   8.3688125E+05   2.5100899E+06   2.5488505E-04   8.8122523E-05   1.4727994E-04
   5.5000000E-01   1.2997982E+06   6.4908016E+05   1.9484385E+06   2.3957540E-04   9.2920871E-05   1.8904096E-04
   6.0000000E-01   1.0135836E+06   5.0489784E+05   1.5181843E+06   3.6539958E-04   1.0626443E-04   2.1602185E-04
   6.5000000E-01   7.8581406E+05   3.9274543E+05   1.1783930E+06   4.7387817E-04   3.2092119E-04   4.1515523E-04
   7.0000000E-01   6.1452452E+05   3.0557749E+05   9.1997923E+05   6.4545720E-04   3.1477667E-04   3.2771524E-04
   7.5000000E-01   4.7742239E+05   2.3684802E+05   7.1417279E+05   8.0640800E-04   7.0168656E-04   5.6411221E-04
   8.0000000E-01   3.6428577E+05   1.8204142E+05   5.4626353E+05   1.0826398E-03   5.7276872E-04   9.0741517E-04
   8.5000000E-01   2.7077686E+05   1.3498586E+05   4.0574774E+05   1.2025990E-03   2.8983860E-04   8.4973391E-04
   9.0000000E-01   1.9212124E+05   9.5782982E+04   2.8789361E+05   1.0114403E-03   8.2926963E-04   9.4964233E-04
   9.5000000E-01   1.2019046E+05   6.0354905E+04   1.8053532E+05   1.5111306E-03   3.5527628E-03   1.8545655E-03
   1.0000000E+00   6.0034030E+04   2.9727786E+04   8.9761816E+04   3.7603061E-03   3.0894387E-03   3.4681694E-03
