   0.0000000E+00   5.9441443E+07   2.7381780E+07   8.6817621E+07   2.0358001E-02   1.7107259E-05   1.3945893E-02
   5.0000000E-02   2.2061358E+07   1.0623147E+07   3.2674382E+07   5.9733247E-03   7.3257285E-06   4.0417209E-03
   1.0000000E-01   1.1892280E+07   5.8181954E+06   1.7705287E+07   3.4544861E-03   1.4537588E-05   2.3195167E-03
   1.5000000E-01   8.2434409E+06   4.0561380E+06   1.2295526E+07   1.9077064E-03   3.4714291E-06   1.2734494E-03
   2.0000000E-01   6.3230349E+06   3.1283655E+06   9.4483446E+06   6.3402344E-04   4.0286320E-06   4.2905151E-04
   2.5000000E-01   5.1132282E+06   2.5409660E+06   7.6520551E+06   1.7577944E-03   3.2292189E-06   1.1698524E-03
   3.0000000E-01   4.2677822E+06   2.1307452E+06   6.3966175E+06   1.3133206E-03   6.8969531E-06   8.7548602E-04
   3.5000000E-01   3.6552616E+06   1.8284084E+06   5.4818874E+06   1.0637224E-03   1.8665242E-05   7.1841695E-04
   4.0000000E-01   3.1646130E+06   1.5840294E+06   4.7470667E+06   1.2802784E-03   1.4980941E-05   8.4986691E-04
   4.5000000E-01   2.7812220E+06   1.3903068E+06   4.1703122E+06   9.9534084E-04   1.5684529E-05   6.6303906E-04
   5.0000000E-01   2.4446136E+06   1.2326741E+06   3.6762818E+06   1.4445932E-03   1.1516110E-05   9.5922408E-04
   5.5000000E-01   2.1665733E+06   1.0919823E+06   3.2575892E+06   6.5510534E-04   8.0516962E-06   4.2578507E-04
   6.0000000E-01   1.9182945E+06   9.7035708E+05   2.8878717E+06   1.7229949E-03   5.6141830E-06   1.1364140E-03
   6.5000000E-01   1.6980706E+06   8.6139552E+05   2.5587120E+06   1.3962561E-03   4.8237761E-06   9.3031006E-04
   7.0000000E-01   1.4890855E+06   7.5728650E+05   2.2456853E+06   2.0457190E-03   3.1385754E-06   1.3602009E-03
   7.5000000E-01   1.2992264E+06   6.6014924E+05   1.9587942E+06   1.9564511E-03   1.0184476E-05   1.2891014E-03
   8.0000000E-01   1.1180555E+06   5.7162089E+05   1.6892387E+06   2.3512978E-03   6.2385527E-06   1.5461061E-03
   8.5000000E-01   9.3203756E+05   4.7930728E+05   1.4111314E+06   3.9407518E-03   1.5899655E-05   2.6078026E-03
   9.0000000E-01   7.3937020E+05   3.8376501E+05   1.1229654E+06   4.2752281E-03   2.6632515E-05   2.8095546E-03
   9.5000000E-01   5.1698551E+05   2.7281838E+05   7.8965982E+05   6.9703403E-03   9.7053853E-06   4.5646301E-03
   1.0000000E+00   2.7663566E+05   1.5333577E+05   4.2995885E+05   1.3992776E-02   1.3818021E-05   8.9943850E-03
