   0.0000000E+00   1.0513241E+08   5.3401704E+07   1.5851629E+08   1.3347425E-04   4.1556843E-04   1.9434979E-04
   5.0000000E-02   3.6690626E+07   1.8403277E+07   5.5083271E+07   7.3080748E-05   1.0467474E-04   8.4094006E-05
   1.0000000E-01   1.8116066E+07   9.0708450E+06   2.7181372E+07   1.5955436E-04   1.8787241E-04   1.5994224E-04
   1.5000000E-01   1.1565896E+07   5.7942161E+06   1.7356547E+07   1.3276899E-04   8.4864916E-05   8.1769921E-05
   2.0000000E-01   8.2247137E+06   4.1050675E+06   1.2327060E+07   1.5330008E-04   3.1001538E-04   9.4208519E-05
   2.5000000E-01   6.1768288E+06   3.0937938E+06   9.2690438E+06   1.1517204E-04   9.6556563E-05   9.4596787E-05
   3.0000000E-01   4.8163363E+06   2.4120038E+06   7.2268228E+06   1.2218855E-04   2.5731044E-04   1.1803024E-04
   3.5000000E-01   3.8401178E+06   1.9262841E+06   5.7652923E+06   2.4925905E-04   1.1479361E-04   1.8758756E-04
   4.0000000E-01   3.1074605E+06   1.5604983E+06   4.6671948E+06   1.6789450E-04   2.8233275E-04   1.0779000E-04
   4.5000000E-01   2.5546986E+06   1.2826474E+06   3.8367871E+06   1.6009010E-04   1.9081685E-04   1.6971226E-04
   5.0000000E-01   2.1204086E+06   1.0619582E+06   3.1819657E+06   1.6961063E-04   2.2204924E-04   1.3275073E-04
   5.5000000E-01   1.7691606E+06   8.8916105E+05   2.6580438E+06   1.3095884E-04   2.9308342E-04   7.0700710E-05
   6.0000000E-01   1.4766343E+06   7.4160898E+05   2.2180257E+06   5.6208116E-04   2.5067977E-04   4.3589895E-04
   6.5000000E-01   1.2353313E+06   6.1930861E+05   1.8544097E+06   5.0092628E-04   3.6818366E-04   3.4050672E-04
   7.0000000E-01   1.0269905E+06   5.1417051E+05   1.5410246E+06   4.7446923E-04   6.0424246E-04   2.4627282E-04
   7.5000000E-01   8.4564751E+05   4.2641217E+05   1.2719451E+06   9.0407812E-05   1.2149499E-04   9.4535289E-05
   8.0000000E-01   6.8908918E+05   3.4749492E+05   1.0365324E+06   3.0803506E-04   2.6053164E-04   1.1649273E-04
   8.5000000E-01   5.4638828E+05   2.7548035E+05   8.2183119E+05   2.7582879E-04   1.4427851E-03   5.1329336E-04
   9.0000000E-01   4.0989118E+05   2.0647348E+05   6.1633990E+05   6.1478782E-04   1.2139959E-03   4.4167800E-04
   9.5000000E-01   2.7050309E+05   1.3533531E+05   4.0582835E+05   1.6945681E-03   1.0739860E-03   1.4876584E-03
   1.0000000E+00   1.3166869E+05   6.5453944E+04   1.9711634E+05   2.0858150E-03   3.1973250E-03   2.2303541E-03
