   0.0000000E+00   2.5314650E+08   2.6209127E+08   5.1456245E+08   3.5178350E-06   3.7328088E-06   3.6246528E-06
   5.0000000E-02   1.2666225E+08   6.6932420E+07   1.9285976E+08   1.6391961E-06   1.5925256E-05   6.2498059E-06
   1.0000000E-01   5.1096440E+07   2.2197786E+07   7.3107059E+07   1.6942645E-05   1.7888599E-05   1.6571300E-05
   1.5000000E-01   2.2147959E+07   9.3191161E+06   3.1408464E+07   3.9203425E-05   5.4934768E-05   4.3843897E-05
   2.0000000E-01   1.0163285E+07   4.2404766E+06   1.4387448E+07   6.8278438E-05   1.1131292E-04   8.0102087E-05
   2.5000000E-01   4.7974775E+06   1.9989224E+06   6.7916380E+06   1.2763517E-04   1.6035953E-04   1.3716979E-04
   3.0000000E-01   2.3162031E+06   9.6295107E+05   3.2780931E+06   2.6046940E-04   4.2326574E-04   3.0836615E-04
   3.5000000E-01   1.1343018E+06   4.7014370E+05   1.6041181E+06   4.5645648E-04   6.0147231E-04   4.9872201E-04
   4.0000000E-01   5.5872934E+05   2.3187284E+05   7.9049873E+05   8.0720174E-04   9.8604855E-04   8.5967157E-04
   4.5000000E-01   2.7690838E+05   1.1584358E+05   3.9273074E+05   1.5288891E-03   1.6592485E-03   1.5674247E-03
   5.0000000E-01   1.3736345E+05   5.8269808E+04   1.9562689E+05   2.2089783E-03   2.9078743E-03   2.4172247E-03
   5.5000000E-01   7.0826843E+04   2.9475495E+04   1.0030234E+05   4.1945510E-03   4.5312756E-03   4.2869951E-03
   6.0000000E-01   3.5491552E+04   1.4361081E+04   4.9852633E+04   5.9194106E-03   6.7447220E-03   6.1517024E-03
   6.5000000E-01   1.7707824E+04   7.3603040E+03   2.5068128E+04   1.2820532E-02   1.6290889E-02   1.3838469E-02
   7.0000000E-01   9.4901819E+03   3.6332800E+03   1.3123462E+04   1.8484120E-02   1.8868665E-02   1.8588507E-02
   7.5000000E-01   4.5963948E+03   2.0456715E+03   6.6420663E+03   2.3785008E-02   2.4855304E-02   2.4086749E-02
   8.0000000E-01   2.5783101E+03   1.0026761E+03   3.5809862E+03   5.4939727E-02   3.9120098E-02   5.0493305E-02
   8.5000000E-01   1.3893290E+03   5.3550957E+02   1.9248386E+03   7.6453306E-02   6.7597022E-02   7.3973258E-02
   9.0000000E-01   5.9417845E+02   2.8294212E+02   8.7712058E+02   7.8509063E-02   1.2814493E-01   9.4492568E-02
   9.5000000E-01   2.8815421E+02   1.3402522E+02   4.2217943E+02   1.1731650E-01   1.7013874E-01   1.3407777E-01
   1.0000000E+00   6.2876027E+01   5.0300822E+01   1.1317685E+02   3.2206952E-01   2.0803037E-01   2.7079897E-01
