   0.0000000E+00   9.2976382E+08   1.6201377E+09   2.4997079E+09   4.6678494E-02   1.9180100E-06   1.6917356E-02
   5.0000000E-02   9.6688538E+06   6.5432417E+06   1.6194525E+07   1.2423230E-01   8.9522309E-05   7.4121911E-02
   1.0000000E-01   1.3219728E+06   1.2605071E+04   1.3344187E+06   2.7311925E-03   1.1081074E-02   2.8099438E-03
   1.5000000E-01   1.3131556E+06   3.6075120E+02   1.3132617E+06   4.1174466E-05   2.0299181E-01   9.2268409E-05
   2.0000000E-01   1.3392570E+06   1.5915494E+02   1.3389069E+06   6.3231419E-06   2.6556411E-01   3.6427091E-05
   2.5000000E-01   1.3613477E+06   7.6394373E+01   1.3609785E+06   3.8059158E-06   3.1581898E-01   1.5092170E-05
   3.0000000E-01   1.4073011E+06   1.0610330E+01   1.4067387E+06   4.9251855E-06   3.6322721E-01   2.3473707E-06
   3.5000000E-01   1.4536576E+06   2.7283705E+01   1.4530755E+06   5.4711007E-06   4.5370910E-01   4.3096175E-06
   4.0000000E-01   1.5253171E+06   1.5915494E+01   1.5244736E+06   2.3022703E-06   3.3688650E-01   5.7792049E-06
   4.5000000E-01   1.6108673E+06   7.0735530E+00   1.6099336E+06   5.7233311E-06   3.6171566E-01   4.1582110E-06
   5.0000000E-01   1.7132457E+06   6.3661977E+00   1.7122143E+06   5.1003582E-06   4.5352415E-01   3.4154793E-06
   5.5000000E-01   1.8725997E+06   0.0000000E+00   1.8709155E+06   3.8692873E-06   0.0000000E+00   3.8794202E-06
   6.0000000E-01   2.1106068E+06   0.0000000E+00   2.1082672E+06   5.6139230E-06   0.0000000E+00   5.6337371E-06
   6.5000000E-01   2.5240260E+06   0.0000000E+00   2.5208968E+06   5.9406081E-06   0.0000000E+00   5.9516093E-06
   7.0000000E-01   3.5434393E+06   0.0000000E+00   3.5359863E+06   3.2131252E-06   0.0000000E+00   3.2127058E-06
   7.5000000E-01   5.1551941E+06   0.0000000E+00   5.1379078E+06   8.2407867E-07   0.0000000E+00   8.2873505E-07
   8.0000000E-01   6.4634016E+05   3.9788736E+00   6.4593432E+05   1.5903044E-05   7.7377551E-01   2.0467045E-05
   8.5000000E-01   4.7259656E+03   0.0000000E+00   4.7259656E+03   1.9557004E-03   0.0000000E+00   1.9557004E-03
   9.0000000E-01   5.6588424E+01   3.5367765E+00   6.0125201E+01   1.0830915E-01   7.9265974E-01   1.4749393E-01
   9.5000000E-01   3.3506304E+00   0.0000000E+00   3.3506304E+00   3.3003562E-01   0.0000000E+00   3.3003562E-01
   1.0000000E+00   0.0000000E+00   6.2876027E+00   6.2876027E+00   0.0000000E+00   8.5084415E-01   8.5084415E-01
