   0.0000000E+00   1.0674988E+09   8.9250629E+08   1.9295680E+09   6.9948293E-03   2.6636956E-04   3.9307880E-03
   5.0000000E-02   1.9006729E+07   6.3290828E+06   2.5304681E+07   1.5552651E-01   1.5350451E-02   1.2050041E-01
   1.0000000E-01   9.7243034E+06   3.2378163E+06   1.2946809E+07   1.4872815E-01   1.6698850E-02   1.1576641E-01
   1.5000000E-01   6.5215542E+06   2.1863645E+06   8.6952924E+06   1.4519253E-01   1.7166080E-02   1.1305586E-01
   2.0000000E-01   4.8655735E+06   1.6279959E+06   6.4839883E+06   1.4415180E-01   1.8845949E-02   1.1277534E-01
   2.5000000E-01   3.8298791E+06   1.2882256E+06   5.1116239E+06   1.4400376E-01   1.9718040E-02   1.1273218E-01
   3.0000000E-01   3.1328271E+06   1.0654575E+06   4.1927354E+06   1.4517254E-01   2.1597193E-02   1.1382212E-01
   3.5000000E-01   2.6235646E+06   8.9252273E+05   3.5119857E+06   1.4691270E-01   2.2482919E-02   1.1534161E-01
   4.0000000E-01   2.2176809E+06   7.5973408E+05   2.9737544E+06   1.4989865E-01   2.4649690E-02   1.1797733E-01
   4.5000000E-01   1.9031394E+06   6.5281821E+05   2.5530009E+06   1.5179891E-01   2.6899970E-02   1.1994538E-01
   5.0000000E-01   1.6430456E+06   5.7027763E+05   2.2109868E+06   1.5753742E-01   2.7969040E-02   1.2416632E-01
   5.5000000E-01   1.4193727E+06   4.9677177E+05   1.9140031E+06   1.6133977E-01   3.0103148E-02   1.2733251E-01
   6.0000000E-01   1.2343686E+06   4.3610576E+05   1.6687608E+06   1.6728923E-01   3.2874765E-02   1.3221229E-01
   6.5000000E-01   1.0661667E+06   3.7992978E+05   1.4446617E+06   1.7473985E-01   3.4708862E-02   1.3795483E-01
   7.0000000E-01   9.2908744E+05   3.2950530E+05   1.2573513E+06   1.8247849E-01   3.7644276E-02   1.4459424E-01
   7.5000000E-01   7.8865731E+05   2.8433561E+05   1.0720719E+06   1.9119624E-01   4.0495235E-02   1.5127505E-01
   8.0000000E-01   6.6600773E+05   2.4367418E+05   9.0900152E+05   2.0161209E-01   4.5000908E-02   1.5968069E-01
   8.5000000E-01   5.4714848E+05   2.0070000E+05   7.4721561E+05   2.1436412E-01   4.8149402E-02   1.6978700E-01
   9.0000000E-01   4.2946370E+05   1.5647760E+05   5.8570434E+05   2.2687929E-01   5.3188095E-02   1.8051470E-01
   9.5000000E-01   2.9447685E+05   1.0910323E+05   4.0334218E+05   2.4489751E-01   5.9531869E-02   1.9476815E-01
   1.0000000E+00   1.3918237E+05   5.0608914E+04   1.8977871E+05   2.6134253E-01   6.5950079E-02   2.0922304E-01
