   0.0000000E+00   2.9852960E+09   1.5933798E+09   4.4791055E+09   4.8678776E-03   2.1299067E-08   3.2042769E-03
   5.0000000E-02   2.0238079E+07   5.3373565E+06   2.5555891E+07   2.3772543E-01   3.1814370E-06   1.8810418E-01
   1.0000000E-01   4.6697334E+06   1.2583745E+06   5.9253385E+06   2.8133721E-01   1.9330281E-05   2.2163449E-01
   1.5000000E-01   1.1899697E+06   3.1637881E+05   1.5058816E+06   3.0422187E-01   4.1086436E-05   2.4034978E-01
   2.0000000E-01   2.9112622E+05   7.2654232E+04   3.6373271E+05   3.1077887E-01   4.0052200E-05   2.4870322E-01
   2.5000000E-01   7.4484513E+04   1.5342537E+04   8.9827050E+04   3.0591268E-01   8.2565851E-05   2.5367663E-01
   3.0000000E-01   2.0308171E+04   3.2679815E+03   2.3576152E+04   2.8736720E-01   3.5133457E-05   2.4752925E-01
   3.5000000E-01   6.7572642E+03   7.8213286E+02   7.5393970E+03   2.5119843E-01   5.4692226E-03   2.2570646E-01
   4.0000000E-01   2.7931693E+03   2.5464791E+02   3.0478172E+03   1.6984116E-01   8.6354163E-06   1.5565006E-01
   4.5000000E-01   1.6127701E+03   8.4882636E+01   1.6976527E+03   1.0901546E-01   2.6880195E-02   1.0490839E-01
   5.0000000E-01   1.3050705E+03   1.9098593E+01   1.3241691E+03   3.8483774E-02   4.3282747E-06   3.7928728E-02
   5.5000000E-01   1.0591038E+03   5.7874525E+00   1.0648913E+03   1.6499771E-02   3.0116838E-06   1.6410113E-02
   6.0000000E-01   1.1936621E+03   0.0000000E+00   1.1936621E+03   3.2961418E-03   0.0000000E+00   3.2961418E-03
   6.5000000E-01   1.4054606E+03   0.0000000E+00   1.4054606E+03   1.9735707E-03   0.0000000E+00   1.9735707E-03
   7.0000000E-01   1.4005635E+03   0.0000000E+00   1.4005635E+03   5.1052538E-04   0.0000000E+00   5.1052538E-04
   7.5000000E-01   1.5236433E+03   0.0000000E+00   1.5236433E+03   4.9618384E-04   0.0000000E+00   4.9618384E-04
   8.0000000E-01   1.8143664E+03   0.0000000E+00   1.8143664E+03   1.8629955E-06   0.0000000E+00   1.8629955E-06
   8.5000000E-01   2.1457831E+03   0.0000000E+00   2.1457831E+03   2.6962666E-06   0.0000000E+00   2.6962666E-06
   9.0000000E-01   2.5358688E+03   0.0000000E+00   2.5358688E+03   4.3487096E-04   0.0000000E+00   4.3487096E-04
   9.5000000E-01   2.7508675E+03   0.0000000E+00   2.7508675E+03   8.1193927E-06   0.0000000E+00   8.1193927E-06
   1.0000000E+00   2.0937717E+03   0.0000000E+00   2.0937717E+03   4.1651666E-06   0.0000000E+00   4.1651666E-06
