   0.0000000E+00   7.3699689E+07   3.9439868E+07   1.1312835E+08   1.1219066E-03   4.1356562E-04   8.7019900E-04
   5.0000000E-02   2.9307237E+07   1.4707699E+07   4.4005132E+07   7.4410232E-05   2.2643267E-04   1.2174012E-04
   1.0000000E-01   1.5228136E+07   7.6263866E+06   2.2849079E+07   2.9149278E-04   1.9651195E-04   1.8295804E-04
   1.5000000E-01   1.0113045E+07   5.0594508E+06   1.5168824E+07   1.6600759E-04   3.0095448E-04   2.5257318E-05
   2.0000000E-01   7.4263129E+06   3.7265334E+06   1.1150109E+07   1.2730292E-04   2.1706274E-04   1.4847567E-04
   2.5000000E-01   5.7667056E+06   2.8961998E+06   8.6611738E+06   3.8520695E-04   4.3640841E-04   3.5885987E-04
   3.0000000E-01   4.6326184E+06   2.3176461E+06   6.9489701E+06   2.4151129E-04   2.2897210E-04   1.2365790E-04
   3.5000000E-01   3.8192457E+06   1.9139701E+06   5.7319789E+06   4.0582723E-04   1.6628148E-04   2.8337136E-04
   4.0000000E-01   3.1948365E+06   1.5943506E+06   4.7883515E+06   1.6343717E-04   2.0133772E-04   1.7273809E-04
   4.5000000E-01   2.6971882E+06   1.3483607E+06   4.0447708E+06   1.1312518E-04   2.4771632E-04   1.5960990E-04
   5.0000000E-01   2.3048501E+06   1.1500982E+06   3.4544453E+06   1.7895050E-04   3.8438440E-04   1.2244947E-04
   5.5000000E-01   1.9719413E+06   9.8632080E+05   2.9577239E+06   5.4538211E-04   3.8374565E-04   4.8502109E-04
   6.0000000E-01   1.6890053E+06   8.4771228E+05   2.5363303E+06   1.2856959E-04   6.9187436E-04   2.9220100E-04
   6.5000000E-01   1.4485059E+06   7.2129020E+05   2.1694484E+06   4.8457052E-04   3.2773969E-04   4.1642953E-04
   7.0000000E-01   1.2379435E+06   6.1623430E+05   1.8539732E+06   6.6487988E-04   7.2682449E-04   6.8082787E-04
   7.5000000E-01   1.0464204E+06   5.2525375E+05   1.5714407E+06   8.7695099E-04   8.3741347E-04   5.8407765E-04
   8.0000000E-01   8.7147676E+05   4.3563493E+05   1.3069804E+06   4.2117800E-04   5.1455895E-04   1.3511150E-04
   8.5000000E-01   7.0871883E+05   3.5433882E+05   1.0629640E+06   7.2566848E-04   9.3335061E-04   7.5467316E-04
   9.0000000E-01   5.4655930E+05   2.7249448E+05   8.1901487E+05   3.0467979E-04   1.4668744E-03   4.6285502E-04
   9.5000000E-01   3.7197693E+05   1.8339005E+05   5.5533348E+05   1.5430242E-03   3.1400485E-03   2.0204656E-03
   1.0000000E+00   1.9380278E+05   9.7954562E+04   2.9175734E+05   3.9104666E-03   2.8922213E-03   3.5303406E-03
