   0.0000000E+00   3.2409752E+09   1.6621821E+09   4.6877859E+09   7.9642647E-06   1.7446697E-07   5.3101184E-06
   5.0000000E-02   6.4234935E+04   1.5469860E+04   7.9704796E+04   1.8148958E-01   1.2982192E-02   1.4878407E-01
   1.0000000E-01   3.0080284E+04   6.0478878E+03   3.6128172E+04   1.8847704E-01   1.3297109E-02   1.5915177E-01
   1.5000000E-01   1.7613147E+04   3.5014087E+03   2.1114556E+04   2.0259930E-01   4.6128327E-03   1.6976737E-01
   2.0000000E-01   1.2254931E+04   2.2281692E+03   1.4483100E+04   1.8385675E-01   2.9453830E-03   1.5602423E-01
   2.5000000E-01   7.4993809E+03   1.6424790E+03   9.1418599E+03   1.8446466E-01   6.3558166E-03   1.5246460E-01
   3.0000000E-01   5.9205639E+03   9.3370900E+02   6.8542729E+03   1.8089658E-01   4.7967867E-03   1.5690775E-01
   3.5000000E-01   4.5563787E+03   6.8209261E+02   5.2384713E+03   1.5710014E-01   3.1490893E-03   1.3705443E-01
   4.0000000E-01   3.7878876E+03   4.4563384E+02   4.2335215E+03   1.4745643E-01   3.3573605E-05   1.3193117E-01
   4.5000000E-01   2.7799063E+03   2.8294212E+02   3.0628485E+03   1.2594171E-01   1.0722920E-02   1.1529794E-01
   5.0000000E-01   2.6292397E+03   1.7825354E+02   2.8074932E+03   9.1193569E-02   4.8594226E-06   8.5403192E-02
   5.5000000E-01   2.1124202E+03   1.4468631E+02   2.2571065E+03   7.7116587E-02   3.4273077E-05   7.2175413E-02
   6.0000000E-01   1.6339907E+03   9.0187801E+01   1.7241786E+03   6.6097644E-02   2.3679982E-03   6.2764093E-02
   6.5000000E-01   1.4838138E+03   4.4073677E+01   1.5278875E+03   5.2377563E-02   1.5475108E-06   5.0866717E-02
   7.0000000E-01   1.2823341E+03   2.7283705E+01   1.3096178E+03   4.0700207E-02   3.3399322E-06   3.9852356E-02
   7.5000000E-01   1.0313240E+03   2.1220659E+01   1.0525447E+03   3.7238738E-02   8.4032416E-07   3.6487974E-02
   8.0000000E-01   8.7137331E+02   1.1936621E+01   8.8330993E+02   2.3744890E-02   4.2250622E-05   2.3424584E-02
   8.5000000E-01   6.6283353E+02   3.7448222E+00   6.6657835E+02   1.4293762E-02   9.9755604E-07   1.4213466E-02
   9.0000000E-01   4.8807516E+02   0.0000000E+00   4.8807516E+02   1.6489950E-02   0.0000000E+00   1.6489950E-02
   9.5000000E-01   2.6469980E+02   0.0000000E+00   2.6469980E+02   2.1218556E-02   0.0000000E+00   2.1218556E-02
   1.0000000E+00   1.6347767E+02   0.0000000E+00   1.6347767E+02   3.2906162E-02   0.0000000E+00   3.2906162E-02
