   0.0000000E+00   1.2613067E+08   6.6087753E+07   1.9221079E+08   1.0942063E-04   7.6818367E-05   4.9183006E-05
   5.0000000E-02   4.4172118E+07   2.2044488E+07   6.6205974E+07   1.3628876E-05   4.6197974E-05   1.7245609E-05
   1.0000000E-01   2.1090354E+07   1.0506200E+07   3.1591779E+07   1.0252787E-04   6.5371649E-05   7.2842347E-05
   1.5000000E-01   1.3029039E+07   6.5240370E+06   1.9549638E+07   8.2588698E-05   7.7603572E-05   6.4265992E-05
   2.0000000E-01   8.9681423E+06   4.4982598E+06   1.3464747E+07   6.3420476E-05   1.2118049E-05   4.5692959E-05
   2.5000000E-01   6.5288031E+06   3.2578508E+06   9.7855080E+06   8.5861488E-05   7.9481478E-05   3.0771064E-05
   3.0000000E-01   4.9287209E+06   2.4645780E+06   7.3923864E+06   1.2894525E-04   2.1364772E-04   1.5004046E-04
   3.5000000E-01   3.8190729E+06   1.9051938E+06   5.7235573E+06   7.2803687E-05   1.2144784E-04   8.4981135E-05
   4.0000000E-01   3.0069860E+06   1.5059718E+06   4.5125281E+06   1.8387722E-04   7.4496633E-05   1.4766846E-04
   4.5000000E-01   2.3972837E+06   1.1962510E+06   3.5932093E+06   2.5976666E-04   1.4715537E-04   2.1462555E-04
   5.0000000E-01   1.9297664E+06   9.6223805E+05   2.8918644E+06   3.7064993E-04   3.7470123E-05   2.3845336E-04
   5.5000000E-01   1.5636539E+06   7.8504478E+05   2.3485193E+06   2.5083104E-04   3.1931266E-05   1.6545601E-04
   6.0000000E-01   1.2703164E+06   6.3543672E+05   1.9056311E+06   4.2514180E-04   4.3826977E-04   3.9814001E-04
   6.5000000E-01   1.0308784E+06   5.1780693E+05   1.5485531E+06   5.0317157E-04   5.5819872E-04   5.1641898E-04
   7.0000000E-01   8.3362631E+05   4.1894128E+05   1.2525267E+06   5.8187590E-04   6.7270878E-04   6.1075312E-04
   7.5000000E-01   6.7535596E+05   3.3496810E+05   1.0102986E+06   7.2798717E-04   3.6428895E-04   5.9199815E-04
   8.0000000E-01   5.3507892E+05   2.6705404E+05   8.0209715E+05   6.0135585E-04   5.8813412E-04   5.5439565E-04
   8.5000000E-01   4.0889339E+05   2.0582666E+05   6.1470507E+05   5.3077537E-04   3.6405056E-04   4.7113200E-04
   9.0000000E-01   3.0118835E+05   1.5078693E+05   4.5196467E+05   1.2617842E-03   2.7151223E-04   9.2872921E-04
   9.5000000E-01   1.9158569E+05   9.6933737E+04   2.8851943E+05   1.1247706E-03   1.2598984E-03   9.6668282E-04
   1.0000000E+00   9.1182814E+04   4.5572544E+04   1.3675536E+05   6.3249305E-04   1.5780520E-03   9.3045902E-04
