   0.0000000E+00   2.2742095E+08   4.2588946E+08   6.5067175E+08   2.2609468E-02   3.6440859E-04   8.0952104E-03
   5.0000000E-02   1.7647100E+07   9.2657461E+06   2.6882225E+07   1.1299328E-01   7.1918681E-03   7.6563214E-02
   1.0000000E-01   1.0203933E+07   4.8996804E+06   1.5086011E+07   9.2004251E-02   7.3950158E-03   6.4571681E-02
   1.5000000E-01   7.4012566E+06   3.3582754E+06   1.0743914E+07   8.1862732E-02   7.9181197E-03   5.8792474E-02
   2.0000000E-01   5.8768440E+06   2.5456833E+06   8.4096040E+06   7.4056612E-02   8.4868143E-03   5.4248855E-02
   2.5000000E-01   4.8570396E+06   2.0422635E+06   6.8890663E+06   6.9499517E-02   9.1642566E-03   5.1653888E-02
   3.0000000E-01   4.1270893E+06   1.6855039E+06   5.8043383E+06   6.6122321E-02   9.6790613E-03   4.9770808E-02
   3.5000000E-01   3.5466633E+06   1.4261101E+06   4.9655978E+06   6.4718958E-02   1.0799242E-02   4.9275222E-02
   4.0000000E-01   3.1034339E+06   1.2190950E+06   4.3153749E+06   6.4268608E-02   1.1056144E-02   4.9258716E-02
   4.5000000E-01   2.7210685E+06   1.0591797E+06   3.7746601E+06   6.3825489E-02   1.1938471E-02   4.9312309E-02
   5.0000000E-01   2.3959885E+06   9.2122701E+05   3.3131857E+06   6.4049992E-02   1.3069924E-02   4.9929257E-02
   5.5000000E-01   2.1216974E+06   8.0486102E+05   2.9222121E+06   6.6080706E-02   1.4095522E-02   5.1786050E-02
   6.0000000E-01   1.8680599E+06   7.0350198E+05   2.5679862E+06   6.7368812E-02   1.6401794E-02   5.3419899E-02
   6.5000000E-01   1.6502703E+06   6.1773175E+05   2.2649462E+06   6.9979703E-02   1.8090477E-02   5.5852766E-02
   7.0000000E-01   1.4398429E+06   5.3371019E+05   1.9708930E+06   7.4165020E-02   2.0246690E-02   5.9589529E-02
   7.5000000E-01   1.2542640E+06   4.6193555E+05   1.7142388E+06   7.8763808E-02   2.2185855E-02   6.3537054E-02
   8.0000000E-01   1.0743953E+06   3.9454510E+05   1.4673529E+06   8.4036768E-02   2.4281941E-02   6.7992119E-02
   8.5000000E-01   9.0303017E+05   3.2864560E+05   1.2305074E+06   9.0954828E-02   2.8228669E-02   7.4198529E-02
   9.0000000E-01   7.2840620E+05   2.6354998E+05   9.9133016E+05   9.9485289E-02   3.2802280E-02   8.1746815E-02
   9.5000000E-01   5.2518451E+05   1.8659326E+05   7.1133883E+05   1.1392063E-01   3.8645424E-02   9.4191563E-02
   1.0000000E+00   2.6770726E+05   9.4024811E+04   3.6168177E+05   1.3109739E-01   4.7266292E-02   1.0930517E-01
