   0.0000000E+00   1.0402418E+08   4.1784361E+08   5.2051560E+08   2.8106580E-02   7.2308446E-06   5.5919765E-03
   5.0000000E-02   1.4482591E+07   1.9077012E+07   3.3507654E+07   7.3364882E-02   1.9483840E-04   3.1745225E-02
   1.0000000E-01   9.6216166E+06   9.0664842E+06   1.8660408E+07   4.7255505E-02   2.6222109E-04   2.4460278E-02
   1.5000000E-01   7.5652286E+06   5.5520247E+06   1.3094250E+07   3.5011565E-02   3.3606287E-04   2.0337683E-02
   2.0000000E-01   6.3002757E+06   3.7664654E+06   1.0049266E+07   2.8256545E-02   3.9456437E-04   1.7831509E-02
   2.5000000E-01   5.3672649E+06   2.6881652E+06   8.0396929E+06   2.3066356E-02   5.9605859E-04   1.5565607E-02
   3.0000000E-01   4.6342418E+06   1.9853836E+06   6.6068294E+06   2.0294815E-02   6.4718689E-04   1.4403958E-02
   3.5000000E-01   4.0282753E+06   1.5035413E+06   5.5216943E+06   1.8058617E-02   8.2058283E-04   1.3374165E-02
   4.0000000E-01   3.5224411E+06   1.1520112E+06   4.6659455E+06   1.6693671E-02   8.6792407E-04   1.2805995E-02
   4.5000000E-01   3.0676656E+06   8.9723069E+05   3.9583249E+06   1.6031656E-02   1.1380046E-03   1.2656617E-02
   5.0000000E-01   2.6754774E+06   7.0569302E+05   3.3768987E+06   1.5082065E-02   8.8705501E-04   1.2130191E-02
   5.5000000E-01   2.3292471E+06   5.5523083E+05   2.8806987E+06   1.4882131E-02   1.7289141E-03   1.2345327E-02
   6.0000000E-01   2.0184613E+06   4.3681666E+05   2.4523442E+06   1.5233689E-02   1.6228338E-03   1.2804811E-02
   6.5000000E-01   1.7331875E+06   3.4593918E+05   2.0768888E+06   1.5001398E-02   2.0930856E-03   1.2865407E-02
   7.0000000E-01   1.4754482E+06   2.7317354E+05   1.7467482E+06   1.5862451E-02   2.3148702E-03   1.3747245E-02
   7.5000000E-01   1.2345458E+06   2.1408674E+05   1.4472702E+06   1.6332457E-02   2.7629934E-03   1.4330976E-02
   8.0000000E-01   1.0229684E+06   1.6426780E+05   1.1862096E+06   1.8121950E-02   3.9317039E-03   1.6161654E-02
   8.5000000E-01   8.2289846E+05   1.2417456E+05   9.4628661E+05   1.9501329E-02   5.2207115E-03   1.7639278E-02
   9.0000000E-01   6.3680368E+05   9.0990649E+04   7.2742297E+05   2.2805992E-02   5.8952581E-03   2.0695647E-02
   9.5000000E-01   4.4125122E+05   5.9621117E+04   5.0063444E+05   2.7194851E-02   8.5689680E-03   2.4979640E-02
   1.0000000E+00   2.2746031E+05   2.9444843E+04   2.5686115E+05   3.6252939E-02   1.3242089E-02   3.3617429E-02
