   0.0000000E+00   1.3789133E+08   7.3325356E+07   2.1114997E+08   7.8937418E-04   2.3100840E-04   5.8928729E-04
   5.0000000E-02   5.1299585E+07   2.5797170E+07   7.7016350E+07   1.7275008E-04   1.8533583E-04   1.7753627E-04
   1.0000000E-01   2.4486306E+07   1.2239397E+07   3.6695209E+07   7.5407916E-05   8.9390289E-05   7.8720348E-05
   1.5000000E-01   1.4824370E+07   7.4337242E+06   2.2236428E+07   7.6742309E-05   5.6618962E-05   3.0925632E-05
   2.0000000E-01   9.9018566E+06   4.9308907E+06   1.4820142E+07   1.4438903E-04   1.1690425E-04   1.2382762E-04
   2.5000000E-01   6.9800647E+06   3.4853405E+06   1.0458122E+07   6.7184401E-05   1.1617657E-04   6.1524217E-05
   3.0000000E-01   5.0833028E+06   2.5414710E+06   7.6201265E+06   1.5520278E-04   1.3369770E-04   1.4771280E-04
   3.5000000E-01   3.7922439E+06   1.9000918E+06   5.6890707E+06   1.4685249E-04   6.8229849E-05   1.1737919E-04
   4.0000000E-01   2.8635714E+06   1.4292830E+06   4.2908889E+06   4.5985640E-05   1.5042166E-04   4.0724928E-05
   4.5000000E-01   2.1935654E+06   1.1008358E+06   3.2931138E+06   1.4756241E-04   4.1458129E-04   2.3149456E-04
   5.0000000E-01   1.6947391E+06   8.4408779E+05   2.5380311E+06   2.6890803E-04   2.5473974E-04   2.6277380E-04
   5.5000000E-01   1.3170679E+06   6.5828221E+05   1.9746672E+06   2.6887616E-05   2.4377321E-04   6.9932584E-05
   6.0000000E-01   1.0290057E+06   5.1477605E+05   1.5433573E+06   3.6778416E-04   4.2417475E-04   2.9371635E-04
   6.5000000E-01   8.0480982E+05   4.0012532E+05   1.2047050E+06   4.1904287E-04   4.5913316E-04   4.3346351E-04
   7.0000000E-01   6.2815273E+05   3.1427645E+05   9.4226093E+05   5.1328990E-04   3.6224839E-04   3.8462213E-04
   7.5000000E-01   4.8967095E+05   2.4335852E+05   7.3291064E+05   1.3103203E-03   2.9250409E-04   8.1867000E-04
   8.0000000E-01   3.7231116E+05   1.8643012E+05   5.5869751E+05   5.6324980E-04   5.8748440E-04   5.2971408E-04
   8.5000000E-01   2.7706067E+05   1.3983541E+05   4.1684739E+05   1.3884768E-03   1.4152579E-03   1.3679677E-03
   9.0000000E-01   1.9793923E+05   9.9924547E+04   2.9784963E+05   1.6621654E-03   2.3428038E-03   1.8529988E-03
   9.5000000E-01   1.2567879E+05   6.3296759E+04   1.8896550E+05   2.6607989E-03   3.8571156E-03   3.0350251E-03
   1.0000000E+00   6.4353614E+04   3.2607508E+04   9.6961121E+04   6.3780293E-03   6.1002655E-03   6.2388626E-03
