   0.0000000E+00   9.7996664E+07   1.2055898E+08   2.1837688E+08   1.2698516E-05   7.0863937E-06   7.2647605E-06
   5.0000000E-02   6.2179417E+07   4.0163068E+07   1.0205734E+08   4.2381344E-06   1.2745836E-05   3.4606975E-06
   1.0000000E-01   3.4894116E+07   1.7151523E+07   5.1917170E+07   2.7589441E-06   6.9560297E-06   3.9209920E-06
   1.5000000E-01   2.0671023E+07   9.3940462E+06   2.9984706E+07   6.7016644E-06   7.9114568E-06   5.3289513E-06
   2.0000000E-01   1.2717180E+07   5.6427589E+06   1.8320612E+07   5.5001654E-06   3.1062627E-06   4.2489767E-06
   2.5000000E-01   8.0756364E+06   3.5551267E+06   1.1612199E+07   1.7898629E-05   1.9365228E-06   1.2710803E-05
   3.0000000E-01   5.2636253E+06   2.2821864E+06   7.5370900E+06   5.0872944E-05   4.1097094E-05   4.4885728E-05
   3.5000000E-01   3.4513159E+06   1.4953744E+06   4.9419702E+06   6.5791569E-05   1.2094752E-04   8.2760354E-05
   4.0000000E-01   2.3034813E+06   9.9595185E+05   3.2969981E+06   8.5531511E-05   9.7021847E-05   8.0510360E-05
   4.5000000E-01   1.5439727E+06   6.6460982E+05   2.2074154E+06   6.2039851E-05   1.0513560E-04   7.5494754E-05
   5.0000000E-01   1.0474878E+06   4.5004562E+05   1.4969732E+06   1.4915834E-04   1.4909095E-04   8.9169422E-05
   5.5000000E-01   7.0804272E+05   3.0512607E+05   1.0128563E+06   3.0266620E-04   1.6349609E-04   2.6074007E-04
   6.0000000E-01   4.8032431E+05   2.0706058E+05   6.8723635E+05   2.7686727E-04   3.5895199E-04   2.5807057E-04
   6.5000000E-01   3.2889736E+05   1.4012491E+05   4.6894392E+05   2.9064640E-04   3.4383934E-04   3.0539068E-04
   7.0000000E-01   2.2573628E+05   9.7111799E+04   3.2277987E+05   6.3123036E-04   7.8941006E-04   6.7765278E-04
   7.5000000E-01   1.5331502E+05   6.5334165E+04   2.1863221E+05   7.5004418E-04   1.3797847E-03   9.2832954E-04
   8.0000000E-01   1.0372128E+05   4.5060743E+04   1.4878202E+05   1.0224887E-03   1.7545880E-03   1.2401476E-03
   8.5000000E-01   6.9414024E+04   2.9808785E+04   9.9222809E+04   1.2786643E-03   1.9688047E-03   1.3726918E-03
   9.0000000E-01   4.4015184E+04   1.9080909E+04   6.3096093E+04   2.5857699E-03   4.7960002E-03   3.2516231E-03
   9.5000000E-01   2.6091359E+04   1.1100638E+04   3.7191997E+04   3.2166925E-03   7.0007448E-03   4.2325423E-03
   1.0000000E+00   1.3298280E+04   5.5708160E+03   1.8869096E+04   7.7378038E-03   5.3290739E-03   6.1661857E-03
