   0.0000000E+00   1.7881198E+09   1.2547053E+09   2.9647001E+09   3.1550765E-03   2.9295807E-04   1.9788453E-03
   5.0000000E-02   1.4660016E+07   4.7006731E+06   1.9342482E+07   1.5671534E-01   2.8834047E-02   1.2565162E-01
   1.0000000E-01   7.2975406E+06   2.2474588E+06   9.5357366E+06   1.5413058E-01   2.7039826E-02   1.2421048E-01
   1.5000000E-01   4.7888237E+06   1.4308454E+06   6.2133029E+06   1.5391588E-01   2.5519773E-02   1.2440886E-01
   2.0000000E-01   3.4882944E+06   1.0229207E+06   4.5071247E+06   1.5344924E-01   2.5647760E-02   1.2447998E-01
   2.5000000E-01   2.7154634E+06   7.7144311E+05   3.4840290E+06   1.5399827E-01   2.4638606E-02   1.2538686E-01
   3.0000000E-01   2.1827570E+06   6.1560071E+05   2.7955990E+06   1.5472460E-01   2.4655300E-02   1.2616780E-01
   3.5000000E-01   1.7949040E+06   4.9241630E+05   2.2855468E+06   1.5605072E-01   2.2738382E-02   1.2738056E-01
   4.0000000E-01   1.5030911E+06   4.0558250E+05   1.9069547E+06   1.5772520E-01   2.3525047E-02   1.2922702E-01
   4.5000000E-01   1.2682739E+06   3.3854732E+05   1.6055126E+06   1.5964600E-01   2.3885160E-02   1.3107684E-01
   5.0000000E-01   1.0832977E+06   2.8377326E+05   1.3662370E+06   1.6137190E-01   2.3776078E-02   1.3280290E-01
   5.5000000E-01   9.2309288E+05   2.3677047E+05   1.1590010E+06   1.6550098E-01   2.3502626E-02   1.3654437E-01
   6.0000000E-01   7.9195500E+05   1.9925138E+05   9.9064403E+05   1.6827290E-01   2.4624307E-02   1.3939816E-01
   6.5000000E-01   6.7567395E+05   1.7070225E+05   8.4589628E+05   1.7226320E-01   2.5981762E-02   1.4277001E-01
   7.0000000E-01   5.7771425E+05   1.4091124E+05   7.1825262E+05   1.7613431E-01   2.5280861E-02   1.4659767E-01
   7.5000000E-01   4.8753615E+05   1.1797413E+05   6.0510285E+05   1.7922071E-01   2.6100497E-02   1.4942634E-01
   8.0000000E-01   4.0461563E+05   9.6372297E+04   5.0072135E+05   1.8409030E-01   2.8650887E-02   1.5421608E-01
   8.5000000E-01   3.2891148E+05   7.8000901E+04   4.0672139E+05   1.9179820E-01   2.9541483E-02   1.6069511E-01
   9.0000000E-01   2.5252938E+05   5.8293150E+04   3.1071996E+05   1.9842508E-01   3.1415456E-02   1.6709304E-01
   9.5000000E-01   1.6821505E+05   3.8374770E+04   2.0653621E+05   2.0794865E-01   3.5498438E-02   1.7591564E-01
   1.0000000E+00   7.7318650E+04   1.7265757E+04   9.4584407E+04   2.1703511E-01   3.3273447E-02   1.8349062E-01
