   0.0000000E+00   1.4557457E+08   7.4258386E+07   2.1979476E+08   3.1230127E-04   2.8485544E-04   2.9328076E-04
   5.0000000E-02   5.0064861E+07   2.4947665E+07   7.4971273E+07   6.0284858E-05   4.0036385E-05   2.6824875E-05
   1.0000000E-01   2.3491142E+07   1.1776033E+07   3.5251674E+07   8.7944339E-05   9.7575051E-05   8.8306911E-05
   1.5000000E-01   1.4267392E+07   7.1274040E+06   2.1384758E+07   6.3810603E-05   8.2980993E-05   7.1472989E-05
   2.0000000E-01   9.5679018E+06   4.8067339E+06   1.4368206E+07   1.3518108E-04   1.3361381E-04   1.3522794E-04
   2.5000000E-01   6.8113223E+06   3.4125112E+06   1.0219810E+07   1.9978690E-04   2.7003221E-04   1.8222864E-04
   3.0000000E-01   5.0152800E+06   2.5036770E+06   7.5163681E+06   1.3201976E-04   8.5296249E-05   6.7456966E-05
   3.5000000E-01   3.7675977E+06   1.8890328E+06   5.6550116E+06   1.1789000E-04   7.4612661E-05   5.5132194E-05
   4.0000000E-01   2.8946624E+06   1.4441958E+06   4.3378476E+06   5.0224697E-05   4.0647086E-04   1.6704123E-04
   4.5000000E-01   2.2460158E+06   1.1183853E+06   3.3638069E+06   9.8974375E-05   2.4693795E-04   1.1867831E-04
   5.0000000E-01   1.7577900E+06   8.7911461E+05   2.6365417E+06   2.1121972E-04   2.6062657E-04   9.8415388E-05
   5.5000000E-01   1.3813839E+06   6.9330787E+05   2.0743098E+06   2.5821970E-04   4.2508756E-04   3.1917450E-05
   6.0000000E-01   1.0874102E+06   5.4413483E+05   1.6313382E+06   1.7062062E-04   3.7638875E-04   8.2133540E-05
   6.5000000E-01   8.6504874E+05   4.3225503E+05   1.2971128E+06   4.4215816E-04   8.8299346E-04   5.6287488E-04
   7.0000000E-01   6.8083302E+05   3.4164200E+05   1.0223386E+06   3.6347289E-04   3.4210872E-04   3.2709559E-04
   7.5000000E-01   5.3560095E+05   2.6627259E+05   8.0178865E+05   3.4963447E-04   3.1837822E-04   1.2975829E-04
   8.0000000E-01   4.1151898E+05   2.0562421E+05   6.1709544E+05   4.2390153E-04   9.3830343E-04   3.3888294E-04
   8.5000000E-01   3.1236311E+05   1.5649237E+05   4.6882552E+05   5.1423701E-04   6.8576014E-04   5.7122950E-04
   9.0000000E-01   2.2363392E+05   1.1212996E+05   3.3574973E+05   7.5214081E-04   8.4675661E-04   4.4282965E-04
   9.5000000E-01   1.4170151E+05   7.0658093E+04   2.1235290E+05   1.7933333E-03   1.5962124E-03   1.6940836E-03
   1.0000000E+00   6.8956139E+04   3.5047097E+04   1.0400324E+05   1.4707819E-03   2.0978062E-03   1.6807349E-03
