   0.0000000E+00   7.0599605E+07   4.7036525E+07   1.1759895E+08   1.7681620E-03   4.0675824E-04   1.2202064E-03
   5.0000000E-02   3.4534522E+07   1.8443511E+07   5.2919974E+07   5.8430614E-04   4.4933349E-04   5.3039931E-04
   1.0000000E-01   1.8828316E+07   9.4381109E+06   2.8237811E+07   2.1712498E-04   3.2094526E-04   2.4911984E-04
   1.5000000E-01   1.2309722E+07   6.1017246E+06   1.8387574E+07   1.6875525E-04   7.5334381E-05   9.1992091E-05
   2.0000000E-01   8.8009182E+06   4.3455825E+06   1.3131699E+07   2.3364653E-04   1.1446712E-04   1.9465206E-04
   2.5000000E-01   6.5662237E+06   3.2460351E+06   9.8028113E+06   5.2277643E-05   1.3663970E-04   4.4370556E-05
   3.0000000E-01   5.0638647E+06   2.4988599E+06   7.5553186E+06   1.9992183E-04   1.7982431E-04   1.9216928E-04
   3.5000000E-01   4.0089402E+06   1.9747400E+06   5.9784508E+06   1.4101075E-04   1.4864426E-04   7.0380147E-05
   4.0000000E-01   3.2080623E+06   1.5810691E+06   4.7851048E+06   1.5275430E-04   3.8263292E-04   1.3342497E-04
   4.5000000E-01   2.5891326E+06   1.2790257E+06   3.8650318E+06   3.0190555E-04   3.0060618E-04   2.8174930E-04
   5.0000000E-01   2.1172828E+06   1.0450432E+06   3.1606835E+06   1.6253981E-04   4.7532204E-04   2.5521301E-04
   5.5000000E-01   1.7371849E+06   8.5757313E+05   2.5932591E+06   5.9735299E-04   5.9970726E-04   5.6076899E-04
   6.0000000E-01   1.4323467E+06   7.0642513E+05   2.1375570E+06   5.5958472E-04   6.3215358E-04   5.7852199E-04
   6.5000000E-01   1.1816055E+06   5.8218388E+05   1.7629422E+06   1.0079588E-03   5.3951931E-04   8.1808360E-04
   7.0000000E-01   9.7034495E+05   4.7580507E+05   1.4455089E+06   8.9084368E-04   4.9179157E-04   7.6148505E-04
   7.5000000E-01   7.8976078E+05   3.9062989E+05   1.1799026E+06   1.8716704E-03   1.8302159E-03   1.8592168E-03
   8.0000000E-01   6.3958005E+05   3.1579126E+05   9.5507688E+05   1.9061863E-03   2.0497980E-03   1.9500278E-03
   8.5000000E-01   5.0323670E+05   2.4693732E+05   7.4996805E+05   3.1383875E-03   2.5932562E-03   2.9530303E-03
   9.0000000E-01   3.8069155E+05   1.8874362E+05   5.6931845E+05   4.2986305E-03   4.1082834E-03   4.2372695E-03
   9.5000000E-01   2.6521915E+05   1.3029596E+05   3.9545480E+05   6.7412384E-03   7.3917059E-03   6.9484738E-03
   1.0000000E+00   1.5575021E+05   7.6545275E+04   2.3227662E+05   1.4951939E-02   1.6487635E-02   1.5465652E-02
