   0.0000000E+00   3.3904332E+07   1.1088592E+08   1.4472405E+08   4.7669262E-02   9.4219880E-04   1.1879636E-02
   5.0000000E-02   1.4500989E+07   1.0375120E+07   2.4851280E+07   4.1205661E-02   4.3993727E-03   2.5861525E-02
   1.0000000E-01   9.6680262E+06   5.6707225E+06   1.5323183E+07   2.6363610E-02   4.3523831E-03   1.8217553E-02
   1.5000000E-01   7.4729612E+06   3.9807198E+06   1.1439527E+07   2.0213234E-02   4.1155375E-03   1.4623146E-02
   2.0000000E-01   6.1224360E+06   3.0816217E+06   9.1916595E+06   1.6946766E-02   4.5698274E-03   1.2809943E-02
   2.5000000E-01   5.1593449E+06   2.5021449E+06   7.6504763E+06   1.4809497E-02   4.6035602E-03   1.1476341E-02
   3.0000000E-01   4.4321044E+06   2.0894710E+06   6.5121852E+06   1.3985329E-02   5.4579325E-03   1.1251961E-02
   3.5000000E-01   3.8513768E+06   1.7843270E+06   5.6277279E+06   1.3195535E-02   5.8057223E-03   1.0848787E-02
   4.0000000E-01   3.3703685E+06   1.5361556E+06   4.8992825E+06   1.3265808E-02   6.1535882E-03   1.1025962E-02
   4.5000000E-01   2.9635004E+06   1.3347653E+06   4.2925008E+06   1.3738180E-02   7.5492930E-03   1.1813861E-02
   5.0000000E-01   2.6145528E+06   1.1697188E+06   3.7796052E+06   1.4044107E-02   7.8508619E-03   1.2139448E-02
   5.5000000E-01   2.3069306E+06   1.0280831E+06   3.3308583E+06   1.5521623E-02   9.2590577E-03   1.3589058E-02
   6.0000000E-01   2.0429818E+06   8.9989918E+05   2.9392682E+06   1.6953655E-02   1.0027007E-02   1.4825650E-02
   6.5000000E-01   1.7913991E+06   7.8719014E+05   2.5752690E+06   1.8282933E-02   1.2081613E-02   1.6390918E-02
   7.0000000E-01   1.5706956E+06   6.8566223E+05   2.2536294E+06   2.0203547E-02   1.3307723E-02   1.8103465E-02
   7.5000000E-01   1.3623366E+06   5.9604587E+05   1.9562477E+06   2.2788512E-02   1.5477062E-02   2.0560047E-02
   8.0000000E-01   1.1672543E+06   5.0828916E+05   1.6740554E+06   2.6116961E-02   1.7426731E-02   2.3498507E-02
   8.5000000E-01   9.8324800E+05   4.2980822E+05   1.4119702E+06   3.0126777E-02   2.1377757E-02   2.7462115E-02
   9.0000000E-01   7.9975359E+05   3.4634591E+05   1.1453037E+06   3.5196103E-02   2.6138128E-02   3.2448786E-02
   9.5000000E-01   5.8997230E+05   2.5651756E+05   8.4602747E+05   4.5536259E-02   3.3833518E-02   4.2008081E-02
   1.0000000E+00   3.3128121E+05   1.4339507E+05   4.7456310E+05   5.9284000E-02   4.7299198E-02   5.5653133E-02
