   0.0000000E+00   4.0761745E+08   8.5869312E+08   1.2554285E+09   2.3001735E-02   1.0009730E-06   7.3790879E-03
   5.0000000E-02   2.4662332E+07   2.2921240E+07   4.7456439E+07   1.3593521E-01   2.0194266E-05   7.0436319E-02
   1.0000000E-01   1.2120477E+07   9.5030780E+06   2.1577559E+07   1.1451979E-01   1.5880832E-05   6.4194718E-02
   1.5000000E-01   7.8219562E+06   5.0819871E+06   1.2877884E+07   9.5667351E-02   3.5223910E-05   5.8017605E-02
   2.0000000E-01   5.6912853E+06   2.9716934E+06   8.6486228E+06   7.8658056E-02   5.9841022E-05   5.1704240E-02
   2.5000000E-01   4.4678358E+06   1.8320389E+06   6.2899561E+06   6.4459935E-02   6.0570612E-05   4.5738851E-02
   3.0000000E-01   3.6689034E+06   1.1582130E+06   4.8205061E+06   5.1867381E-02   7.4936073E-05   3.9450795E-02
   3.5000000E-01   3.1305959E+06   7.3509576E+05   3.8608806E+06   4.0949734E-02   5.9602320E-05   3.3187767E-02
   4.0000000E-01   2.7172046E+06   4.7272997E+05   3.1859716E+06   3.2121864E-02   1.6531612E-04   2.7392324E-02
   4.5000000E-01   2.4187661E+06   3.0885255E+05   2.7243719E+06   2.5260210E-02   2.1976904E-04   2.2443323E-02
   5.0000000E-01   2.1539011E+06   2.0439314E+05   2.3559006E+06   2.0186808E-02   1.2992488E-04   1.8448903E-02
   5.5000000E-01   1.9416498E+06   1.3597620E+05   2.0755251E+06   1.6087632E-02   4.3361902E-04   1.5055895E-02
   6.0000000E-01   1.7366404E+06   8.9349585E+04   1.8242499E+06   1.2718611E-02   3.9281652E-04   1.2119294E-02
   6.5000000E-01   1.5407227E+06   6.1399529E+04   1.6009763E+06   1.0584038E-02   2.2845158E-04   1.0181544E-02
   7.0000000E-01   1.3509845E+06   4.0539038E+04   1.3901684E+06   9.0015845E-03   4.1543761E-04   8.7507011E-03
   7.5000000E-01   1.1629600E+06   2.7344941E+04   1.1893033E+06   7.7061022E-03   5.2652561E-04   7.5329511E-03
   8.0000000E-01   9.6659572E+05   1.8163558E+04   9.8410674E+05   7.0371001E-03   5.5958782E-04   6.9214129E-03
   8.5000000E-01   7.7080050E+05   1.1747507E+04   7.8213607E+05   6.6086908E-03   7.4376160E-04   6.5178407E-03
   9.0000000E-01   5.7540878E+05   7.4625984E+03   5.8266271E+05   6.3518184E-03   5.8949559E-04   6.2794583E-03
   9.5000000E-01   3.7493889E+05   4.2485993E+03   3.7905346E+05   6.5844175E-03   2.9631462E-03   6.5470866E-03
   1.0000000E+00   1.7468847E+05   1.6222015E+03   1.7629809E+05   7.5459467E-03   2.4671550E-03   7.4988552E-03
