   0.0000000E+00   6.2495690E+06   1.8272108E+08   1.8888050E+08   4.3166406E-04   6.6963102E-07   1.3858383E-05
   5.0000000E-02   6.1625431E+06   5.7910118E+07   6.3975703E+07   5.4035752E-05   3.2091008E-06   4.8581453E-06
   1.0000000E-01   6.1687183E+06   2.1661847E+07   2.7785143E+07   1.0020163E-04   1.0913196E-05   2.8409212E-05
   1.5000000E-01   6.1843791E+06   1.0196633E+07   1.6350433E+07   5.1373153E-05   6.2755187E-06   1.7601061E-05
   2.0000000E-01   6.1977322E+06   5.1499675E+06   1.1328633E+07   1.1056354E-04   1.2531203E-05   6.4928020E-05
   2.5000000E-01   6.1409616E+06   2.7093519E+06   8.8354548E+06   2.0883211E-05   3.7304488E-05   1.7160812E-05
   3.0000000E-01   6.0286513E+06   1.4582519E+06   7.4750833E+06   4.4442030E-05   3.6038478E-05   4.2058232E-05
   3.5000000E-01   5.7603267E+06   7.9658413E+05   6.5468704E+06   1.5434175E-05   7.2841828E-05   1.1947977E-05
   4.0000000E-01   5.3491578E+06   4.3843208E+05   5.7791468E+06   2.1634843E-05   1.2749110E-04   2.8086798E-05
   4.5000000E-01   4.7326314E+06   2.4254506E+05   4.9678695E+06   1.5439824E-05   1.9718587E-04   8.0639097E-06
   5.0000000E-01   3.9924718E+06   1.3436497E+05   4.1224823E+06   3.8189585E-05   2.6644307E-04   4.5699376E-05
   5.5000000E-01   3.1618126E+06   7.5381569E+04   3.2332819E+06   3.0944427E-05   3.7613468E-04   3.8677889E-05
   6.0000000E-01   2.3729949E+06   4.2924088E+04   2.4134733E+06   3.0628906E-05   1.1294795E-03   4.9727027E-05
   6.5000000E-01   1.6767194E+06   2.3755712E+04   1.6996475E+06   5.1744855E-05   6.0867248E-04   5.9099419E-05
   7.0000000E-01   1.1312642E+06   1.3669136E+04   1.1443286E+06   1.1051858E-05   1.5326555E-03   2.7938988E-05
   7.5000000E-01   7.3552502E+05   7.5715312E+03   7.4280795E+05   8.4759429E-05   2.4576224E-03   1.0841498E-04
   8.0000000E-01   4.5860099E+05   4.3210567E+03   4.6283451E+05   1.0283196E-04   2.0534040E-03   1.1936175E-04
   8.5000000E-01   2.7772350E+05   2.5876721E+03   2.8027373E+05   5.0680488E-05   4.2699118E-03   7.7638909E-05
   9.0000000E-01   1.6095163E+05   1.2307982E+03   1.6217181E+05   1.2903363E-04   7.6175208E-03   1.8586286E-04
   9.5000000E-01   7.9952742E+04   6.0646410E+02   8.0559206E+04   2.1876851E-04   1.1010364E-02   2.7047004E-04
   1.0000000E+00   3.3971917E+04   1.8234048E+02   3.4154258E+04   3.3484004E-04   2.6842096E-02   4.7492380E-04
