   0.0000000E+00   5.6323025E+07   2.9290112E+07   8.5612118E+07   4.0295859E-03   3.9664653E-04   2.7637868E-03
   5.0000000E-02   2.2979618E+07   1.1529184E+07   3.4503709E+07   3.9167038E-04   1.8797872E-04   2.9401449E-04
   1.0000000E-01   1.2430160E+07   6.2369002E+06   1.8664450E+07   4.7800653E-04   2.3011150E-04   2.4288366E-04
   1.5000000E-01   8.5579523E+06   4.2909021E+06   1.2847051E+07   2.6330018E-04   1.3382393E-04   1.4090033E-04
   2.0000000E-01   6.5352680E+06   3.2621670E+06   9.7957321E+06   3.1331666E-04   6.1202882E-04   3.1977549E-04
   2.5000000E-01   5.2361340E+06   2.6206198E+06   7.8554551E+06   4.1080368E-04   1.1362987E-04   3.0697281E-04
   3.0000000E-01   4.3567711E+06   2.1800407E+06   6.5359312E+06   4.2394793E-04   2.9339357E-04   3.6200267E-04
   3.5000000E-01   3.6925766E+06   1.8561923E+06   5.5479594E+06   2.9233700E-04   1.6688127E-04   1.4465394E-04
   4.0000000E-01   3.1869265E+06   1.5994196E+06   4.7854708E+06   4.9752004E-05   2.7498783E-04   9.0238973E-05
   4.5000000E-01   2.7782865E+06   1.3897268E+06   4.1673201E+06   2.7755502E-04   8.7012065E-05   2.0759945E-04
   5.0000000E-01   2.4368786E+06   1.2155491E+06   3.6518929E+06   3.2100171E-04   1.6712493E-04   1.9005262E-04
   5.5000000E-01   2.1359461E+06   1.0722066E+06   3.2076261E+06   3.3740467E-04   5.5648700E-04   3.4416329E-04
   6.0000000E-01   1.8987079E+06   9.4807539E+05   2.8464702E+06   3.6705656E-04   3.7947496E-04   1.7067944E-04
   6.5000000E-01   1.6613768E+06   8.3436856E+05   2.4953732E+06   2.8843220E-04   6.3041059E-04   2.5934688E-05
   7.0000000E-01   1.4560813E+06   7.2846582E+05   2.1842561E+06   2.2770117E-05   6.3293819E-04   2.0289512E-04
   7.5000000E-01   1.2634611E+06   6.3367434E+05   1.8969232E+06   8.0809403E-04   5.9006570E-04   7.3517044E-04
   8.0000000E-01   1.0781156E+06   5.4036286E+05   1.6183193E+06   5.0907562E-04   1.3549108E-03   7.3441970E-04
   8.5000000E-01   8.9384037E+05   4.4725909E+05   1.3409572E+06   1.0336496E-03   5.6798402E-04   5.8175181E-04
   9.0000000E-01   7.0177781E+05   3.5260601E+05   1.0543060E+06   4.9879313E-04   1.2562988E-03   7.3431985E-04
   9.5000000E-01   4.8540917E+05   2.4160726E+05   7.2696617E+05   1.5972585E-03   1.5998095E-03   1.5805641E-03
   1.0000000E+00   2.5743960E+05   1.2927311E+05   3.8670643E+05   3.8194311E-03   4.1868514E-03   3.9204045E-03
