   0.0000000E+00   2.4562680E+09   1.4233000E+09   3.7378101E+09   1.4490978E-03   7.7551719E-05   9.5392921E-04
   5.0000000E-02   8.4864599E+06   2.3525010E+06   1.0831831E+07   1.7198897E-01   1.9117473E-02   1.3881539E-01
   1.0000000E-01   4.1449995E+06   1.1632635E+06   5.3044751E+06   1.7588900E-01   2.1064652E-02   1.4198918E-01
   1.5000000E-01   2.6875965E+06   7.5972082E+05   3.4453650E+06   1.7924075E-01   2.0691010E-02   1.4433005E-01
   2.0000000E-01   1.9399873E+06   5.4849568E+05   2.4870665E+06   1.8525475E-01   2.3062818E-02   1.4951015E-01
   2.5000000E-01   1.5007420E+06   4.2437074E+05   1.9236612E+06   1.9070972E-01   2.3473677E-02   1.5389270E-01
   3.0000000E-01   1.2026490E+06   3.4603468E+05   1.5476439E+06   1.9767354E-01   2.4963150E-02   1.5909432E-01
   3.5000000E-01   9.8046721E+05   2.8609693E+05   1.2659366E+06   2.0495263E-01   2.5072296E-02   1.6431688E-01
   4.0000000E-01   8.1788134E+05   2.3609044E+05   1.0533749E+06   2.1219079E-01   2.7151214E-02   1.7073711E-01
   4.5000000E-01   6.9122053E+05   2.0145479E+05   8.9215188E+05   2.1992147E-01   2.9630877E-02   1.7698901E-01
   5.0000000E-01   5.8710349E+05   1.7264492E+05   7.5941099E+05   2.2950557E-01   3.0381907E-02   1.8426591E-01
   5.5000000E-01   5.0383246E+05   1.5069369E+05   6.5423099E+05   2.3826907E-01   3.1291361E-02   1.9061726E-01
   6.0000000E-01   4.2779788E+05   1.2896856E+05   5.5652770E+05   2.4911222E-01   3.2900193E-02   1.9903855E-01
   6.5000000E-01   3.6897013E+05   1.1131542E+05   4.8008966E+05   2.6038163E-01   3.4307658E-02   2.0798257E-01
   7.0000000E-01   3.1179818E+05   9.5529344E+04   4.0716836E+05   2.7209792E-01   3.7777942E-02   2.1715787E-01
   7.5000000E-01   2.6486353E+05   8.2081509E+04   3.4682621E+05   2.8537460E-01   3.8640938E-02   2.2700656E-01
   8.0000000E-01   2.1935928E+05   6.8209830E+04   2.8749351E+05   2.9936838E-01   4.0686325E-02   2.3802795E-01
   8.5000000E-01   1.7572578E+05   5.6464429E+04   2.3215276E+05   3.1446882E-01   4.4209175E-02   2.4875037E-01
   9.0000000E-01   1.3691216E+05   4.2982445E+04   1.7984862E+05   3.3101554E-01   4.4549060E-02   2.6257784E-01
   9.5000000E-01   9.1204159E+04   2.8627786E+04   1.1980849E+05   3.4824445E-01   4.6580493E-02   2.7620519E-01
   1.0000000E+00   4.0567613E+04   1.3191390E+04   5.3759003E+04   3.6168300E-01   5.5902167E-02   2.8664295E-01
