   0.0000000E+00   4.7720000E+07   2.2949379E+07   7.0664795E+07   1.9741392E-02   3.8459036E-03   1.4575459E-02
   5.0000000E-02   1.9993808E+07   1.0076991E+07   3.0062905E+07   3.9793060E-03   2.6884933E-03   3.5288212E-03
   1.0000000E-01   1.1287332E+07   5.6521650E+06   1.6935136E+07   1.1906801E-03   1.4912850E-03   1.2623914E-03
   1.5000000E-01   7.9752330E+06   3.9833299E+06   1.1954977E+07   7.5704784E-04   1.1125619E-03   8.7344936E-04
   2.0000000E-01   6.1671108E+06   3.0816376E+06   9.2458836E+06   5.8001375E-04   9.5956839E-04   5.6303684E-04
   2.5000000E-01   5.0416466E+06   2.5209634E+06   7.5602036E+06   4.6503328E-04   7.6813395E-04   4.8301101E-04
   3.0000000E-01   4.2418824E+06   2.1290263E+06   6.3686912E+06   8.0095713E-04   9.8548934E-04   7.8436142E-04
   3.5000000E-01   3.6541702E+06   1.8265804E+06   5.4792318E+06   3.1401404E-04   5.3321726E-04   3.6748315E-04
   4.0000000E-01   3.1835684E+06   1.6022287E+06   4.7841339E+06   5.0900069E-04   3.6278288E-04   3.3193333E-04
   4.5000000E-01   2.8095375E+06   1.4032514E+06   4.2112469E+06   3.8690166E-04   4.3256973E-04   4.0401196E-04
   5.0000000E-01   2.4792202E+06   1.2477939E+06   3.7260782E+06   5.9244907E-04   1.3323614E-03   8.3767409E-04
   5.5000000E-01   2.2114145E+06   1.1028685E+06   3.3133050E+06   6.9252212E-04   1.1483636E-03   5.8523212E-04
   6.0000000E-01   1.9621099E+06   9.8467572E+05   2.9459580E+06   6.6660280E-04   5.9668415E-04   5.8345083E-04
   6.5000000E-01   1.7326635E+06   8.6873624E+05   2.6006799E+06   4.8187064E-04   2.8875008E-04   3.9488569E-04
   7.0000000E-01   1.5343537E+06   7.6892755E+05   2.3026264E+06   9.8124487E-04   5.5189650E-04   7.5780062E-04
   7.5000000E-01   1.3463659E+06   6.7438406E+05   2.0202747E+06   1.1857520E-03   1.5575804E-03   1.3135428E-03
   8.0000000E-01   1.1603987E+06   5.8303230E+05   1.7430092E+06   1.8402941E-03   1.3339513E-03   1.6681720E-03
   8.5000000E-01   9.7442146E+05   4.8597681E+05   1.4600650E+06   1.4261646E-03   1.4539993E-03   1.4299871E-03
   9.0000000E-01   7.7992288E+05   3.8824257E+05   1.1680028E+06   2.0754808E-03   3.0593886E-03   2.3674779E-03
   9.5000000E-01   5.5762866E+05   2.7840053E+05   8.3593537E+05   3.9262256E-03   3.9273910E-03   3.9171428E-03
   1.0000000E+00   3.2020245E+05   1.6013895E+05   4.8030997E+05   7.0781611E-03   8.5063682E-03   7.5496861E-03
