   0.0000000E+00   1.8475011E+08   9.4425482E+07   2.7910735E+08   2.2397808E-04   1.6225446E-04   1.9782664E-04
   5.0000000E-02   6.1741295E+07   3.0920240E+07   9.2589789E+07   2.2591227E-05   5.8981372E-05   2.5345770E-05
   1.0000000E-01   2.7825409E+07   1.3964127E+07   4.1763117E+07   1.7900986E-05   2.1814089E-05   1.8451662E-05
   1.5000000E-01   1.6204010E+07   8.0790657E+06   2.4266757E+07   4.7327661E-05   4.9191771E-05   2.9146411E-05
   2.0000000E-01   1.0394378E+07   5.2145366E+06   1.5599842E+07   2.4230989E-05   1.1252756E-04   4.3249630E-05
   2.5000000E-01   7.0628507E+06   3.5406755E+06   1.0598433E+07   7.8655770E-05   1.4844959E-05   4.9255044E-05
   3.0000000E-01   4.9505039E+06   2.4719309E+06   7.4195276E+06   9.4456242E-05   5.0739933E-05   5.6873009E-05
   3.5000000E-01   3.5449172E+06   1.7759782E+06   5.3190855E+06   8.9051418E-06   8.5654345E-05   3.2997415E-05
   4.0000000E-01   2.5827028E+06   1.2989988E+06   3.8805874E+06   4.8101779E-05   1.9863549E-04   9.6093997E-05
   4.5000000E-01   1.9023755E+06   9.5506406E+05   2.8566190E+06   6.3562469E-05   3.0815303E-04   1.4224311E-04
   5.0000000E-01   1.4193311E+06   7.0918806E+05   2.1281371E+06   2.2579313E-04   3.1817569E-04   2.4251226E-04
   5.5000000E-01   1.0643530E+06   5.3065152E+05   1.5948078E+06   2.2045552E-04   6.6292710E-05   1.6235409E-04
   6.0000000E-01   8.0349904E+05   3.9753191E+05   1.2008506E+06   3.2455548E-04   2.7215941E-04   2.3824779E-04
   6.5000000E-01   5.9818753E+05   3.0258538E+05   9.0072393E+05   7.6526854E-05   4.7253063E-04   2.1147094E-04
   7.0000000E-01   4.5002652E+05   2.2417201E+05   6.7416215E+05   2.4301283E-04   6.9210829E-04   3.8731362E-04
   7.5000000E-01   3.3759098E+05   1.6986713E+05   5.0743264E+05   2.3633437E-04   2.7996761E-04   1.8467647E-04
   8.0000000E-01   2.4934407E+05   1.2390212E+05   3.7322232E+05   9.4869491E-04   2.1909763E-04   7.0559376E-04
   8.5000000E-01   1.7893884E+05   8.9842029E+04   2.6877338E+05   9.2999057E-04   1.2277567E-03   8.3590421E-04
   9.0000000E-01   1.2322129E+05   6.1635404E+04   1.8484962E+05   1.5583735E-03   8.7416575E-04   1.2398539E-03
   9.5000000E-01   7.3308442E+04   3.6397898E+04   1.0970299E+05   1.3436425E-03   2.4795658E-03   1.3421193E-03
   1.0000000E+00   3.4757868E+04   1.7121142E+04   5.1879010E+04   4.9639045E-03   7.5602614E-03   5.6626417E-03
