   0.0000000E+00   2.2752791E+07   1.6370245E+08   1.8631467E+08   3.3054524E-02   1.0209345E-05   4.0400923E-03
   5.0000000E-02   1.1063115E+07   1.9148568E+07   3.0174122E+07   2.3209552E-02   2.5100900E-05   8.5150324E-03
   1.0000000E-01   8.7612568E+06   9.4226093E+06   1.8159770E+07   1.2337466E-02   9.1916891E-05   5.9819697E-03
   1.5000000E-01   7.4179785E+06   5.9645119E+06   1.3359975E+07   8.2173809E-03   1.7641816E-04   4.6309481E-03
   2.0000000E-01   6.4042676E+06   4.1581935E+06   1.0544047E+07   6.5038991E-03   2.2463562E-04   4.0319615E-03
   2.5000000E-01   5.5928193E+06   3.0683927E+06   8.6457549E+06   5.6164733E-03   1.5544035E-04   3.6802990E-03
   3.0000000E-01   4.8686452E+06   2.3386546E+06   7.1949175E+06   5.0499535E-03   3.7190814E-04   3.5277863E-03
   3.5000000E-01   4.2599321E+06   1.8194320E+06   6.0682779E+06   4.8218955E-03   3.8532849E-04   3.4838949E-03
   4.0000000E-01   3.7188224E+06   1.4404477E+06   5.1508269E+06   5.1526386E-03   5.8669307E-04   3.8722725E-03
   4.5000000E-01   3.2377774E+06   1.1552951E+06   4.3856878E+06   5.0673823E-03   6.5673333E-04   3.9084770E-03
   5.0000000E-01   2.8195953E+06   9.3388301E+05   3.7486782E+06   5.0627017E-03   1.0053428E-03   4.0488642E-03
   5.5000000E-01   2.4328135E+06   7.5493266E+05   3.1834693E+06   5.8103669E-03   1.4267797E-03   4.7705782E-03
   6.0000000E-01   2.0937788E+06   6.1360597E+05   2.7042547E+06   6.2742196E-03   1.7826222E-03   5.2506906E-03
   6.5000000E-01   1.7883825E+06   5.0197959E+05   2.2878792E+06   6.9637929E-03   1.8695877E-03   5.8493503E-03
   7.0000000E-01   1.5221897E+06   4.0941927E+05   1.9295172E+06   7.8060089E-03   2.4916169E-03   6.6795959E-03
   7.5000000E-01   1.2761383E+06   3.2987939E+05   1.6044643E+06   8.9747412E-03   2.8947394E-03   7.7205754E-03
   8.0000000E-01   1.0579984E+06   2.6402611E+05   1.3208985E+06   1.0317373E-02   3.7168634E-03   8.9912163E-03
   8.5000000E-01   8.5421641E+05   2.0515259E+05   1.0585901E+06   1.2552272E-02   4.9758029E-03   1.1081037E-02
   9.0000000E-01   6.6228970E+05   1.5666505E+05   8.1854448E+05   1.4622263E-02   5.7314253E-03   1.2927091E-02
   9.5000000E-01   4.7214738E+05   1.0875141E+05   5.8065419E+05   2.0477689E-02   9.3825484E-03   1.8393751E-02
   1.0000000E+00   2.5806836E+05   5.7669892E+04   3.1568796E+05   3.0516199E-02   1.4537249E-02   2.7594740E-02
