   0.0000000E+00   3.2701884E+07   4.7290663E+07   7.9968611E+07   4.6770753E-03   1.2431887E-04   1.9636606E-03
   5.0000000E-02   2.1160605E+07   1.6597314E+07   3.7715774E+07   2.0172021E-03   1.5976605E-04   1.1919443E-03
   1.0000000E-01   1.4478643E+07   8.6001602E+06   2.3049042E+07   1.0088576E-03   1.3501434E-04   6.8199787E-04
   1.5000000E-01   1.0706395E+07   5.6507008E+06   1.6334963E+07   6.2810040E-04   1.5168599E-04   4.6148389E-04
   2.0000000E-01   8.2140503E+06   4.0884358E+06   1.2285250E+07   4.6350315E-04   3.9463916E-04   4.4287801E-04
   2.5000000E-01   6.4809803E+06   3.1066663E+06   9.5743285E+06   3.8471353E-04   2.2207790E-04   3.1945636E-04
   3.0000000E-01   5.2080696E+06   2.4375428E+06   7.6355539E+06   5.0889691E-04   2.6860502E-04   4.2390970E-04
   3.5000000E-01   4.2383689E+06   1.9658637E+06   6.1965386E+06   4.7148223E-04   6.4421020E-04   5.1246195E-04
   4.0000000E-01   3.4831059E+06   1.5975973E+06   5.0750055E+06   6.9823718E-04   7.7444540E-04   7.1680598E-04
   4.5000000E-01   2.8789290E+06   1.3166924E+06   4.1911438E+06   7.4016832E-04   8.1613595E-04   7.6354865E-04
   5.0000000E-01   2.3985223E+06   1.0876585E+06   3.4831569E+06   1.2092791E-03   1.1896348E-03   1.1965846E-03
   5.5000000E-01   2.0061104E+06   9.0926087E+05   2.9125065E+06   1.1514435E-03   1.4896853E-03   1.2551872E-03
   6.0000000E-01   1.6782305E+06   7.5520612E+05   2.4311872E+06   2.0958139E-03   1.8587002E-03   2.0126672E-03
   6.5000000E-01   1.4040747E+06   6.3155130E+05   2.0339708E+06   2.2466070E-03   1.9592452E-03   2.1513183E-03
   7.0000000E-01   1.1766143E+06   5.2823071E+05   1.7035763E+06   2.8386700E-03   2.7790267E-03   2.8244111E-03
   7.5000000E-01   9.7680391E+05   4.3959869E+05   1.4155495E+06   4.2800441E-03   3.5078931E-03   4.0432848E-03
   8.0000000E-01   7.9982123E+05   3.6072866E+05   1.1599849E+06   5.4932465E-03   4.5869076E-03   5.2009033E-03
   8.5000000E-01   6.4389971E+05   2.9035853E+05   9.3376392E+05   6.6373999E-03   6.3244987E-03   6.5376511E-03
   9.0000000E-01   5.0572014E+05   2.2518302E+05   7.3081828E+05   9.0413052E-03   8.0036336E-03   8.7159098E-03
   9.5000000E-01   3.6335911E+05   1.6232129E+05   5.2550282E+05   1.4172534E-02   1.3289364E-02   1.3888269E-02
   1.0000000E+00   2.1736242E+05   9.7577306E+04   3.1492087E+05   2.4690189E-02   2.3550108E-02   2.4323885E-02
