   0.0000000E+00   2.3887649E+09   1.5215488E+09   3.7836656E+09   2.2164244E-03   9.7224140E-05   1.3975179E-03
   5.0000000E-02   1.2067701E+07   3.3619890E+06   1.5418549E+07   1.7357247E-01   1.2767150E-02   1.3852284E-01
   1.0000000E-01   5.5995165E+06   1.4520342E+06   7.0471581E+06   1.7591688E-01   1.0044277E-02   1.4178423E-01
   1.5000000E-01   3.4286855E+06   8.1803519E+05   4.2434103E+06   1.7463998E-01   8.2234997E-03   1.4261096E-01
   2.0000000E-01   2.3550953E+06   5.1348159E+05   2.8668580E+06   1.6733505E-01   6.3440206E-03   1.3853303E-01
   2.5000000E-01   1.7276333E+06   3.3808330E+05   2.0645070E+06   1.5776256E-01   5.4090657E-03   1.3281423E-01
   3.0000000E-01   1.3230126E+06   2.3001072E+05   1.5523337E+06   1.4586912E-01   5.3700622E-03   1.2509423E-01
   3.5000000E-01   1.0400093E+06   1.6057370E+05   1.2001101E+06   1.3044592E-01   4.8000464E-03   1.1365542E-01
   4.0000000E-01   8.3773592E+05   1.0857550E+05   9.4596924E+05   1.1514761E-01   5.1251157E-03   1.0252845E-01
   4.5000000E-01   6.9262817E+05   7.6175093E+04   7.6852032E+05   9.9717366E-02   5.2090581E-03   9.0371335E-02
   5.0000000E-01   5.7387453E+05   5.1814483E+04   6.2554259E+05   8.4685757E-02   5.5148040E-03   7.8140103E-02
   5.5000000E-01   4.7955989E+05   3.5697007E+04   5.1509485E+05   7.2210241E-02   5.7302012E-03   6.7614337E-02
   6.0000000E-01   4.0488487E+05   2.4695542E+04   4.2946900E+05   5.9618743E-02   6.9139828E-03   5.6589694E-02
   6.5000000E-01   3.3758967E+05   1.6669644E+04   3.5418096E+05   4.9286642E-02   6.6301273E-03   4.7274538E-02
   7.0000000E-01   2.8129045E+05   1.1663784E+04   2.9285874E+05   4.1775492E-02   8.7757881E-03   4.0449641E-02
   7.5000000E-01   2.2983247E+05   7.6733903E+03   2.3743795E+05   3.5965785E-02   7.1353452E-03   3.5028858E-02
   8.0000000E-01   1.8261836E+05   5.0372539E+03   1.8762776E+05   3.0955327E-02   7.5904282E-03   3.0331366E-02
   8.5000000E-01   1.4088396E+05   3.1344162E+03   1.4399965E+05   2.6853121E-02   1.2473272E-02   2.6537841E-02
   9.0000000E-01   1.0365231E+05   2.0690143E+03   1.0571425E+05   2.4690950E-02   1.2374548E-02   2.4451187E-02
   9.5000000E-01   6.4439323E+04   1.1157599E+03   6.5551733E+04   2.1560213E-02   1.6416101E-02   2.1472428E-02
   1.0000000E+00   2.7942106E+04   4.0240657E+02   2.8344513E+04   2.1848691E-02   3.9426452E-02   2.2094712E-02
