   0.0000000E+00   1.5423209E+08   3.3249632E+08   4.8534465E+08   3.3505173E-02   1.6225652E-04   1.0712095E-02
   5.0000000E-02   1.7059373E+07   9.5745067E+06   2.6603958E+07   1.1606370E-01   2.1737388E-03   7.5125005E-02
   1.0000000E-01   9.8963499E+06   5.0919078E+06   1.4970751E+07   9.3711660E-02   3.1659792E-03   6.2943055E-02
   1.5000000E-01   7.2308971E+06   3.5213137E+06   1.0737590E+07   8.1328331E-02   3.2855325E-03   5.5771209E-02
   2.0000000E-01   5.8041261E+06   2.6800897E+06   8.4726611E+06   7.3831443E-02   3.7990320E-03   5.1724847E-02
   2.5000000E-01   4.8440144E+06   2.1487573E+06   6.9823056E+06   6.8634239E-02   4.4479129E-03   4.8909391E-02
   3.0000000E-01   4.1331902E+06   1.7892835E+06   5.9128502E+06   6.4566517E-02   5.2109659E-03   4.6633075E-02
   3.5000000E-01   3.5876889E+06   1.5198569E+06   5.0996063E+06   6.3205958E-02   5.8047656E-03   4.6137009E-02
   4.0000000E-01   3.1563051E+06   1.3084128E+06   4.4579140E+06   6.1929610E-02   6.5579517E-03   4.5714686E-02
   4.5000000E-01   2.7855793E+06   1.1372010E+06   3.9169729E+06   6.1307284E-02   6.8331611E-03   4.5534349E-02
   5.0000000E-01   2.4678056E+06   9.8999468E+05   3.4535286E+06   6.2872855E-02   8.2875478E-03   4.7252250E-02
   5.5000000E-01   2.1962688E+06   8.7132412E+05   3.0631944E+06   6.3337363E-02   8.7048331E-03   4.7803697E-02
   6.0000000E-01   1.9473509E+06   7.6175800E+05   2.7055598E+06   6.5999554E-02   1.0053577E-02   5.0276068E-02
   6.5000000E-01   1.7199703E+06   6.7031655E+05   2.3872458E+06   6.8406290E-02   1.2309998E-02   5.2674457E-02
   7.0000000E-01   1.5163737E+06   5.8817755E+05   2.1018184E+06   7.1714666E-02   1.3063656E-02   5.5330717E-02
   7.5000000E-01   1.3269236E+06   5.1153672E+05   1.8363382E+06   7.7013326E-02   1.5406653E-02   5.9871304E-02
   8.0000000E-01   1.1503560E+06   4.3647049E+05   1.5850838E+06   8.1968909E-02   1.6930976E-02   6.4093872E-02
   8.5000000E-01   9.6773695E+05   3.6285455E+05   1.3292396E+06   8.9080089E-02   1.8964640E-02   6.9967423E-02
   9.0000000E-01   7.8484961E+05   2.9207408E+05   1.0761704E+06   9.7801594E-02   2.3507763E-02   7.7655262E-02
   9.5000000E-01   5.7184204E+05   2.0939430E+05   7.8068683E+05   1.1210172E-01   2.7675582E-02   8.9473700E-02
   1.0000000E+00   2.9878059E+05   1.0578892E+05   4.0446891E+05   1.2982221E-01   3.3926817E-02   1.0476529E-01
