   0.0000000E+00   8.8624602E+07   4.6498708E+07   1.3510447E+08   6.7303727E-04   2.8784261E-04   5.1378384E-04
   5.0000000E-02   3.3391025E+07   1.6759588E+07   5.0131834E+07   1.9839046E-04   2.4538128E-04   2.0807827E-04
   1.0000000E-01   1.6976389E+07   8.5462385E+06   2.5514065E+07   9.5711156E-05   1.9895380E-05   6.3858071E-05
   1.5000000E-01   1.1045374E+07   5.5318226E+06   1.6570449E+07   8.5448825E-05   4.2959611E-05   4.2667833E-05
   2.0000000E-01   7.9534659E+06   3.9890913E+06   1.1938005E+07   1.1580479E-04   6.1349140E-05   8.4354425E-05
   2.5000000E-01   6.0520386E+06   3.0353903E+06   9.0842840E+06   2.1155870E-04   3.3757939E-04   1.2975975E-04
   3.0000000E-01   4.7781497E+06   2.4020619E+06   7.1779198E+06   7.2324697E-05   2.3831990E-04   8.8594593E-05
   3.5000000E-01   3.8652642E+06   1.9288761E+06   5.7923578E+06   1.3956695E-04   3.7755077E-04   2.2188788E-04
   4.0000000E-01   3.1641276E+06   1.5784669E+06   4.7412735E+06   1.9532125E-04   2.1423345E-04   1.0277518E-04
   4.5000000E-01   2.6290840E+06   1.3093854E+06   3.9374650E+06   7.6911129E-05   4.0692696E-04   1.4670597E-04
   5.0000000E-01   2.2024370E+06   1.0988821E+06   3.3005616E+06   5.1102675E-04   2.3478287E-04   4.0179004E-04
   5.5000000E-01   1.8448778E+06   9.2447030E+05   2.7685263E+06   3.4561310E-04   3.5584767E-04   3.0567879E-04
   6.0000000E-01   1.5562595E+06   7.7690424E+05   2.3326544E+06   4.9492956E-04   3.8287342E-04   3.9864336E-04
   6.5000000E-01   1.3162261E+06   6.5480261E+05   1.9706810E+06   4.3728960E-04   1.8687831E-04   2.8198072E-04
   7.0000000E-01   1.1044262E+06   5.5053514E+05   1.6546703E+06   3.0909270E-04   1.3732665E-04   2.5466996E-04
   7.5000000E-01   9.2031876E+05   4.6134986E+05   1.3813885E+06   5.5753394E-04   5.3772039E-04   5.4520977E-04
   8.0000000E-01   7.5653904E+05   3.7882060E+05   1.1351846E+06   8.9191902E-04   4.0753383E-04   7.2557078E-04
   8.5000000E-01   6.0488989E+05   3.0184016E+05   9.0660647E+05   1.2762426E-03   1.2842959E-03   1.2538548E-03
   9.0000000E-01   4.6172264E+05   2.3046343E+05   6.9213302E+05   1.8588897E-03   1.0006185E-03   1.4113130E-03
   9.5000000E-01   3.1182977E+05   1.5414910E+05   4.6592191E+05   2.1142003E-03   2.8812685E-03   2.2584348E-03
   1.0000000E+00   1.6111982E+05   8.2229268E+04   2.4334909E+05   5.0913286E-03   5.3349512E-03   5.1604978E-03
