   0.0000000E+00   1.5922115E+07   4.4331654E+07   6.0253260E+07   2.3192161E-03   3.9364304E-05   6.4147581E-04
   5.0000000E-02   9.8302369E+06   1.5238195E+07   2.5068049E+07   2.4274558E-04   1.3410065E-04   1.5806750E-04
   1.0000000E-01   7.7216567E+06   7.6082111E+06   1.5328372E+07   8.3797092E-05   1.8539680E-04   7.3701101E-05
   1.5000000E-01   6.5580113E+06   4.9920327E+06   1.1548898E+07   9.5388753E-05   2.2615933E-04   8.0667609E-05
   2.0000000E-01   5.7227343E+06   3.6391892E+06   9.3609845E+06   3.1736445E-04   1.0607898E-04   2.1759867E-04
   2.5000000E-01   5.0246871E+06   2.8292911E+06   7.8529850E+06   1.6841951E-04   1.8981158E-04   1.1720360E-04
   3.0000000E-01   4.4307675E+06   2.2665574E+06   6.6964548E+06   2.6263315E-04   1.3021139E-04   2.1323593E-04
   3.5000000E-01   3.9512261E+06   1.8569835E+06   5.8076639E+06   2.1061261E-04   1.6804876E-04   1.9513023E-04
   4.0000000E-01   3.5086980E+06   1.5539968E+06   5.0620662E+06   3.4247603E-04   2.0574597E-04   2.6742919E-04
   4.5000000E-01   3.1334354E+06   1.3205545E+06   4.4535373E+06   3.7049104E-04   5.1495386E-04   4.1102442E-04
   5.0000000E-01   2.7794947E+06   1.1304521E+06   3.9095266E+06   3.4594666E-04   1.4020000E-04   2.7217281E-04
   5.5000000E-01   2.4750677E+06   9.7773801E+05   3.4524585E+06   8.0492076E-05   2.5598339E-04   1.8047512E-05
   6.0000000E-01   2.1872239E+06   8.4040707E+05   3.0273392E+06   3.8598321E-04   4.0260056E-04   3.9086703E-04
   6.5000000E-01   1.9272782E+06   7.2446840E+05   2.6514724E+06   2.0905563E-04   4.4146382E-04   4.3801124E-05
   7.0000000E-01   1.6936860E+06   6.2721599E+05   2.3207155E+06   4.8999003E-04   1.3838965E-04   3.3955443E-04
   7.5000000E-01   1.4625872E+06   5.3349161E+05   1.9959388E+06   3.7174866E-04   1.0018298E-03   5.3260768E-04
   8.0000000E-01   1.2520560E+06   4.5104511E+05   1.7029818E+06   2.9470918E-04   5.1073314E-04   3.4832473E-04
   8.5000000E-01   1.0398847E+06   3.6831075E+05   1.4080981E+06   6.4795980E-04   1.1253197E-04   4.7349613E-04
   9.0000000E-01   8.2331559E+05   2.8969029E+05   1.1129493E+06   5.9208510E-04   7.6640135E-04   6.1850773E-04
   9.5000000E-01   5.7231112E+05   1.9988856E+05   7.7217958E+05   8.5913694E-04   7.9277870E-04   8.2972034E-04
   1.0000000E+00   2.9764254E+05   1.0352538E+05   4.0116163E+05   1.3102417E-03   8.8822502E-04   9.8878075E-04
