   0.0000000E+00   1.3490584E+08   7.6580266E+07   2.1139189E+08   4.0970577E-04   7.9785368E-05   2.8041215E-04
   5.0000000E-02   5.4377005E+07   2.7543673E+07   8.1804686E+07   1.1790868E-04   3.4877249E-05   8.7361680E-05
   1.0000000E-01   2.6132191E+07   1.3039055E+07   3.9125951E+07   6.7582150E-05   1.6644280E-05   4.0276564E-05
   1.5000000E-01   1.5717909E+07   7.7859871E+06   2.3473847E+07   4.2435436E-05   8.8517011E-05   4.8776140E-05
   2.0000000E-01   1.0331400E+07   5.1331130E+06   1.5448438E+07   1.5060433E-05   7.4980327E-05   3.3761547E-05
   2.5000000E-01   7.1697519E+06   3.5714497E+06   1.0731423E+07   1.6325996E-05   6.5696774E-05   1.1880413E-05
   3.0000000E-01   5.1400893E+06   2.5555191E+06   7.6895605E+06   1.0449052E-05   7.6578689E-05   2.6855090E-05
   3.5000000E-01   3.7604311E+06   1.8673240E+06   5.6240355E+06   6.3257416E-05   7.5220328E-05   6.8059260E-05
   4.0000000E-01   2.7951826E+06   1.3867648E+06   4.1792576E+06   5.6750080E-05   1.3191240E-04   8.0493052E-05
   4.5000000E-01   2.0978390E+06   1.0439220E+06   3.1401200E+06   1.7889971E-04   3.9120642E-05   1.2539277E-04
   5.0000000E-01   1.5825285E+06   7.9264255E+05   2.3742734E+06   1.3459864E-04   2.5352556E-04   1.1845630E-04
   5.5000000E-01   1.2106309E+06   6.0374125E+05   1.8137239E+06   7.7435183E-05   2.2944694E-04   1.1844929E-04
   6.0000000E-01   9.3073280E+05   4.6036098E+05   1.3906906E+06   2.2614283E-04   5.4820279E-04   3.3334898E-04
   6.5000000E-01   7.0994858E+05   3.5351496E+05   1.0632236E+06   5.5981032E-04   4.1252465E-04   3.0515951E-04
   7.0000000E-01   5.4380970E+05   2.6956300E+05   8.1325902E+05   4.0371360E-04   7.1036662E-04   4.3986410E-04
   7.5000000E-01   4.1477476E+05   2.0711363E+05   6.2175258E+05   4.4622738E-04   9.0004685E-04   5.7963760E-04
   8.0000000E-01   3.1371031E+05   1.5479012E+05   4.6842483E+05   6.5334731E-04   1.1182626E-03   7.6428446E-04
   8.5000000E-01   2.2864386E+05   1.1515703E+05   3.4376344E+05   1.2089961E-03   1.2381857E-03   1.1774486E-03
   9.0000000E-01   1.6014878E+05   7.9970054E+04   2.4011529E+05   1.3808567E-03   2.0638567E-03   1.5835340E-03
   9.5000000E-01   1.0147049E+05   5.1080360E+04   1.5253410E+05   4.5645016E-03   4.6409561E-03   4.5503721E-03
   1.0000000E+00   5.3652114E+04   2.6351343E+04   8.0003457E+04   6.7020537E-03   7.0945769E-03   6.8274185E-03
