   0.0000000E+00   1.3368460E+09   1.0675029E+09   2.3580396E+09   4.7343108E-03   6.1891275E-04   2.9087405E-03
   5.0000000E-02   1.7588085E+07   6.1881352E+06   2.3747254E+07   1.4346257E-01   4.0173837E-02   1.1656107E-01
   1.0000000E-01   8.9365501E+06   3.0396048E+06   1.1961672E+07   1.3785101E-01   3.8306126E-02   1.1259122E-01
   1.5000000E-01   5.9653395E+06   1.9634203E+06   7.9181918E+06   1.3423241E-01   3.7795769E-02   1.1038153E-01
   2.0000000E-01   4.4143056E+06   1.4209831E+06   5.8277288E+06   1.3173329E-01   3.7165199E-02   1.0871521E-01
   2.5000000E-01   3.4561069E+06   1.0911154E+06   4.5422057E+06   1.3119169E-01   3.6541067E-02   1.0850208E-01
   3.0000000E-01   2.8136047E+06   8.7362270E+05   3.6827074E+06   1.3091521E-01   3.5950975E-02   1.0844825E-01
   3.5000000E-01   2.3318564E+06   7.1213197E+05   3.0408598E+06   1.3024130E-01   3.5211931E-02   1.0804361E-01
   4.0000000E-01   1.9671949E+06   5.9083090E+05   2.5553838E+06   1.3145804E-01   3.7296548E-02   1.0972867E-01
   4.5000000E-01   1.6713816E+06   4.9715053E+05   2.1663181E+06   1.3267551E-01   3.7272097E-02   1.1082412E-01
   5.0000000E-01   1.4327319E+06   4.2141046E+05   1.8523280E+06   1.3556459E-01   3.7688425E-02   1.1336370E-01
   5.5000000E-01   1.2353665E+06   3.5371173E+05   1.5875272E+06   1.3742812E-01   3.8300628E-02   1.1536874E-01
   6.0000000E-01   1.0612664E+06   3.0468622E+05   1.3648438E+06   1.4023472E-01   3.9914420E-02   1.1786034E-01
   6.5000000E-01   9.1546413E+05   2.5843825E+05   1.1729768E+06   1.4385378E-01   4.1064200E-02   1.2123423E-01
   7.0000000E-01   7.8090510E+05   2.1949286E+05   9.9958399E+05   1.4851129E-01   4.3121484E-02   1.2541315E-01
   7.5000000E-01   6.6553504E+05   1.8516723E+05   8.5006989E+05   1.5316085E-01   4.5429389E-02   1.2970387E-01
   8.0000000E-01   5.5599984E+05   1.5443600E+05   7.1000612E+05   1.5798866E-01   4.7217709E-02   1.3392398E-01
   8.5000000E-01   4.5313846E+05   1.2289757E+05   5.7573645E+05   1.6594165E-01   4.9916040E-02   1.4120573E-01
   9.0000000E-01   3.4890300E+05   9.5492966E+04   4.4422267E+05   1.7402108E-01   5.3066919E-02   1.4802227E-01
   9.5000000E-01   2.3843421E+05   6.3440836E+04   3.0180803E+05   1.8468569E-01   5.8340898E-02   1.5812616E-01
   1.0000000E+00   1.0952375E+05   2.9840962E+04   1.3935214E+05   1.9860332E-01   6.5587253E-02   1.7015447E-01
