   0.0000000E+00   3.3337995E+07   2.0481841E+07   5.3813215E+07   3.0123123E-02   3.6643076E-03   2.0041239E-02
   5.0000000E-02   1.7308036E+07   9.2180633E+06   2.6515977E+07   1.1823349E-02   3.2721269E-03   8.8510343E-03
   1.0000000E-01   1.0635561E+07   5.4061114E+06   1.6034097E+07   4.1899834E-03   2.9622594E-03   3.7705932E-03
   1.5000000E-01   7.7704961E+06   3.9142779E+06   1.1678111E+07   2.5795230E-03   2.4264209E-03   2.5295954E-03
   2.0000000E-01   6.1163404E+06   3.0583214E+06   9.1689640E+06   1.5778322E-03   1.1501552E-03   1.4348156E-03
   2.5000000E-01   5.0351531E+06   2.5110321E+06   7.5408249E+06   1.2516659E-03   1.3928414E-03   1.3072916E-03
   3.0000000E-01   4.2670607E+06   2.1242410E+06   6.3870470E+06   1.2448195E-03   7.7734472E-04   1.0877628E-03
   3.5000000E-01   3.6818995E+06   1.8350929E+06   5.5130636E+06   9.7396025E-04   9.3144691E-04   9.6059961E-04
   4.0000000E-01   3.2220282E+06   1.6047115E+06   4.8236123E+06   1.2212830E-03   1.0949277E-03   1.1753101E-03
   4.5000000E-01   2.8333753E+06   1.4115982E+06   4.2422007E+06   1.3505158E-03   1.1857961E-03   1.2872581E-03
   5.0000000E-01   2.5125664E+06   1.2535298E+06   3.7639253E+06   1.1720715E-03   8.1277388E-04   9.7256421E-04
   5.5000000E-01   2.2300849E+06   1.1091479E+06   3.3372882E+06   1.4745978E-03   1.5107819E-03   1.4605632E-03
   6.0000000E-01   1.9879460E+06   9.8768375E+05   2.9736510E+06   2.0523025E-03   1.2647246E-03   1.7877034E-03
   6.5000000E-01   1.7717667E+06   8.7711024E+05   2.6475009E+06   2.1117111E-03   2.2826399E-03   2.1739900E-03
   7.0000000E-01   1.5638928E+06   7.7542107E+05   2.3382771E+06   2.6227213E-03   2.4222380E-03   2.5573242E-03
   7.5000000E-01   1.3685500E+06   6.7809343E+05   2.0456800E+06   3.2743532E-03   2.8768765E-03   3.1313530E-03
   8.0000000E-01   1.1915015E+06   5.9145558E+05   1.7820977E+06   3.2770290E-03   3.5117635E-03   3.3401815E-03
   8.5000000E-01   1.0094580E+06   5.0204210E+05   1.5107961E+06   4.7138938E-03   5.4848769E-03   4.9764893E-03
   9.0000000E-01   8.2126780E+05   4.0993362E+05   1.2308124E+06   6.6461617E-03   6.1915034E-03   6.4955140E-03
   9.5000000E-01   6.1297772E+05   3.0584219E+05   9.1855186E+05   9.9968769E-03   8.8908845E-03   9.6209975E-03
   1.0000000E+00   3.8097213E+05   1.9068413E+05   5.7162482E+05   1.7428053E-02   1.6435348E-02   1.7095531E-02
