   0.0000000E+00   1.9099612E+08   9.8626154E+07   2.8953773E+08   1.0289255E-04   2.9559923E-05   7.6300790E-05
   5.0000000E-02   6.3818522E+07   3.1922662E+07   9.5669437E+07   2.6603253E-05   1.5371362E-05   1.3221939E-05
   1.0000000E-01   2.8653524E+07   1.4323245E+07   4.2947229E+07   4.4737826E-05   3.3008138E-05   2.5821068E-05
   1.5000000E-01   1.6510225E+07   8.2567038E+06   2.4750504E+07   4.1184248E-05   1.5810539E-05   3.3001453E-05
   2.0000000E-01   1.0537235E+07   5.2648933E+06   1.5793916E+07   3.8730916E-05   3.0946872E-05   3.3827702E-05
   2.5000000E-01   7.0765763E+06   3.5382308E+06   1.0609918E+07   7.7143165E-05   5.7439456E-05   4.0063770E-05
   3.0000000E-01   4.9128478E+06   2.4604611E+06   7.3705821E+06   1.2591041E-04   1.8502283E-05   8.6652680E-05
   3.5000000E-01   3.4851022E+06   1.7522414E+06   5.2356974E+06   6.5102957E-05   1.7674498E-04   7.0971454E-05
   4.0000000E-01   2.5220170E+06   1.2676134E+06   3.7885402E+06   8.5405836E-06   1.1780042E-04   3.9321516E-05
   4.5000000E-01   1.8468198E+06   9.2749842E+05   2.7737170E+06   2.4452362E-04   1.7809634E-04   2.1801948E-04
   5.0000000E-01   1.3518557E+06   6.7626845E+05   2.0277549E+06   1.0521159E-04   7.4228661E-05   4.6724822E-05
   5.5000000E-01   1.0092912E+06   5.0452117E+05   1.5136272E+06   1.1736698E-04   1.4232874E-04   3.6889444E-05
   6.0000000E-01   7.5021927E+05   3.7578604E+05   1.1258462E+06   2.0472438E-04   6.1490995E-04   2.7537621E-04
   6.5000000E-01   5.5899134E+05   2.7872683E+05   8.3764961E+05   3.4752759E-04   6.6940425E-04   4.2514187E-04
   7.0000000E-01   4.1541259E+05   2.0819285E+05   6.2353269E+05   1.4860073E-04   7.1361139E-04   1.5121138E-04
   7.5000000E-01   3.1039458E+05   1.5377763E+05   4.6415099E+05   2.0791923E-04   1.1651076E-03   3.4292862E-04
   8.0000000E-01   2.2626262E+05   1.1345360E+05   3.3969633E+05   6.1600518E-04   5.7957985E-04   4.2329544E-04
   8.5000000E-01   1.6017728E+05   8.0581084E+04   2.4074713E+05   1.2962206E-03   1.4708051E-03   1.2689760E-03
   9.0000000E-01   1.1010693E+05   5.4653807E+04   1.6476073E+05   1.1224853E-03   9.7598600E-04   8.7004690E-04
   9.5000000E-01   6.4184676E+04   3.2166052E+04   9.6347377E+04   1.2109516E-03   1.8588679E-03   1.1370296E-03
   1.0000000E+00   2.9683772E+04   1.5693856E+04   4.5377629E+04   6.0651736E-04   1.2148601E-02   3.8516731E-03
