   0.0000000E+00   2.2570483E+09   1.4149598E+09   3.5539997E+09   3.1671008E-03   4.0950101E-06   1.9600298E-03
   5.0000000E-02   1.5757485E+07   4.6415948E+06   2.0377626E+07   1.8362234E-01   4.3954881E-04   1.4194240E-01
   1.0000000E-01   7.1702803E+06   2.1077844E+06   9.2690884E+06   1.9109093E-01   2.8736964E-04   1.4774962E-01
   1.5000000E-01   4.3277200E+06   1.2494087E+06   5.5715689E+06   1.9813491E-01   2.7244143E-04   1.5383548E-01
   2.0000000E-01   2.9079677E+06   8.2712824E+05   3.7318969E+06   2.0237793E-01   3.5962103E-04   1.5767926E-01
   2.5000000E-01   2.0794676E+06   5.7934946E+05   2.6569835E+06   2.0495811E-01   3.9074552E-04   1.6039229E-01
   3.0000000E-01   1.5529066E+06   4.1575515E+05   1.9672081E+06   2.0580028E-01   4.5221611E-04   1.6246616E-01
   3.5000000E-01   1.1790744E+06   3.0029355E+05   1.4785130E+06   2.0410430E-01   2.1279554E-04   1.6273491E-01
   4.0000000E-01   9.1763170E+05   2.2509284E+05   1.1421197E+06   2.0041941E-01   8.3574865E-04   1.6109591E-01
   4.5000000E-01   7.2646097E+05   1.6780590E+05   8.9392026E+05   1.9454669E-01   4.9307393E-04   1.5815710E-01
   5.0000000E-01   5.8520636E+05   1.2707567E+05   7.1206558E+05   1.8653574E-01   4.8822690E-04   1.5333994E-01
   5.5000000E-01   4.7557812E+05   9.4485949E+04   5.6989623E+05   1.7666183E-01   7.2222213E-04   1.4750487E-01
   6.0000000E-01   3.9252384E+05   7.0882306E+04   4.6327882E+05   1.6603999E-01   6.4411110E-04   1.4074859E-01
   6.5000000E-01   3.2788857E+05   5.1747393E+04   3.7954781E+05   1.5395284E-01   6.5000590E-04   1.3306478E-01
   7.0000000E-01   2.7354642E+05   3.8174450E+04   3.1168449E+05   1.4033593E-01   4.6818172E-04   1.2320488E-01
   7.5000000E-01   2.3059641E+05   2.7306744E+04   2.5785647E+05   1.2767134E-01   1.1050031E-03   1.1427872E-01
   8.0000000E-01   1.9186924E+05   2.0638417E+04   2.1247981E+05   1.1641572E-01   1.1755024E-03   1.0522564E-01
   8.5000000E-01   1.5677324E+05   1.3597449E+04   1.7033698E+05   1.0510315E-01   2.3335654E-03   9.6906258E-02
   9.0000000E-01   1.2279334E+05   9.2734280E+03   1.3205262E+05   9.4940583E-02   1.1994978E-03   8.8339277E-02
   9.5000000E-01   8.4251601E+04   5.1834252E+03   8.9421624E+04   8.4355250E-02   1.8922090E-03   7.9564814E-02
   1.0000000E+00   3.8869960E+04   1.9931701E+03   4.0863130E+04   8.2436147E-02   2.0988100E-03   7.8516399E-02
