   0.0000000E+00   4.1191846E+06   7.5102035E+08   7.5436489E+08   2.2033804E-05   7.2458624E-06   7.0781182E-06
   5.0000000E-02   4.1515885E+06   9.3189166E+07   9.7218778E+07   6.8126996E-05   5.7789941E-05   5.5384064E-05
   1.0000000E-01   4.2372139E+06   1.0117639E+07   1.4347627E+07   3.7567948E-05   3.6629926E-04   2.6525643E-04
   1.5000000E-01   4.3533121E+06   1.2523160E+06   5.6034636E+06   2.5563045E-05   1.9820078E-03   4.5914896E-04
   2.0000000E-01   4.5487756E+06   1.6829044E+05   4.7152358E+06   4.8624106E-05   1.0744497E-02   3.7472009E-04
   2.5000000E-01   4.8468792E+06   2.5159213E+04   4.8703068E+06   2.1818477E-05   4.2244102E-02   1.9785999E-04
   3.0000000E-01   5.3002946E+06   5.3051648E+03   5.3027668E+06   1.1903639E-05   1.4656247E-01   1.3479898E-04
   3.5000000E-01   6.0853029E+06   2.0098996E+03   6.0824745E+06   4.4381011E-05   3.2746901E-01   6.3617136E-05
   4.0000000E-01   7.3381172E+06   1.2016198E+03   7.3310348E+06   2.6712710E-05   4.0495989E-01   4.0383717E-05
   4.5000000E-01   8.7026489E+06   1.0468858E+03   8.6906238E+06   2.1173122E-05   4.5700248E-01   3.3844518E-05
   5.0000000E-01   8.0850393E+06   6.8118316E+02   8.0753181E+06   1.0698470E-05   4.8070997E-01   3.1901489E-05
   5.5000000E-01   4.1911458E+06   5.5559544E+02   4.1879974E+06   3.7331433E-05   4.8814060E-01   9.7296702E-05
   6.0000000E-01   1.1155064E+06   3.7666670E+02   1.1156231E+06   2.1238623E-04   5.5051324E-01   3.9755228E-04
   6.5000000E-01   2.1837527E+05   3.2810404E+02   2.1869848E+05   1.1705549E-03   5.3944457E-01   1.9756384E-03
   7.0000000E-01   3.8497307E+04   2.5464791E+02   3.8751955E+04   6.9335009E-03   6.0919241E-01   1.0888360E-02
   7.5000000E-01   7.3083950E+03   1.2307982E+02   7.4314748E+03   3.3404266E-02   6.2211093E-01   4.3148257E-02
   8.0000000E-01   1.4721832E+03   1.2334508E+02   1.5955283E+03   1.1550937E-01   6.8410659E-01   1.5933937E-01
   8.5000000E-01   5.4674404E+02   1.1608949E+02   6.6283353E+02   2.7590651E-01   6.9906596E-01   3.4967714E-01
   9.0000000E-01   2.7940534E+02   6.0125201E+01   3.3953055E+02   4.4874687E-01   7.3157953E-01   4.9880661E-01
   9.5000000E-01   1.2397332E+02   4.3558195E+01   1.6753152E+02   4.7291091E-01   7.6703138E-01   5.4853922E-01
   1.0000000E+00   6.9163630E+01   1.2575205E+01   8.1738835E+01   5.6227513E-01   8.5062195E-01   6.0597878E-01
