   0.0000000E+00   8.4374936E+08   1.0816313E+09   1.8951941E+09   1.5611218E-02   5.3519353E-07   6.8269357E-03
   5.0000000E-02   2.9872173E+07   1.7865715E+07   4.7609737E+07   1.6211405E-01   1.3584814E-05   1.0140644E-01
   1.0000000E-01   1.3355742E+07   7.2664736E+06   2.0578002E+07   1.5282993E-01   3.4738779E-05   9.8987071E-02
   1.5000000E-01   7.8620420E+06   3.8169387E+06   1.1656317E+07   1.4156508E-01   4.2389134E-05   9.5341154E-02
   2.0000000E-01   5.2375345E+06   2.1911338E+06   7.4167636E+06   1.2750376E-01   3.7761794E-05   8.9936972E-02
   2.5000000E-01   3.8014094E+06   1.3188979E+06   5.1132791E+06   1.1079863E-01   7.5601289E-05   8.2281802E-02
   3.0000000E-01   2.9209176E+06   7.9761030E+05   3.7139973E+06   9.3097248E-02   7.6657026E-05   7.3158592E-02
   3.5000000E-01   2.3541472E+06   4.9302564E+05   2.8442171E+06   7.4965264E-02   1.6375252E-04   6.2033786E-02
   4.0000000E-01   1.9883068E+06   3.0878446E+05   2.2947039E+06   5.9187574E-02   5.3744627E-05   5.1247735E-02
   4.5000000E-01   1.7336571E+06   1.9352534E+05   1.9255131E+06   4.5814783E-02   9.5585510E-05   4.1243356E-02
   5.0000000E-01   1.5509649E+06   1.2316683E+05   1.6726994E+06   3.4926899E-02   1.9178538E-04   3.2388645E-02
   5.5000000E-01   1.4054944E+06   8.0277753E+04   1.4847246E+06   2.6313834E-02   1.9205729E-04   2.4913065E-02
   6.0000000E-01   1.2836748E+06   5.0754511E+04   1.3334532E+06   1.9906102E-02   3.4858920E-04   1.9166461E-02
   6.5000000E-01   1.1698868E+06   3.2952419E+04   1.2019773E+06   1.5362735E-02   3.9656787E-04   1.4961307E-02
   7.0000000E-01   1.0539604E+06   2.1908815E+04   1.0750553E+06   1.2048043E-02   4.1622335E-04   1.1814195E-02
   7.5000000E-01   9.3428620E+05   1.4060809E+04   9.4770615E+05   9.8311393E-03   1.3819657E-04   9.6869372E-03
   8.0000000E-01   8.0394334E+05   9.0121487E+03   8.1243028E+05   8.0595230E-03   1.0420009E-04   7.9749599E-03
   8.5000000E-01   6.6703147E+05   5.9542673E+03   6.7258879E+05   6.9701379E-03   8.3667571E-04   6.9152106E-03
   9.0000000E-01   5.0897043E+05   3.5898282E+03   5.1232684E+05   6.2608609E-03   3.0577601E-04   6.2161390E-03
   9.5000000E-01   3.3665124E+05   2.0371833E+03   3.3854434E+05   5.9915941E-03   1.3893992E-04   5.9605998E-03
   1.0000000E+00   1.5478192E+05   5.9732226E+02   1.5536037E+05   6.3709370E-03   4.7584066E-05   6.3470429E-03
