   0.0000000E+00   3.3384901E+08   1.5066549E+08   4.8425425E+08   6.3479566E-03   1.8401624E-05   4.3860085E-03
   5.0000000E-02   9.4332535E+07   4.4570960E+07   1.3871372E+08   1.7675122E-03   2.4196200E-05   1.2001453E-03
   1.0000000E-01   3.7111209E+07   1.8046388E+07   5.5100460E+07   3.7054220E-04   5.2197976E-05   2.6591609E-04
   1.5000000E-01   1.8922440E+07   9.4523818E+06   2.8351989E+07   4.1066067E-04   7.3605678E-05   3.1212627E-04
   2.0000000E-01   1.0680697E+07   5.4640279E+06   1.6135717E+07   9.0365772E-04   1.2387391E-04   6.3961303E-04
   2.5000000E-01   6.3512881E+06   3.2983398E+06   9.6454771E+06   4.4480605E-04   1.9707392E-04   3.5332959E-04
   3.0000000E-01   3.8820225E+06   2.0684731E+06   5.9485221E+06   1.2430258E-03   2.7721073E-04   9.1418783E-04
   3.5000000E-01   2.4191369E+06   1.3243146E+06   3.7424785E+06   1.0131738E-03   4.2338003E-04   7.9236387E-04
   4.0000000E-01   1.5348982E+06   8.5664352E+05   2.3911279E+06   7.8705648E-04   5.7347603E-04   6.9029433E-04
   4.5000000E-01   9.8156159E+05   5.5886020E+05   1.5401388E+06   5.1833327E-04   8.2472028E-04   2.9177442E-04
   5.0000000E-01   6.2881481E+05   3.6853282E+05   9.9729034E+05   5.9390467E-04   1.0538126E-03   5.9176926E-04
   5.5000000E-01   4.1245438E+05   2.4215859E+05   6.5455509E+05   1.8917263E-03   1.6118401E-03   1.6697605E-03
   6.0000000E-01   2.6589486E+05   1.6169081E+05   4.2756445E+05   8.1420311E-04   2.3489703E-03   3.9287110E-04
   6.5000000E-01   1.7373843E+05   1.0907745E+05   2.8281099E+05   1.9833412E-03   3.3852970E-03   1.8906834E-03
   7.0000000E-01   1.1477800E+05   7.1674292E+04   1.8645229E+05   1.1188566E-03   4.0684119E-03   1.5660549E-03
   7.5000000E-01   7.6806053E+04   4.9248906E+04   1.2605496E+05   3.3027796E-03   4.9279496E-03   1.9000443E-03
   8.0000000E-01   4.9556870E+04   3.2479545E+04   8.2028458E+04   3.8962008E-03   6.2571596E-03   1.4811322E-03
   8.5000000E-01   3.2216705E+04   2.1439107E+04   5.3655812E+04   1.0053309E-03   8.5077304E-03   2.9492951E-03
   9.0000000E-01   1.9413366E+04   1.3068389E+04   3.2481755E+04   4.6137461E-03   1.2215842E-02   2.5640281E-03
   9.5000000E-01   1.0397006E+04   6.9894150E+03   1.7386421E+04   4.6948589E-03   1.5023138E-02   5.5671331E-03
   1.0000000E+00   4.0114905E+03   2.8985848E+03   6.9100754E+03   3.2182441E-02   1.4334839E-02   1.2728953E-02
