   0.0000000E+00   3.5007976E+07   2.1152074E+07   5.6150373E+07   3.5024050E-02   1.0047827E-02   2.5620439E-02
   5.0000000E-02   1.7137932E+07   9.1689799E+06   2.6292206E+07   2.0170037E-02   7.9887463E-03   1.5920504E-02
   1.0000000E-01   1.0534307E+07   5.4251782E+06   1.5949235E+07   9.6574174E-03   6.0989867E-03   8.4388543E-03
   1.5000000E-01   7.7166592E+06   3.8861605E+06   1.1594162E+07   5.7213328E-03   4.4757179E-03   5.2907990E-03
   2.0000000E-01   6.1024939E+06   3.0551542E+06   9.1501997E+06   4.1050037E-03   3.6526013E-03   3.9516668E-03
   2.5000000E-01   5.0391638E+06   2.5197411E+06   7.5522968E+06   3.3398344E-03   2.8289035E-03   3.1716238E-03
   3.0000000E-01   4.2807268E+06   2.1261721E+06   6.4007768E+06   3.0980746E-03   2.7068615E-03   2.9524809E-03
   3.5000000E-01   3.6799442E+06   1.8294906E+06   5.5043873E+06   2.8255748E-03   2.0920880E-03   2.5770883E-03
   4.0000000E-01   3.2305111E+06   1.5987034E+06   4.8251641E+06   2.8730604E-03   2.5550598E-03   2.7625597E-03
   4.5000000E-01   2.8351649E+06   1.4095611E+06   4.2413802E+06   3.0558360E-03   2.7605120E-03   2.9506237E-03
   5.0000000E-01   2.5161696E+06   1.2476984E+06   3.7612196E+06   2.7169682E-03   2.4286986E-03   2.6143241E-03
   5.5000000E-01   2.2420880E+06   1.1113298E+06   3.3505762E+06   3.7833274E-03   3.8291380E-03   3.7986041E-03
   6.0000000E-01   1.9884288E+06   9.8463328E+05   2.9705952E+06   4.0408996E-03   3.3965901E-03   3.8251397E-03
   6.5000000E-01   1.7627071E+06   8.7303097E+05   2.6337646E+06   4.3073458E-03   4.9104276E-03   4.4977446E-03
   7.0000000E-01   1.5642475E+06   7.7437974E+05   2.3369721E+06   5.2860921E-03   4.8915262E-03   5.1418440E-03
   7.5000000E-01   1.3705108E+06   6.7852209E+05   2.0476493E+06   6.8581527E-03   6.0373355E-03   6.5869718E-03
   8.0000000E-01   1.1880718E+06   5.9053646E+05   1.7774106E+06   7.7409534E-03   7.0040418E-03   7.4924255E-03
   8.5000000E-01   1.0115326E+06   5.0085124E+05   1.5113803E+06   9.7449206E-03   8.9357058E-03   9.4816673E-03
   9.0000000E-01   8.2859954E+05   4.0993716E+05   1.2380062E+06   1.1883311E-02   1.1736716E-02   1.1841565E-02
   9.5000000E-01   6.2203783E+05   3.0984284E+05   9.3149535E+05   1.6751158E-02   1.6418811E-02   1.6647999E-02
   1.0000000E+00   3.8558095E+05   1.9196680E+05   5.7743457E+05   2.6887193E-02   2.7889768E-02   2.7212771E-02
