   0.0000000E+00   1.0829310E+08   8.4661772E+07   1.9290139E+08   1.0778679E-05   2.4566181E-05   9.4036299E-06
   5.0000000E-02   5.4950536E+07   2.8981733E+07   8.3860458E+07   8.6122821E-07   3.3119134E-05   1.1840104E-05
   1.0000000E-01   2.7646232E+07   1.3574484E+07   4.1188758E+07   3.9793811E-05   2.9466735E-05   3.4406296E-05
   1.5000000E-01   1.6538936E+07   8.0447943E+06   2.4564526E+07   3.6475310E-05   5.4797680E-05   4.3054065E-05
   2.0000000E-01   1.0799331E+07   5.2444896E+06   1.6032505E+07   3.6851190E-05   7.1293449E-05   1.2031851E-05
   2.5000000E-01   7.4048556E+06   3.5826032E+06   1.0980762E+07   4.3784384E-05   1.1559326E-04   3.5698043E-05
   3.0000000E-01   5.2261815E+06   2.5339165E+06   7.7567345E+06   5.8845381E-05   1.6881885E-04   9.4200164E-05
   3.5000000E-01   3.7829857E+06   1.8317097E+06   5.6124490E+06   4.7331293E-05   1.7548169E-05   3.4137324E-05
   4.0000000E-01   2.7649113E+06   1.3412783E+06   4.1047572E+06   1.3687040E-04   1.7630339E-04   1.4530989E-04
   4.5000000E-01   2.0472206E+06   9.9267414E+05   3.0388833E+06   7.2340590E-05   2.6199374E-04   8.5077195E-05
   5.0000000E-01   1.5254046E+06   7.4765899E+05   2.2726244E+06   1.1835726E-04   2.5112767E-04   1.2312110E-04
   5.5000000E-01   1.1568018E+06   5.5708281E+05   1.7135316E+06   2.8842340E-04   3.4880958E-04   2.9890201E-04
   6.0000000E-01   8.6858280E+05   4.1928309E+05   1.2875900E+06   2.9428743E-04   3.8806707E-04   2.9467129E-04
   6.5000000E-01   6.5825015E+05   3.1852046E+05   9.7661391E+05   4.3062676E-04   2.5408919E-04   3.6704206E-04
   7.0000000E-01   4.9923268E+05   2.4272038E+05   7.4185757E+05   3.6978336E-04   3.8865666E-04   1.6787461E-04
   7.5000000E-01   3.7286396E+05   1.8147483E+05   5.5430484E+05   2.7240900E-04   1.2150740E-03   5.0197531E-04
   8.0000000E-01   2.7844555E+05   1.3434667E+05   4.1276437E+05   7.4344836E-04   5.0498833E-04   6.2432273E-04
   8.5000000E-01   2.0130666E+05   9.8016976E+04   2.9929368E+05   8.6847912E-04   5.3012663E-04   7.5865833E-04
   9.0000000E-01   1.4059394E+05   6.8249176E+04   2.0883958E+05   1.2802434E-03   1.6779164E-03   1.2482207E-03
   9.5000000E-01   8.5863254E+04   4.1809166E+04   1.2766907E+05   1.9226523E-03   7.0062884E-04   1.5224474E-03
   1.0000000E+00   4.4830607E+04   2.2006609E+04   6.6837217E+04   6.3674443E-03   5.0201469E-03   5.3148156E-03
