   0.0000000E+00   3.2234738E+09   1.6593530E+09   4.6771793E+09   1.5354349E-04   1.8564141E-09   1.0285392E-04
   5.0000000E-02   7.6209753E+05   1.9264114E+05   9.5473867E+05   2.3702954E-01   5.2958327E-06   1.8920429E-01
   1.0000000E-01   2.1088030E+05   5.3221413E+04   2.6410171E+05   2.7379413E-01   9.3725729E-06   2.1861763E-01
   1.5000000E-01   7.2871743E+04   1.6233804E+04   8.9105547E+04   2.7842207E-01   8.4180196E-06   2.2769893E-01
   2.0000000E-01   2.8297749E+04   5.2521131E+03   3.3549862E+04   2.2762109E-01   7.3956564E-06   1.9198897E-01
   2.5000000E-01   1.4183889E+04   1.1841128E+03   1.5368001E+04   1.1454671E-01   1.9515534E-05   1.0572232E-01
   3.0000000E-01   1.0928639E+04   2.9708923E+02   1.1225729E+04   3.6991984E-02   5.7700351E-05   3.6014517E-02
   3.5000000E-01   1.0858914E+04   4.5472841E+01   1.0904387E+04   8.6471116E-03   1.2872980E-05   8.6111056E-03
   4.0000000E-01   1.1220423E+04   2.3873241E+01   1.1244297E+04   1.7654894E-03   3.1993257E-06   1.7617342E-03
   4.5000000E-01   1.2619219E+04   0.0000000E+00   1.2619219E+04   5.9263251E-04   0.0000000E+00   5.9263251E-04
   5.0000000E-01   1.3585466E+04   0.0000000E+00   1.3585466E+04   9.0122173E-06   0.0000000E+00   9.0122173E-06
   5.5000000E-01   1.5655059E+04   0.0000000E+00   1.5655059E+04   1.3687821E-06   0.0000000E+00   1.3687821E-06
   6.0000000E-01   1.6647607E+04   0.0000000E+00   1.6647607E+04   1.5911118E-05   0.0000000E+00   1.5911118E-05
   6.5000000E-01   1.7423793E+04   0.0000000E+00   1.7423793E+04   5.5352534E-06   0.0000000E+00   5.5352534E-06
   7.0000000E-01   1.6888613E+04   0.0000000E+00   1.6888613E+04   1.9395037E-06   0.0000000E+00   1.9395037E-06
   7.5000000E-01   1.4039588E+04   0.0000000E+00   1.4039588E+04   1.1144913E-05   0.0000000E+00   1.1144913E-05
   8.0000000E-01   1.0337114E+04   0.0000000E+00   1.0337114E+04   1.3305002E-06   0.0000000E+00   1.3305002E-06
   8.5000000E-01   6.5646733E+03   0.0000000E+00   6.5646733E+03   1.0383083E-05   0.0000000E+00   1.0383083E-05
   9.0000000E-01   3.1689518E+03   0.0000000E+00   3.1689518E+03   1.5666209E-04   0.0000000E+00   1.5666209E-04
   9.5000000E-01   1.2263307E+03   0.0000000E+00   1.2263307E+03   5.8829262E-04   0.0000000E+00   5.8829262E-04
   1.0000000E+00   3.7096856E+02   0.0000000E+00   3.7096856E+02   2.1490565E-05   0.0000000E+00   2.1490565E-05
