   0.0000000E+00   3.2383070E+09   1.6630642E+09   4.6724173E+09   1.7485711E-05   3.9403971E-07   1.1990550E-05
   5.0000000E-02   1.1440057E+05   2.7056340E+04   1.4145691E+05   1.9123575E-01   6.7307298E-03   1.5594564E-01
   1.0000000E-01   4.6186764E+04   1.1109015E+04   5.7295780E+04   2.0650526E-01   3.4392264E-03   1.6713301E-01
   1.5000000E-01   2.6801692E+04   5.5385920E+03   3.2340284E+04   2.1666762E-01   8.4299626E-04   1.7970553E-01
   2.0000000E-01   1.7650283E+04   3.4854933E+03   2.1135776E+04   2.0840429E-01   3.2516667E-03   1.7457265E-01
   2.5000000E-01   1.2274029E+04   2.2663664E+03   1.4540396E+04   1.9858148E-01   1.1647747E-05   1.6763102E-01
   3.0000000E-01   9.0187801E+03   1.2838499E+03   1.0302630E+04   1.7311707E-01   3.4707512E-03   1.5197680E-01
   3.5000000E-01   6.8573044E+03   9.8221336E+02   7.8395178E+03   1.4781988E-01   1.4947346E-05   1.2930139E-01
   4.0000000E-01   5.7295780E+03   3.3422538E+02   6.0638033E+03   1.1519485E-01   1.6075011E-05   1.0884465E-01
   4.5000000E-01   4.6897657E+03   3.1123633E+02   5.0010020E+03   8.4820971E-02   1.2609293E-06   7.9542234E-02
   5.0000000E-01   4.0425356E+03   2.1008452E+02   4.2526201E+03   6.9621986E-02   1.9413262E-05   6.6183535E-02
   5.5000000E-01   3.4493217E+03   1.1574905E+02   3.5650707E+03   4.6950296E-02   4.9237939E-06   4.5425776E-02
   6.0000000E-01   2.9761974E+03   4.7746483E+01   3.0239439E+03   3.0868540E-02   6.2724058E-07   3.0381132E-02
   6.5000000E-01   2.4926113E+03   4.4073677E+01   2.5366849E+03   2.4390289E-02   1.3291257E-05   2.3966750E-02
   7.0000000E-01   2.0690143E+03   2.2736420E+01   2.0917507E+03   2.0931575E-02   2.0299473E-05   2.0704279E-02
   7.5000000E-01   1.6806762E+03   8.4882636E+00   1.6891645E+03   9.2384744E-03   1.5394546E-06   9.1920577E-03
   8.0000000E-01   1.2652818E+03   3.9788736E+00   1.2692607E+03   1.2750074E-02   5.5920307E-07   1.2710103E-02
   8.5000000E-01   1.1047225E+03   0.0000000E+00   1.1047225E+03   5.4383531E-03   0.0000000E+00   5.4383531E-03
   9.0000000E-01   8.4175281E+02   0.0000000E+00   8.4175281E+02   1.6729861E-03   0.0000000E+00   1.6729861E-03
   9.5000000E-01   4.8584141E+02   0.0000000E+00   4.8584141E+02   2.8473068E-03   0.0000000E+00   2.8473068E-03
   1.0000000E+00   1.6347767E+02   0.0000000E+00   1.6347767E+02   1.8083409E-05   0.0000000E+00   1.8083409E-05
