   0.0000000E+00   2.4895811E+09   1.1724356E+09   3.5638489E+09   2.2441416E-02   6.0287793E-06   1.5259790E-02
   5.0000000E-02   1.0072585E+08   6.2041398E+07   1.6104812E+08   1.0681905E-02   6.0935032E-05   6.6319188E-03
   1.0000000E-01   8.7608430E+05   8.4644965E+05   1.7220565E+06   1.7765418E-02   1.8228029E-03   9.9148052E-03
   1.5000000E-01   1.9904978E+04   1.5703288E+04   3.5608266E+04   1.0360225E-01   4.6729865E-02   7.8507027E-02
   2.0000000E-01   5.4271836E+03   2.3395777E+03   7.7667612E+03   9.0676506E-02   1.7998163E-01   1.1755440E-01
   2.5000000E-01   2.9029862E+03   1.1841128E+03   4.0870989E+03   3.9775474E-02   2.2092884E-01   9.2208232E-02
   3.0000000E-01   2.2387795E+03   9.5492966E+02   3.1937092E+03   6.3299038E-03   2.5720237E-01   7.9652412E-02
   3.5000000E-01   1.7916299E+03   5.0020125E+02   2.2918312E+03   2.0448962E-02   2.9409992E-01   4.8229839E-02
   4.0000000E-01   1.4483100E+03   2.6260566E+02   1.7109156E+03   2.7944889E-02   3.0963549E-01   2.4091451E-02
   4.5000000E-01   1.3298280E+03   1.9805948E+02   1.5278875E+03   3.1487057E-02   3.5915046E-01   1.9393557E-02
   5.0000000E-01   1.3369015E+03   2.0371833E+02   1.5406198E+03   3.4676296E-02   3.7722825E-01   2.0084096E-02
   5.5000000E-01   1.2558772E+03   1.4468631E+02   1.4005635E+03   3.1461959E-02   4.1592111E-01   1.5074935E-02
   6.0000000E-01   1.4058687E+03   1.0610330E+02   1.5119720E+03   1.8906307E-02   4.4616610E-01   1.3795583E-02
   6.5000000E-01   1.2095776E+03   9.7941503E+01   1.3075191E+03   2.9885292E-02   5.0527571E-01   1.0235668E-02
   7.0000000E-01   1.3459961E+03   7.7303830E+01   1.4232999E+03   2.9422596E-02   4.7546029E-01   2.1739276E-03
   7.5000000E-01   1.1968452E+03   5.9417845E+01   1.2562630E+03   3.2872142E-02   5.2087260E-01   6.8190894E-03
   8.0000000E-01   1.2414086E+03   3.9788736E+01   1.2811973E+03   3.2487588E-02   5.1971696E-01   1.5382349E-02
   8.5000000E-01   1.2882188E+03   3.3703400E+01   1.3219222E+03   3.2251731E-02   5.7673807E-01   1.6770140E-02
   9.0000000E-01   1.0857904E+03   2.4757436E+01   1.1105478E+03   2.7778733E-02   6.1085152E-01   1.3567556E-02
   9.5000000E-01   8.4435886E+02   3.3506304E+00   8.4770949E+02   3.5997766E-02   6.8144196E-01   3.3162119E-02
   1.0000000E+00   3.7096856E+02   0.0000000E+00   3.7096856E+02   5.5011294E-02   0.0000000E+00   5.5011294E-02
