   0.0000000E+00   1.8545406E+09   1.2589024E+09   3.0370272E+09   2.7928720E-03   4.1935765E-04   1.8401190E-03
   5.0000000E-02   1.3912434E+07   4.5788877E+06   1.8475915E+07   1.5207024E-01   4.4538229E-02   1.2542968E-01
   1.0000000E-01   6.9243541E+06   2.2032774E+06   9.1202785E+06   1.4941602E-01   4.2959352E-02   1.2371369E-01
   1.5000000E-01   4.5478843E+06   1.3918418E+06   5.9338480E+06   1.4874946E-01   4.2009101E-02   1.2375209E-01
   2.0000000E-01   3.3262746E+06   9.8914797E+05   4.3109981E+06   1.4924691E-01   4.1728368E-02   1.2460160E-01
   2.5000000E-01   2.5790358E+06   7.5822688E+05   3.3346271E+06   1.4982466E-01   4.0228025E-02   1.2493609E-01
   3.0000000E-01   2.0898848E+06   6.0472512E+05   2.6925727E+06   1.5098224E-01   3.9184474E-02   1.2590477E-01
   3.5000000E-01   1.7165816E+06   4.8801453E+05   2.2028499E+06   1.5318760E-01   3.8777276E-02   1.2786683E-01
   4.0000000E-01   1.4372567E+06   3.9859560E+05   1.8345154E+06   1.5540688E-01   4.0176742E-02   1.3039619E-01
   4.5000000E-01   1.2152364E+06   3.3552691E+05   1.5496669E+06   1.5786173E-01   3.8368222E-02   1.3203057E-01
   5.0000000E-01   1.0383078E+06   2.7848295E+05   1.3160013E+06   1.5995838E-01   3.9035113E-02   1.3442111E-01
   5.5000000E-01   8.8782993E+05   2.3642901E+05   1.1234082E+06   1.6340720E-01   3.9570623E-02   1.3738167E-01
   6.0000000E-01   7.6195429E+05   2.0207373E+05   9.6344445E+05   1.6665232E-01   4.0529709E-02   1.4021257E-01
   6.5000000E-01   6.5325514E+05   1.6960040E+05   8.2241970E+05   1.7065317E-01   4.1284283E-02   1.4400110E-01
   7.0000000E-01   5.5674218E+05   1.4181615E+05   6.9809451E+05   1.7593534E-01   4.2937071E-02   1.4892047E-01
   7.5000000E-01   4.6906569E+05   1.1983731E+05   5.8858044E+05   1.7988168E-01   4.3556242E-02   1.5216016E-01
   8.0000000E-01   3.9191109E+05   9.9081910E+04   4.9077018E+05   1.8542132E-01   4.4890494E-02   1.5709804E-01
   8.5000000E-01   3.1367754E+05   7.8719907E+04   3.9223642E+05   1.9377571E-01   4.6493892E-02   1.6426648E-01
   9.0000000E-01   2.4534265E+05   6.0206547E+04   3.0546785E+05   2.0090020E-01   4.8959133E-02   1.7095075E-01
   9.5000000E-01   1.6281718E+05   3.9125311E+04   2.0191234E+05   2.1006365E-01   5.4272316E-02   1.7989133E-01
   1.0000000E+00   7.4086822E+04   1.7749902E+04   9.1830437E+04   2.2031274E-01   5.6380701E-02   1.8863868E-01
