   0.0000000E+00   8.4881787E+07   4.2970307E+07   1.2784191E+08   8.6371343E-04   6.0670237E-04   7.7406176E-04
   5.0000000E-02   3.0855369E+07   1.5404671E+07   4.6248517E+07   9.4363397E-05   1.1770555E-04   9.5616208E-05
   1.0000000E-01   1.5722026E+07   7.8842494E+06   2.3600736E+07   9.9620348E-05   6.9494271E-05   7.5932238E-05
   1.5000000E-01   1.0354621E+07   5.1954115E+06   1.5546594E+07   2.8084828E-04   1.7489668E-04   1.3039840E-04
   2.0000000E-01   7.5579977E+06   3.7796116E+06   1.1335238E+07   1.4532544E-04   3.7893741E-04   2.0221023E-04
   2.5000000E-01   5.8215313E+06   2.9220084E+06   8.7415280E+06   1.5053658E-04   2.8497192E-04   6.9081165E-05
   3.0000000E-01   4.6643645E+06   2.3341876E+06   6.9971197E+06   3.3568250E-04   3.3429966E-04   3.3184707E-04
   3.5000000E-01   3.8141346E+06   1.9126877E+06   5.7255400E+06   1.7779299E-04   3.6353409E-04   2.2402229E-04
   4.0000000E-01   3.1742737E+06   1.5921701E+06   4.7653139E+06   4.9547577E-05   5.4988018E-04   1.7201112E-04
   4.5000000E-01   2.6751682E+06   1.3362861E+06   4.0107116E+06   2.3309233E-04   1.3509215E-04   1.3417411E-04
   5.0000000E-01   2.2603249E+06   1.1334251E+06   3.3931643E+06   3.3270195E-04   5.0861880E-04   1.8774647E-04
   5.5000000E-01   1.9310645E+06   9.6785883E+05   2.8984546E+06   1.2774753E-04   3.6156274E-04   1.6930876E-04
   6.0000000E-01   1.6504845E+06   8.2565871E+05   2.4757188E+06   2.8303569E-04   1.3419265E-04   2.2989039E-04
   6.5000000E-01   1.4028162E+06   7.0372439E+05   2.1061929E+06   2.2905836E-04   3.7534547E-04   1.9015561E-04
   7.0000000E-01   1.1961131E+06   5.9772230E+05   1.7935807E+06   1.8461719E-04   2.6941159E-04   1.8674092E-04
   7.5000000E-01   1.0053712E+06   5.0410100E+05   1.5092175E+06   6.6241087E-04   1.7626937E-04   4.9531626E-04
   8.0000000E-01   8.3934736E+05   4.1829898E+05   1.2575270E+06   4.3687609E-04   5.4048504E-04   4.7572659E-04
   8.5000000E-01   6.7614263E+05   3.3939324E+05   1.0154123E+06   4.6380782E-04   7.0632149E-04   4.9143758E-04
   9.0000000E-01   5.1946759E+05   2.6067104E+05   7.8007143E+05   6.3496002E-04   9.8879655E-04   7.3234375E-04
   9.5000000E-01   3.5133705E+05   1.7669549E+05   5.2799569E+05   1.8344902E-03   1.8845610E-03   1.8448787E-03
   1.0000000E+00   1.8301954E+05   9.0761545E+04   2.7378737E+05   2.5699605E-03   2.5055312E-03   2.5429988E-03
