   0.0000000E+00   8.3481224E+07   1.8945703E+08   2.7257003E+08   4.4910221E-02   1.2836473E-03   1.4622356E-02
   5.0000000E-02   1.6172179E+07   8.6808836E+06   2.4831291E+07   8.7108088E-02   1.1786023E-02   6.0784042E-02
   1.0000000E-01   9.7732594E+06   4.8376737E+06   1.4596386E+07   6.6677653E-02   1.2009359E-02   4.8588130E-02
   1.5000000E-01   7.2766489E+06   3.4600285E+06   1.0723011E+07   5.5064630E-02   1.1871128E-02   4.1148441E-02
   2.0000000E-01   5.8555013E+06   2.7229023E+06   8.5659419E+06   4.8817159E-02   1.1960992E-02   3.7128627E-02
   2.5000000E-01   4.9242539E+06   2.2677797E+06   7.1817586E+06   4.4288154E-02   1.3012521E-02   3.4422439E-02
   3.0000000E-01   4.2209907E+06   1.9229525E+06   6.1349774E+06   4.1723778E-02   1.3459320E-02   3.2883764E-02
   3.5000000E-01   3.6743602E+06   1.6677073E+06   5.3341916E+06   3.9906732E-02   1.4355424E-02   3.1931218E-02
   4.0000000E-01   3.2290230E+06   1.4498538E+06   4.6722719E+06   3.9221009E-02   1.5117960E-02   3.1755584E-02
   4.5000000E-01   2.8553387E+06   1.2832628E+06   4.1325819E+06   3.8949105E-02   1.6327478E-02   3.1941211E-02
   5.0000000E-01   2.5330591E+06   1.1300256E+06   3.6586857E+06   3.9137852E-02   1.7398495E-02   3.2423145E-02
   5.5000000E-01   2.2525402E+06   1.0022305E+06   3.2501928E+06   4.0378033E-02   1.9435223E-02   3.3918971E-02
   6.0000000E-01   2.0010975E+06   8.9142684E+05   2.8886728E+06   4.1886906E-02   2.1337923E-02   3.5553559E-02
   6.5000000E-01   1.7714435E+06   7.9372284E+05   2.5617824E+06   4.4302382E-02   2.2720895E-02   3.7609387E-02
   7.0000000E-01   1.5645067E+06   6.9800811E+05   2.2597501E+06   4.6595367E-02   2.5533370E-02   4.0092436E-02
   7.5000000E-01   1.3715633E+06   6.1296298E+05   1.9824722E+06   5.0763302E-02   2.7708877E-02   4.3645426E-02
   8.0000000E-01   1.1874988E+06   5.2804427E+05   1.7137048E+06   5.5607720E-02   3.1833518E-02   4.8305811E-02
   8.5000000E-01   1.0053874E+06   4.4827020E+05   1.4522420E+06   6.1034856E-02   3.5189764E-02   5.3074840E-02
   9.0000000E-01   8.2013603E+05   3.6596441E+05   1.1853224E+06   6.8302093E-02   4.0882901E-02   5.9834821E-02
   9.5000000E-01   6.0241654E+05   2.6795326E+05   8.6977339E+05   7.8975874E-02   4.8758720E-02   6.9673156E-02
   1.0000000E+00   3.2299415E+05   1.4242678E+05   4.6534548E+05   9.6217792E-02   6.1713075E-02   8.5660456E-02
