   0.0000000E+00   6.0249237E+08   5.2423856E+08   1.1155473E+09   8.7690676E-02   5.6275339E-07   4.6878319E-02
   5.0000000E-02   1.2998305E+08   5.7012929E+07   1.8482307E+08   1.0030101E-01   2.8976475E-06   6.9737211E-02
   1.0000000E-01   4.1382768E+07   1.8604895E+07   5.9582231E+07   7.8828211E-02   7.0649229E-06   5.4472276E-02
   1.5000000E-01   1.6479242E+07   7.5313180E+06   2.3906176E+07   6.8419366E-02   9.3904871E-06   4.6964099E-02
   2.0000000E-01   7.0365106E+06   3.2905921E+06   1.0301224E+07   6.0873315E-02   1.5275334E-05   4.1492464E-02
   2.5000000E-01   3.1421642E+06   1.4743605E+06   4.6097383E+06   5.5357711E-02   3.8564957E-05   3.7699839E-02
   3.0000000E-01   1.4612758E+06   6.7062588E+05   2.1303420E+06   4.9809150E-02   5.5850859E-05   3.4161118E-02
   3.5000000E-01   7.1440561E+05   3.1035214E+05   1.0244485E+06   4.4309253E-02   8.0244800E-05   3.0912971E-02
   4.0000000E-01   3.8007792E+05   1.4744910E+05   5.2735195E+05   3.6565104E-02   1.4462467E-04   2.6380195E-02
   4.5000000E-01   2.2882237E+05   6.8662979E+04   2.9745705E+05   2.7009553E-02   2.8526453E-04   2.0842547E-02
   5.0000000E-01   1.6165686E+05   3.1690932E+04   1.9333506E+05   1.6740860E-02   5.0897270E-04   1.4081118E-02
   5.5000000E-01   1.3548426E+05   1.5498798E+04   1.5095991E+05   8.4552379E-03   1.5452400E-04   7.5991557E-03
   6.0000000E-01   1.2563161E+05   7.5174185E+03   1.3314903E+05   4.6708174E-03   3.2141627E-04   4.4250331E-03
   6.5000000E-01   1.2571771E+05   3.7609537E+03   1.2947867E+05   2.2545489E-03   2.9913545E-03   2.2735548E-03
   7.0000000E-01   1.3122552E+05   1.6824951E+03   1.3289438E+05   1.1126142E-03   5.1715654E-03   1.1632485E-03
   7.5000000E-01   1.3835021E+05   8.5307049E+02   1.3919479E+05   2.3910118E-04   2.6341393E-06   2.3764752E-04
   8.0000000E-01   1.4955790E+05   3.5411975E+02   1.4986029E+05   1.8841225E-04   2.8816846E-03   1.9293866E-04
   8.5000000E-01   1.5906507E+05   1.7975147E+02   1.5922609E+05   1.0517955E-04   1.8706360E-02   1.2403928E-04
   9.0000000E-01   1.5826721E+05   8.8419413E+01   1.5833441E+05   4.7134295E-05   3.9880455E-02   5.1268861E-05
   9.5000000E-01   1.3796221E+05   2.6805043E+01   1.3795550E+05   2.8879732E-05   8.0607356E-02   3.6943037E-05
   1.0000000E+00   8.0097771E+04   1.2575205E+01   8.0110346E+04   2.7797135E-05   1.3641163E-06   2.7792663E-05
