   0.0000000E+00   2.0925539E+08   1.0651311E+08   3.1568905E+08   5.2473392E-05   3.1651526E-05   3.1850715E-05
   5.0000000E-02   6.7123470E+07   3.3683170E+07   1.0075202E+08   1.1839979E-05   4.8081932E-05   2.3870922E-05
   1.0000000E-01   2.9514902E+07   1.4803542E+07   4.4298359E+07   2.4678120E-05   1.4144139E-05   1.2978815E-05
   1.5000000E-01   1.6790125E+07   8.4214610E+06   2.5199384E+07   5.4762218E-05   7.8707023E-05   6.1510032E-05
   2.0000000E-01   1.0584361E+07   5.2876365E+06   1.5865790E+07   4.9353398E-05   5.4884944E-05   3.9931783E-05
   2.5000000E-01   7.0479920E+06   3.5254220E+06   1.0569964E+07   1.0354359E-04   1.2722542E-04   1.0859247E-04
   3.0000000E-01   4.8305860E+06   2.4284286E+06   7.2569667E+06   1.4313672E-04   1.1489908E-04   1.3161267E-04
   3.5000000E-01   3.3944566E+06   1.7021121E+06   5.0954228E+06   1.7492012E-04   7.1682265E-05   1.1839794E-04
   4.0000000E-01   2.4259272E+06   1.2046278E+06   3.6298707E+06   7.4678984E-05   4.9690777E-05   6.6330851E-05
   4.5000000E-01   1.7519705E+06   8.7905873E+05   2.6306261E+06   3.1827006E-04   2.6120712E-04   2.9503423E-04
   5.0000000E-01   1.2705275E+06   6.3652428E+05   1.9068990E+06   3.1984176E-04   4.1991513E-04   3.4280958E-04
   5.5000000E-01   9.3519445E+05   4.7059512E+05   1.4056159E+06   1.4312383E-04   2.1581081E-04   6.6389111E-05
   6.0000000E-01   6.8617001E+05   3.4449618E+05   1.0306078E+06   6.0279431E-04   2.9114414E-04   4.8182721E-04
   6.5000000E-01   5.0728802E+05   2.5547551E+05   7.6271456E+05   3.3145861E-04   1.1006708E-03   3.9383321E-04
   7.0000000E-01   3.7378675E+05   1.8697523E+05   5.6072560E+05   5.6632312E-04   6.9072644E-04   6.0783637E-04
   7.5000000E-01   2.7375075E+05   1.3877887E+05   4.1249990E+05   4.2082873E-04   1.2640595E-03   7.0164754E-04
   8.0000000E-01   1.9895562E+05   9.9547438E+04   2.9849510E+05   9.8172415E-04   9.0393894E-04   8.9775449E-04
   8.5000000E-01   1.4024359E+05   6.9507645E+04   2.0975124E+05   3.6331013E-04   8.5396337E-04   1.1923790E-04
   9.0000000E-01   9.3144546E+04   4.6731428E+04   1.3987597E+05   1.3501017E-03   2.2751362E-03   1.6480652E-03
   9.5000000E-01   5.4628678E+04   2.7759973E+04   8.2385300E+04   1.3191885E-03   1.2989550E-03   8.2580901E-04
   1.0000000E+00   2.4395898E+04   1.1977883E+04   3.6373782E+04   4.0211436E-03   2.6866380E-03   3.5413202E-03
