   0.0000000E+00   5.9861103E+07   3.0289350E+07   9.0149434E+07   2.7342724E-03   3.7009681E-04   1.9279119E-03
   5.0000000E-02   2.2828103E+07   1.1411218E+07   3.4234419E+07   6.2143354E-04   5.5143343E-04   5.3823917E-04
   1.0000000E-01   1.2233890E+07   6.1241867E+06   1.8355849E+07   1.5145885E-04   3.9080979E-04   3.3330339E-05
   1.5000000E-01   8.4391590E+06   4.2112822E+06   1.2648680E+07   2.5236812E-04   4.4230379E-04   2.5521002E-04
   2.0000000E-01   6.4283159E+06   3.2305907E+06   9.6575379E+06   2.3410886E-04   1.2540650E-04   1.9852402E-04
   2.5000000E-01   5.1896607E+06   2.5889289E+06   7.7775328E+06   7.8440785E-05   1.3262734E-04   2.3373596E-05
   3.0000000E-01   4.3267014E+06   2.1552656E+06   6.4810227E+06   2.8629064E-04   5.4628541E-04   2.3008445E-04
   3.5000000E-01   3.6780707E+06   1.8409316E+06   5.5181929E+06   3.6621409E-04   1.8353048E-04   2.9959835E-04
   4.0000000E-01   3.1767247E+06   1.5910799E+06   4.7670964E+06   3.2685798E-04   6.1504788E-04   1.1653594E-04
   4.5000000E-01   2.7851691E+06   1.3899885E+06   4.1746059E+06   2.3134621E-04   5.6818855E-04   3.4362227E-04
   5.0000000E-01   2.4386866E+06   1.2189040E+06   3.6570941E+06   3.8864166E-04   1.5998345E-04   2.6206658E-04
   5.5000000E-01   2.1468613E+06   1.0747531E+06   3.2211919E+06   1.8301147E-04   3.2886575E-04   1.4753243E-04
   6.0000000E-01   1.9042889E+06   9.5005952E+05   2.8539611E+06   2.7500133E-04   7.6809800E-05   2.0550391E-04
   6.5000000E-01   1.6735999E+06   8.3995123E+05   2.5131937E+06   4.8736903E-04   2.6179756E-04   3.6710174E-04
   7.0000000E-01   1.4691957E+06   7.3808787E+05   2.2070107E+06   5.8345887E-04   5.4776023E-04   5.6617632E-04
   7.5000000E-01   1.2768768E+06   6.3784208E+05   1.9144812E+06   3.0036699E-04   3.6023562E-04   3.1420322E-04
   8.0000000E-01   1.0915085E+06   5.4746913E+05   1.6388304E+06   1.7716906E-04   2.8057469E-04   1.9132919E-04
   8.5000000E-01   9.1165824E+05   4.5662115E+05   1.3681333E+06   6.2773253E-04   5.1996632E-04   3.2348460E-04
   9.0000000E-01   7.1504425E+05   3.5914904E+05   1.0741438E+06   4.2650389E-04   7.7930919E-04   4.9743325E-04
   9.5000000E-01   4.9531699E+05   2.4793660E+05   7.4319327E+05   1.6127331E-03   1.2253040E-03   1.4445163E-03
   1.0000000E+00   2.5342183E+05   1.2849974E+05   3.8192156E+05   3.8363077E-03   2.3092612E-03   3.2841488E-03
