   0.0000000E+00   1.2024525E+08   6.5236720E+07   1.8539998E+08   2.1692621E-03   9.5226650E-04   1.7393441E-03
   5.0000000E-02   4.6760996E+07   2.3621458E+07   7.0295555E+07   6.6890146E-04   4.1550454E-04   5.7972856E-04
   1.0000000E-01   2.2911882E+07   1.1414402E+07   3.4287927E+07   2.0806389E-04   2.2416510E-04   1.8699541E-04
   1.5000000E-01   1.4131346E+07   7.0310198E+06   2.1138089E+07   1.8443251E-04   2.9334349E-04   1.7891143E-04
   2.0000000E-01   9.6304019E+06   4.7880810E+06   1.4404095E+07   2.0692768E-04   3.5416376E-04   2.4759174E-04
   2.5000000E-01   6.8971259E+06   3.4566034E+06   1.0344040E+07   1.3720811E-04   1.8208872E-04   1.5167131E-04
   3.0000000E-01   5.1061362E+06   2.5435188E+06   7.6429281E+06   7.3598018E-05   1.1591693E-04   8.3306831E-05
   3.5000000E-01   3.8594528E+06   1.9320046E+06   5.7869010E+06   6.0718986E-05   2.9528339E-05   4.9380187E-05
   4.0000000E-01   2.9682556E+06   1.4820986E+06   4.4476167E+06   1.4092939E-04   2.0901958E-04   1.4778427E-04
   4.5000000E-01   2.3142897E+06   1.1517866E+06   3.4639331E+06   1.8957646E-04   8.2424706E-05   1.0262975E-04
   5.0000000E-01   1.8211591E+06   9.0458577E+05   2.7246308E+06   6.2982476E-04   3.6042154E-04   4.7981068E-04
   5.5000000E-01   1.4398950E+06   7.1839648E+05   2.1573134E+06   3.4271629E-04   2.6852145E-04   3.1632627E-04
   6.0000000E-01   1.1397192E+06   5.6786484E+05   1.7070641E+06   2.4279197E-05   3.8018426E-04   1.1571436E-04
   6.5000000E-01   9.0449958E+05   4.5064845E+05   1.3547367E+06   6.4007520E-04   6.3585550E-04   5.9760303E-04
   7.0000000E-01   7.1536054E+05   3.5486096E+05   1.0699532E+06   1.1416597E-03   5.4931097E-04   8.8426950E-04
   7.5000000E-01   5.6085353E+05   2.8199709E+05   8.4268935E+05   1.0104357E-03   1.0051232E-03   1.0092444E-03
   8.0000000E-01   4.3746521E+05   2.1744942E+05   6.5478333E+05   6.6374087E-04   1.6924151E-03   9.7263284E-04
   8.5000000E-01   3.3349888E+05   1.6665582E+05   5.0000866E+05   1.3579104E-03   1.0756995E-03   1.2383115E-03
   9.0000000E-01   2.4243896E+05   1.2051212E+05   3.6291571E+05   3.7609203E-03   2.4828978E-03   3.2478883E-03
   9.5000000E-01   1.5767396E+05   7.8974358E+04   2.3662487E+05   4.6151511E-03   5.7684506E-03   5.0034189E-03
   1.0000000E+00   8.3681704E+04   4.1988611E+04   1.2567031E+05   9.2605119E-03   7.2359185E-03   8.5840035E-03
