   0.0000000E+00   3.2374708E+09   1.6611641E+09   4.7018944E+09   2.2199554E-05   5.8497990E-07   1.5072342E-05
   5.0000000E-02   1.6030086E+05   3.8897468E+04   1.9913466E+05   1.8138884E-01   1.7224268E-02   1.4929088E-01
   1.0000000E-01   7.2829302E+04   1.6233804E+04   8.9063106E+04   1.9154576E-01   1.3915880E-02   1.5916862E-01
   1.5000000E-01   4.2908173E+04   9.4856346E+03   5.2393807E+04   1.9673047E-01   1.3376478E-02   1.6353515E-01
   2.0000000E-01   3.0939721E+04   5.9842259E+03   3.6923947E+04   1.9781265E-01   8.1935909E-03   1.6708129E-01
   2.5000000E-01   2.0524621E+04   3.9979722E+03   2.4522594E+04   2.0099155E-01   1.1120058E-02   1.7003639E-01
   3.0000000E-01   1.5809391E+04   3.2043195E+03   1.9013711E+04   1.9313542E-01   4.3987461E-03   1.6132823E-01
   3.5000000E-01   1.2623261E+04   2.1008452E+03   1.4724106E+04   1.8585609E-01   3.9403747E-03   1.5988560E-01
   4.0000000E-01   1.0273452E+04   1.5995072E+03   1.1872959E+04   1.6907203E-01   9.8982495E-06   1.4629356E-01
   4.5000000E-01   7.8799381E+03   1.0115181E+03   8.8914562E+03   1.6650492E-01   5.4853428E-04   1.4762524E-01
   5.0000000E-01   6.6272118E+03   7.7030992E+02   7.3975218E+03   1.3685604E-01   3.5501061E-06   1.2260548E-01
   5.5000000E-01   5.6890658E+03   4.6299620E+02   6.1520620E+03   1.2367665E-01   4.8931239E-06   1.1436854E-01
   6.0000000E-01   4.7958690E+03   4.1380285E+02   5.2096718E+03   1.0037012E-01   7.8769441E-06   9.2398377E-02
   6.5000000E-01   3.7609537E+03   3.1830989E+02   4.0792636E+03   7.8406571E-02   7.1391662E-07   7.2288356E-02
   7.0000000E-01   3.4968615E+03   2.1372235E+02   3.7105838E+03   8.6571029E-02   5.2921654E-07   8.1584677E-02
   7.5000000E-01   2.7629298E+03   1.6976527E+02   2.9326951E+03   5.5851840E-02   1.1548616E-05   5.2618069E-02
   8.0000000E-01   2.2719368E+03   9.1514092E+01   2.3634509E+03   4.9811658E-02   1.2079718E-05   4.7882456E-02
   8.5000000E-01   1.8873904E+03   6.7406799E+01   1.9547972E+03   4.9247147E-02   3.2271330E-05   4.7547857E-02
   9.0000000E-01   1.3722693E+03   2.4757436E+01   1.3970267E+03   3.5692102E-02   1.1205168E-05   3.5059385E-02
   9.5000000E-01   8.7116390E+02   2.3454413E+01   8.9461831E+02   3.6300643E-02   7.1171588E-06   3.5349127E-02
   1.0000000E+00   3.6468096E+02   6.2876027E+00   3.7096856E+02   1.4483456E-02   8.1887811E-07   1.4237959E-02
