   0.0000000E+00   2.2332622E+06   6.1336634E+08   6.1544071E+08   7.4166548E-04   1.4275350E-05   1.1554590E-05
   5.0000000E-02   2.2971151E+06   9.3884164E+07   9.6145183E+07   2.6002368E-04   1.0411030E-04   9.5605593E-05
   1.0000000E-01   2.2850512E+06   1.4863066E+07   1.7145062E+07   5.7996267E-05   5.3987326E-04   4.6627037E-04
   1.5000000E-01   2.3312592E+06   2.8523324E+06   5.1829338E+06   1.1314417E-04   2.0433755E-03   1.0794501E-03
   2.0000000E-01   2.3931333E+06   5.8257075E+05   2.9752425E+06   4.4461691E-05   8.1447749E-03   1.6139602E-03
   2.5000000E-01   2.4498275E+06   1.2843167E+05   2.5780045E+06   4.1698648E-05   2.5135979E-02   1.2131334E-03
   3.0000000E-01   2.5371314E+06   3.2393336E+04   2.5691746E+06   2.9638962E-05   8.1584799E-02   9.9952358E-04
   3.5000000E-01   2.6669276E+06   1.1486440E+04   2.6780138E+06   6.5382820E-05   1.7333200E-01   6.7959553E-04
   4.0000000E-01   2.8462713E+06   5.7216202E+03   2.8514597E+06   4.6482828E-05   2.8711461E-01   5.3183465E-04
   4.5000000E-01   3.1177746E+06   3.3457906E+03   3.1202786E+06   2.8922738E-05   3.4987885E-01   3.4909226E-04
   5.0000000E-01   3.5070683E+06   2.5401129E+03   3.5087108E+06   6.7529288E-05   4.1133710E-01   2.2966346E-04
   5.5000000E-01   4.0501924E+06   2.0719080E+03   4.0507885E+06   6.6957860E-05   4.4090147E-01   1.5874931E-04
   6.0000000E-01   4.6783702E+06   1.4376997E+03   4.6776540E+06   6.1609602E-05   4.7462859E-01   8.7541028E-05
   6.5000000E-01   4.8877854E+06   1.0136946E+03   4.8869088E+06   5.2830534E-05   5.1117820E-01   5.8650527E-05
   7.0000000E-01   3.9608982E+06   9.6857151E+02   3.9601160E+06   2.4369322E-05   5.3436740E-01   1.0766117E-04
   7.5000000E-01   2.1092019E+06   8.1062918E+02   2.1094269E+06   7.8555848E-05   5.6456214E-01   2.9515906E-04
   8.0000000E-01   7.4786908E+05   5.1725357E+02   7.4832665E+05   4.3554961E-04   5.9751125E-01   8.4518912E-04
   8.5000000E-01   2.1724837E+05   4.2316491E+02   2.1766779E+05   1.4036975E-03   6.4307934E-01   2.6509986E-03
   9.0000000E-01   5.8300224E+04   2.5464791E+02   5.8554872E+04   4.9376393E-03   6.8002665E-01   7.8595219E-03
   9.5000000E-01   1.4384256E+04   2.2784287E+02   1.4612099E+04   1.6872139E-02   7.2927607E-01   2.7979267E-02
   1.0000000E+00   2.7413948E+03   3.1438013E+01   2.7728328E+03   3.4929499E-02   7.5009634E-01   4.2491326E-02
