   0.0000000E+00   3.2106497E+09   1.6520253E+09   4.6453401E+09   5.3432049E-05   3.4285741E-06   3.6624630E-05
   5.0000000E-02   4.1144736E+05   1.0415099E+05   5.1559835E+05   1.7766012E-01   2.1029509E-02   1.4602043E-01
   1.0000000E-01   1.9779776E+05   4.8574089E+04   2.4637185E+05   1.8444273E-01   1.8157903E-02   1.5165841E-01
   1.5000000E-01   1.2560508E+05   3.2170519E+04   1.5775438E+05   1.9344257E-01   1.8208491E-02   1.5773347E-01
   2.0000000E-01   9.0463670E+04   2.3013805E+04   1.1347747E+05   1.9820027E-01   1.9974066E-02   1.6205509E-01
   2.5000000E-01   6.8907724E+04   1.7430649E+04   8.6325641E+04   2.0775955E-01   1.7214504E-02   1.6929169E-01
   3.0000000E-01   5.3889864E+04   1.3910142E+04   6.7800006E+04   2.1842200E-01   1.7005168E-02   1.7709841E-01
   3.5000000E-01   4.3863102E+04   1.0995333E+04   5.4858435E+04   2.2542586E-01   1.7473882E-02   1.8374525E-01
   4.0000000E-01   3.6056552E+04   9.1911980E+03   4.5247750E+04   2.3614067E-01   1.5725071E-02   1.9136705E-01
   4.5000000E-01   3.0826544E+04   7.5828488E+03   3.8409393E+04   2.4277678E-01   1.6893838E-02   1.9818253E-01
   5.0000000E-01   2.5649411E+04   6.9900851E+03   3.2639496E+04   2.5190979E-01   1.8332356E-02   2.0188673E-01
   5.5000000E-01   2.2553702E+04   5.6138289E+03   2.8167531E+04   2.6323978E-01   1.8839604E-02   2.1452960E-01
   6.0000000E-01   1.8233851E+04   4.9125826E+03   2.3146434E+04   2.7240305E-01   1.4766076E-02   2.1772228E-01
   6.5000000E-01   1.5469860E+04   4.2702496E+03   1.9740110E+04   2.8615313E-01   1.3742572E-02   2.2722361E-01
   7.0000000E-01   1.2714206E+04   3.4968615E+03   1.6211068E+04   2.9989566E-01   1.8931170E-02   2.3928907E-01
   7.5000000E-01   1.1132358E+04   2.9157186E+03   1.4048076E+04   3.1269783E-01   1.3404205E-02   2.5057810E-01
   8.0000000E-01   9.1434515E+03   2.2958101E+03   1.1439262E+04   3.2445210E-01   1.5235214E-02   2.6239356E-01
   8.5000000E-01   7.4035135E+03   1.9847558E+03   9.3882692E+03   3.3867108E-01   1.9207125E-02   2.7113371E-01
   9.0000000E-01   5.2202821E+03   1.4359313E+03   6.6562134E+03   3.4864977E-01   1.6453673E-02   2.7698500E-01
   9.5000000E-01   3.5248632E+03   9.7503344E+02   4.4998966E+03   3.7396835E-01   1.9450708E-02   2.9715163E-01
   1.0000000E+00   1.6159139E+03   3.8983137E+02   2.0057453E+03   3.9367383E-01   6.8220206E-03   3.1848632E-01
