   0.0000000E+00   1.4216993E+08   1.6263241E+08   3.0423499E+08   3.5407077E-02   4.8040415E-03   1.9071941E-02
   5.0000000E-02   1.9111517E+07   8.4021714E+06   2.7484658E+07   1.0071439E-01   3.6891471E-02   8.1238342E-02
   1.0000000E-01   1.0785612E+07   4.8307982E+06   1.5597662E+07   8.3283950E-02   3.3736500E-02   6.7967405E-02
   1.5000000E-01   7.7381133E+06   3.5027244E+06   1.1224307E+07   7.2160037E-02   3.2996946E-02   5.9960740E-02
   2.0000000E-01   6.0646787E+06   2.7657787E+06   8.8159424E+06   6.4797438E-02   3.1168112E-02   5.4262985E-02
   2.5000000E-01   4.9764058E+06   2.3016988E+06   7.2669256E+06   6.0505810E-02   3.1331881E-02   5.1290799E-02
   3.0000000E-01   4.1980830E+06   1.9636855E+06   6.1510415E+06   5.7424929E-02   3.1261888E-02   4.9082652E-02
   3.5000000E-01   3.6137630E+06   1.7035127E+06   5.3086813E+06   5.5127976E-02   3.2113749E-02   4.7776219E-02
   4.0000000E-01   3.1493819E+06   1.4871836E+06   4.6291091E+06   5.4391754E-02   3.3291010E-02   4.7640988E-02
   4.5000000E-01   2.7500277E+06   1.3146623E+06   4.0582954E+06   5.3774082E-02   3.4449255E-02   4.7537606E-02
   5.0000000E-01   2.4304806E+06   1.1605578E+06   3.5863020E+06   5.4227624E-02   3.5730667E-02   4.8262386E-02
   5.5000000E-01   2.1496740E+06   1.0275275E+06   3.1721548E+06   5.6009077E-02   3.7863361E-02   5.0147944E-02
   6.0000000E-01   1.8993339E+06   9.1513562E+05   2.8103102E+06   5.7289843E-02   3.9681846E-02   5.1552435E-02
   6.5000000E-01   1.6785998E+06   8.1410447E+05   2.4892617E+06   5.9752659E-02   4.2988765E-02   5.4287475E-02
   7.0000000E-01   1.4677223E+06   7.1255487E+05   2.1772442E+06   6.2850272E-02   4.6288595E-02   5.7442516E-02
   7.5000000E-01   1.2842828E+06   6.2140456E+05   1.9031960E+06   6.5887951E-02   4.9479757E-02   6.0543083E-02
   8.0000000E-01   1.1021520E+06   5.3809093E+05   1.6383768E+06   7.1352997E-02   5.4688090E-02   6.5894430E-02
   8.5000000E-01   9.2976445E+05   4.5628037E+05   1.3845020E+06   7.7725235E-02   5.9514772E-02   7.1739301E-02
   9.0000000E-01   7.5484360E+05   3.7111750E+05   1.1252184E+06   8.6208634E-02   6.7266039E-02   7.9964704E-02
   9.5000000E-01   5.4791518E+05   2.7075104E+05   8.1808991E+05   9.8402572E-02   7.8387026E-02   9.1778333E-02
   1.0000000E+00   2.8984591E+05   1.4358370E+05   4.3331014E+05   1.1381164E-01   9.3696829E-02   1.0716137E-01
