   0.0000000E+00   1.4351039E+08   7.3440966E+07   2.1690756E+08   5.4839291E-04   2.4216468E-04   4.3944291E-04
   5.0000000E-02   4.9188045E+07   2.4688051E+07   7.3830960E+07   1.5395409E-04   1.4982952E-04   1.4114019E-04
   1.0000000E-01   2.3221120E+07   1.1646863E+07   3.4849967E+07   5.0094916E-05   3.8620483E-05   2.2497556E-05
   1.5000000E-01   1.4152694E+07   7.0790421E+06   2.1220511E+07   1.0966095E-04   1.0869110E-04   1.0937883E-04
   2.0000000E-01   9.5358639E+06   4.7695076E+06   1.4298496E+07   6.0517796E-05   1.0276833E-04   7.1321733E-05
   2.5000000E-01   6.7935606E+06   3.3944821E+06   1.0183395E+07   9.3984069E-05   1.4422011E-04   9.9109225E-05
   3.0000000E-01   5.0243836E+06   2.5055763E+06   7.5270420E+06   7.4399928E-05   2.0192899E-04   1.1483647E-04
   3.5000000E-01   3.7795206E+06   1.8939347E+06   5.6714455E+06   2.4190150E-04   5.3747599E-05   1.6661037E-04
   4.0000000E-01   2.9043151E+06   1.4574057E+06   4.3604555E+06   2.2805441E-04   2.2571823E-04   2.2326185E-04
   4.5000000E-01   2.2614503E+06   1.1325536E+06   3.3931763E+06   2.6800453E-04   2.5565963E-04   2.5942292E-04
   5.0000000E-01   1.7706242E+06   8.8919867E+05   2.6593454E+06   4.1745554E-05   2.3476340E-04   8.0188225E-05
   5.5000000E-01   1.3990356E+06   7.0058270E+05   2.0991958E+06   4.1090783E-04   4.5730446E-04   1.5785459E-04
   6.0000000E-01   1.1070712E+06   5.5689376E+05   1.6636838E+06   3.9665009E-04   6.4718581E-04   4.8256046E-04
   6.5000000E-01   8.8091526E+05   4.4010504E+05   1.3208244E+06   1.7873999E-04   7.1996509E-04   3.4332479E-04
   7.0000000E-01   6.9791261E+05   3.4951790E+05   1.0473077E+06   7.9458108E-04   1.1686484E-04   5.5307235E-04
   7.5000000E-01   5.4398735E+05   2.7474812E+05   8.1859117E+05   6.0816237E-04   2.1718467E-04   3.8690844E-04
   8.0000000E-01   4.2370627E+05   2.1152488E+05   6.3513963E+05   7.0554625E-04   7.3057963E-04   7.1345500E-04
   8.5000000E-01   3.1991641E+05   1.6034954E+05   4.8019855E+05   4.9825048E-04   8.6105035E-04   6.2022391E-04
   9.0000000E-01   2.3115664E+05   1.1429447E+05   3.4543696E+05   7.2934172E-04   1.4660176E-03   9.6812957E-04
   9.5000000E-01   1.4583954E+05   7.2591407E+04   2.1842759E+05   8.2559111E-04   1.5939086E-03   1.0716699E-03
   1.0000000E+00   7.1527768E+04   3.5399203E+04   1.0692697E+05   2.6668354E-03   5.4203744E-03   3.4630319E-03
