   0.0000000E+00   3.4021979E+07   1.6353489E+07   5.0370375E+07   7.3461451E-02   1.7397453E-02   5.5253388E-02
   5.0000000E-02   1.5683128E+07   7.6466947E+06   2.3315690E+07   4.8397788E-02   1.6346079E-02   3.7883863E-02
   1.0000000E-01   9.6657025E+06   4.7777041E+06   1.4433698E+07   2.6665269E-02   1.2839561E-02   2.2094538E-02
   1.5000000E-01   7.1517653E+06   3.5734529E+06   1.0715520E+07   1.7578200E-02   9.8798565E-03   1.5026122E-02
   2.0000000E-01   5.7164954E+06   2.8783649E+06   8.5868230E+06   1.2872705E-02   8.8370954E-03   1.1514720E-02
   2.5000000E-01   4.7977194E+06   2.4054805E+06   7.1962226E+06   9.6641450E-03   6.8910891E-03   8.7441636E-03
   3.0000000E-01   4.1194498E+06   2.0685898E+06   6.1819494E+06   8.3166625E-03   6.4072881E-03   7.6703966E-03
   3.5000000E-01   3.5906810E+06   1.8184771E+06   5.4041015E+06   7.0502531E-03   6.2684457E-03   6.7882001E-03
   4.0000000E-01   3.1875711E+06   1.5963320E+06   4.7792479E+06   6.6354564E-03   5.7173800E-03   6.3320433E-03
   4.5000000E-01   2.8399679E+06   1.4233545E+06   4.2592621E+06   6.2672183E-03   5.8076692E-03   6.1031280E-03
   5.0000000E-01   2.5367133E+06   1.2799813E+06   3.8134225E+06   6.4778994E-03   6.0732254E-03   6.3260715E-03
   5.5000000E-01   2.2774783E+06   1.1483347E+06   3.4223116E+06   6.8371751E-03   6.6195986E-03   6.7770764E-03
   6.0000000E-01   2.0399526E+06   1.0280083E+06   3.0650855E+06   7.4420827E-03   6.9750458E-03   7.2878640E-03
   6.5000000E-01   1.8330389E+06   9.1683041E+05   2.7473571E+06   8.5971578E-03   7.0544545E-03   8.0800715E-03
   7.0000000E-01   1.6346804E+06   8.2230812E+05   2.4549241E+06   8.8539017E-03   8.8382939E-03   8.8449510E-03
   7.5000000E-01   1.4452754E+06   7.2381546E+05   2.1674017E+06   1.0367738E-02   9.9969186E-03   1.0241633E-02
   8.0000000E-01   1.2636465E+06   6.3505210E+05   1.8972304E+06   1.1525953E-02   1.1527842E-02   1.1542663E-02
   8.5000000E-01   1.0840474E+06   5.4448591E+05   1.6272488E+06   1.3676203E-02   1.3294144E-02   1.3562609E-02
   9.0000000E-01   8.9765864E+05   4.5003005E+05   1.3469955E+06   1.7677228E-02   1.7378333E-02   1.7562498E-02
   9.5000000E-01   6.8202752E+05   3.4261871E+05   1.0241302E+06   2.3056596E-02   2.1461212E-02   2.2533955E-02
   1.0000000E+00   4.2274697E+05   2.1197395E+05   6.3460145E+05   3.6602695E-02   3.3220025E-02   3.5469653E-02
