   0.0000000E+00   2.1889534E+06   1.5149768E+09   1.5127079E+09   2.0269732E-04   1.4452438E-05   1.4161554E-05
   5.0000000E-02   2.1189253E+06   2.0927092E+07   2.3030675E+07   1.9461685E-05   5.6717598E-04   5.1523965E-04
   1.0000000E-01   2.1503106E+06   3.5969017E+04   2.1862160E+06   3.7048210E-05   1.1226633E-01   1.8126471E-03
   1.5000000E-01   2.1688787E+06   8.1911744E+03   2.1764545E+06   3.5445642E-05   2.1553259E-01   7.9945879E-04
   2.0000000E-01   2.2125879E+06   3.8356341E+03   2.2158506E+06   1.7125562E-05   2.6552363E-01   4.5869792E-04
   2.5000000E-01   2.2674741E+06   2.1390424E+03   2.2690020E+06   3.5701228E-06   3.1830276E-01   2.9920712E-04
   3.0000000E-01   2.3411374E+06   1.1989672E+03   2.3412010E+06   5.3664560E-06   3.4353304E-01   1.7053938E-04
   3.5000000E-01   2.4438014E+06   6.6390348E+02   2.4432012E+06   5.2405468E-06   3.8093722E-01   1.0611506E-04
   4.0000000E-01   2.5852970E+06   4.7746483E+02   2.5840556E+06   1.6825207E-05   4.1534808E-01   6.0028683E-05
   4.5000000E-01   2.7571012E+06   4.9514871E+02   2.7551065E+06   8.7013783E-06   4.3340049E-01   7.0684749E-05
   5.0000000E-01   3.0035594E+06   2.6101411E+02   3.0013185E+06   8.9292541E-06   4.5573442E-01   3.0309119E-05
   5.5000000E-01   3.3798954E+06   2.1413574E+02   3.3760873E+06   1.1970760E-05   5.0395055E-01   2.1371684E-05
   6.0000000E-01   4.0643239E+06   1.7507044E+02   4.0587163E+06   1.9163208E-05   5.6381331E-01   1.4338865E-05
   6.5000000E-01   5.7495042E+06   1.2732395E+02   5.7386277E+06   2.2524505E-05   5.8309685E-01   9.6815945E-06
   7.0000000E-01   8.1739932E+06   1.0004025E+02   8.1458456E+06   2.1032242E-05   5.8674642E-01   1.3863776E-05
   7.5000000E-01   5.6143922E+05   8.4882636E+01   5.6136707E+05   1.2300373E-04   6.2324297E-01   2.1433535E-04
   8.0000000E-01   1.7586621E+03   4.7746483E+01   1.8064086E+03   5.6052790E-02   6.3789419E-01   7.1370821E-02
   8.5000000E-01   5.3550957E+02   4.4937866E+01   5.8044744E+02   1.3362152E-01   6.8859697E-01   1.7647194E-01
   9.0000000E-01   2.3696403E+02   1.7683883E+01   2.5464791E+02   1.9012980E-01   7.2262983E-01   2.2705852E-01
   9.5000000E-01   1.4072648E+02   6.7012608E+00   1.4742774E+02   2.8846297E-01   7.7794567E-01   3.0761965E-01
   1.0000000E+00   7.5451232E+01   1.2575205E+01   8.8026438E+01   3.7003619E-01   8.5205229E-01   4.1588704E-01
