   0.0000000E+00   1.6878063E+06   1.5674007E+09   1.5677399E+09   2.0188251E-04   1.1447163E-04   1.1414650E-04
   5.0000000E-02   1.6460441E+06   1.4634361E+07   1.6279323E+07   2.4027739E-04   8.0245029E-03   7.2323278E-03
   1.0000000E-01   1.6671480E+06   2.7231411E+05   1.9393985E+06   1.5718664E-04   1.4873921E-01   2.0796828E-02
   1.5000000E-01   1.6783631E+06   9.3286017E+04   1.7715855E+06   1.0861214E-04   2.0467991E-01   1.0853515E-02
   2.0000000E-01   1.7100562E+06   4.4101835E+04   1.7540148E+06   6.2963485E-05   2.5273322E-01   6.3333232E-03
   2.5000000E-01   1.7334902E+06   2.4853636E+04   1.7582292E+06   4.1483992E-05   2.9187444E-01   4.1177850E-03
   3.0000000E-01   1.7740789E+06   1.5629015E+04   1.7896018E+06   9.9574299E-05   3.2191125E-01   2.8519620E-03
   3.5000000E-01   1.8407406E+06   9.8676065E+03   1.8504263E+06   8.2586381E-05   3.5182820E-01   1.8334367E-03
   4.0000000E-01   1.9036125E+06   6.8436626E+03   1.9102652E+06   1.1144069E-04   3.8487258E-01   1.3359390E-03
   4.5000000E-01   1.9849805E+06   4.6826921E+03   1.9893873E+06   1.8669184E-05   4.0890471E-01   9.4915037E-04
   5.0000000E-01   2.0863431E+06   3.4186482E+03   2.0894625E+06   1.0531355E-04   4.5014846E-01   6.4035404E-04
   5.5000000E-01   2.2433671E+06   2.8590015E+03   2.2458209E+06   1.1204890E-04   4.5849048E-01   4.8603135E-04
   6.0000000E-01   2.4410602E+06   2.1220659E+03   2.4425509E+06   1.1482550E-04   4.9712432E-01   3.1970343E-04
   6.5000000E-01   2.7400801E+06   1.6160348E+03   2.7410987E+06   1.7972777E-04   5.3555329E-01   1.3737082E-04
   7.0000000E-01   3.2405492E+06   1.4096581E+03   3.2407812E+06   2.0599303E-04   5.6123088E-01   3.8648167E-05
   7.5000000E-01   4.4022767E+06   1.0398123E+03   4.4008718E+06   2.5128661E-04   6.1212927E-01   1.0653815E-04
   8.0000000E-01   6.8215321E+06   7.6792260E+02   6.8162163E+06   2.1698990E-04   6.2741058E-01   1.4639874E-04
   8.5000000E-01   6.0608075E+05   4.6810277E+02   6.0649642E+05   4.5954174E-04   6.8397075E-01   9.8694388E-04
   9.0000000E-01   9.8746800E+03   3.6428798E+02   1.0238968E+04   6.1197557E-02   7.1380014E-01   8.4233670E-02
   9.5000000E-01   3.7191997E+03   2.6134917E+02   3.9805489E+03   1.1725595E-01   7.7016133E-01   1.6011906E-01
   1.0000000E+00   1.2072197E+03   1.0060164E+02   1.3078214E+03   1.3131823E-01   8.1070382E-01   1.8313827E-01
