   0.0000000E+00   1.8769690E+08   1.0123579E+08   2.8890111E+08   2.0098790E-05   2.2236035E-05   2.0636949E-05
   5.0000000E-02   6.4349972E+07   3.2170307E+07   9.6492268E+07   3.0472199E-05   1.8385784E-05   2.6420256E-05
   1.0000000E-01   2.8556535E+07   1.4215529E+07   4.2762291E+07   4.7431942E-05   4.4965387E-05   3.9224555E-05
   1.5000000E-01   1.6372524E+07   8.1631207E+06   2.4530063E+07   6.1810463E-05   9.7276647E-05   7.2393590E-05
   2.0000000E-01   1.0437731E+07   5.1963293E+06   1.5631132E+07   1.0401746E-04   6.9413009E-05   9.1462172E-05
   2.5000000E-01   7.0365838E+06   3.4942913E+06   1.0529335E+07   1.6972759E-04   2.1995003E-04   1.8544392E-04
   3.0000000E-01   4.8935476E+06   2.4453733E+06   7.3379872E+06   2.2630913E-04   1.2144029E-04   1.8929221E-04
   3.5000000E-01   3.4823738E+06   1.7328608E+06   5.2147344E+06   1.7948540E-04   1.7481884E-04   1.7272685E-04
   4.0000000E-01   2.5152688E+06   1.2593771E+06   3.7742640E+06   3.8531044E-04   3.9633625E-04   3.8653222E-04
   4.5000000E-01   1.8535609E+06   9.2250449E+05   2.7758744E+06   5.5395064E-04   3.0706409E-04   4.6868045E-04
   5.0000000E-01   1.3663006E+06   6.8425166E+05   2.0504059E+06   6.8110553E-04   6.9048731E-04   6.8312271E-04
   5.5000000E-01   1.0211150E+06   5.0968936E+05   1.5307407E+06   5.7709678E-04   7.7993553E-04   6.4286712E-04
   6.0000000E-01   7.6250603E+05   3.8176496E+05   1.1442445E+06   1.0300983E-03   6.9101715E-04   9.1318477E-04
   6.5000000E-01   5.7403515E+05   2.8586187E+05   8.5987743E+05   1.3729769E-03   6.5826606E-04   1.1287892E-03
   7.0000000E-01   4.3027312E+05   2.1486827E+05   6.4512319E+05   1.3788148E-03   1.1277557E-03   1.2896634E-03
   7.5000000E-01   3.2066114E+05   1.6034330E+05   4.8100019E+05   1.3107246E-03   2.0475185E-03   1.5355341E-03
   8.0000000E-01   2.3541801E+05   1.1807705E+05   3.5348313E+05   1.6674033E-03   1.4813059E-03   1.5613573E-03
   8.5000000E-01   1.6867428E+05   8.2835467E+04   2.5150226E+05   2.0301110E-03   2.8170330E-03   2.2890206E-03
   9.0000000E-01   1.1432984E+05   5.5700693E+04   1.7003053E+05   2.3242301E-03   3.0686945E-03   2.5630522E-03
   9.5000000E-01   6.7528605E+04   3.2946749E+04   1.0047535E+05   3.6724335E-03   4.0917750E-03   3.7792905E-03
   1.0000000E+00   2.9073875E+04   1.4675265E+04   4.3749140E+04   3.9906329E-03   2.3026048E-03   3.3616155E-03
