   0.0000000E+00   1.2375430E+08   6.2543564E+07   1.8626578E+08   3.6647632E-04   2.5164559E-04   3.2681023E-04
   5.0000000E-02   4.2112271E+07   2.1100635E+07   6.3192279E+07   9.1073466E-05   1.4338018E-04   7.8904544E-05
   1.0000000E-01   2.0249952E+07   1.0165608E+07   3.0407188E+07   1.1360139E-04   1.0950242E-04   1.1096588E-04
   1.5000000E-01   1.2667609E+07   6.3390989E+06   1.9000830E+07   1.5458648E-04   2.5587764E-04   1.7336291E-04
   2.0000000E-01   8.7791936E+06   4.4035626E+06   1.3178777E+07   6.6674695E-05   2.2351757E-04   7.5999357E-05
   2.5000000E-01   6.4610413E+06   3.2353653E+06   9.6939748E+06   1.5733259E-04   4.9282943E-05   9.9516072E-05
   3.0000000E-01   4.9201690E+06   2.4601428E+06   7.3782428E+06   8.1853697E-05   3.4417841E-05   5.6364832E-05
   3.5000000E-01   3.8370984E+06   1.9181808E+06   5.7540423E+06   7.2230287E-05   1.2269336E-04   2.6530044E-05
   4.0000000E-01   3.0494485E+06   1.5228661E+06   4.5713040E+06   1.1160352E-04   3.6954600E-04   1.8426064E-04
   4.5000000E-01   2.4426110E+06   1.2221543E+06   3.6640580E+06   2.2535844E-04   1.6203790E-04   1.3462367E-04
   5.0000000E-01   1.9820456E+06   9.9369980E+05   2.9753253E+06   3.9527749E-05   1.4271019E-04   2.8984188E-05
   5.5000000E-01   1.6157352E+06   8.0965881E+05   2.4250873E+06   1.6231323E-04   4.9398235E-04   2.3486712E-04
   6.0000000E-01   1.3166411E+06   6.5877414E+05   1.9751977E+06   5.2105605E-04   2.2808017E-04   3.9632926E-04
   6.5000000E-01   1.0766514E+06   5.3985846E+05   1.6163286E+06   1.6799836E-04   2.5038408E-04   1.9605278E-04
   7.0000000E-01   8.7587967E+05   4.3978149E+05   1.3155066E+06   3.6051932E-04   5.8821279E-04   1.1921880E-04
   7.5000000E-01   7.0986924E+05   3.5430861E+05   1.0640675E+06   5.8531803E-04   4.1584012E-04   5.0782790E-04
   8.0000000E-01   5.6564065E+05   2.8474411E+05   8.5029722E+05   4.6630397E-04   4.6099134E-05   3.2396376E-04
   8.5000000E-01   4.3960093E+05   2.2202302E+05   6.6156029E+05   1.2050774E-03   2.6504063E-04   8.9161561E-04
   9.0000000E-01   3.2632068E+05   1.6301357E+05   4.8931657E+05   1.0709415E-03   7.2166229E-04   8.5773954E-04
   9.5000000E-01   2.1021855E+05   1.0620158E+05   3.1641008E+05   9.8367937E-04   7.1852891E-04   6.6157149E-04
   1.0000000E+00   1.0302237E+05   5.1753258E+04   1.5476934E+05   3.2925234E-03   6.9994236E-04   2.4007574E-03
