   0.0000000E+00   6.2387210E+07   3.1285024E+07   9.3667650E+07   3.8493048E-03   4.2052008E-03   3.9608571E-03
   5.0000000E-02   2.2638645E+07   1.1342527E+07   3.3976907E+07   9.6777222E-04   1.3240966E-03   1.0888141E-03
   1.0000000E-01   1.2020750E+07   6.0384022E+06   1.8057242E+07   7.2017816E-04   1.0949332E-03   7.6102809E-04
   1.5000000E-01   8.3008003E+06   4.1598434E+06   1.2458840E+07   3.3615994E-04   6.1347937E-04   4.0801690E-04
   2.0000000E-01   6.3579694E+06   3.1953379E+06   9.5517953E+06   1.1863282E-04   4.2258839E-04   6.8018667E-05
   2.5000000E-01   5.1223700E+06   2.5683915E+06   7.6894883E+06   8.3316503E-05   2.7782940E-04   6.9475614E-05
   3.0000000E-01   4.2859365E+06   2.1425651E+06   6.4272920E+06   3.7506007E-04   3.1004869E-04   2.3278937E-04
   3.5000000E-01   3.6584083E+06   1.8321099E+06   5.4897906E+06   1.4853631E-04   1.1156540E-03   3.5543224E-04
   4.0000000E-01   3.1604511E+06   1.5862337E+06   4.7459447E+06   6.0821955E-04   6.6325050E-04   5.1412080E-04
   4.5000000E-01   2.7709866E+06   1.3895146E+06   4.1599778E+06   2.8886235E-04   5.4962799E-04   1.8863353E-04
   5.0000000E-01   2.4358855E+06   1.2257286E+06   3.6611939E+06   2.8874111E-04   8.0839558E-04   2.1007862E-04
   5.5000000E-01   2.1556582E+06   1.0786307E+06   3.2338143E+06   2.3343712E-04   5.0833806E-04   4.2111418E-05
   6.0000000E-01   1.9138647E+06   9.5955576E+05   2.8730120E+06   2.6804383E-04   2.1184893E-04   1.1233833E-04
   6.5000000E-01   1.6887466E+06   8.4853580E+05   2.5369788E+06   2.8675149E-04   5.9739277E-04   3.2861830E-04
   7.0000000E-01   1.4845746E+06   7.4395841E+05   2.2282738E+06   2.9958604E-04   7.6216902E-04   4.4590164E-04
   7.5000000E-01   1.2923509E+06   6.5253951E+05   1.9446570E+06   8.3034692E-04   3.7468498E-04   6.1270999E-04
   8.0000000E-01   1.1059438E+06   5.5567755E+05   1.6614423E+06   1.7329878E-04   4.3680760E-04   2.2818218E-04
   8.5000000E-01   9.2154457E+05   4.6541025E+05   1.3868125E+06   7.0882027E-04   3.2527013E-04   5.5298714E-04
   9.0000000E-01   7.2878817E+05   3.6442592E+05   1.0931646E+06   1.1672496E-03   5.1661279E-04   7.3504040E-04
   9.5000000E-01   5.0192108E+05   2.5043617E+05   7.5231034E+05   1.9311559E-03   1.0108449E-03   1.6159097E-03
   1.0000000E+00   2.5482396E+05   1.2883927E+05   3.8366323E+05   3.6826183E-03   1.6584119E-03   2.8757396E-03
