   0.0000000E+00   4.3827961E+07   2.0895898E+07   6.4722840E+07   1.4413600E-02   9.0126263E-04   1.0038814E-02
   5.0000000E-02   1.9460448E+07   9.7176825E+06   2.9173292E+07   2.3938990E-03   1.2926654E-03   1.9863912E-03
   1.0000000E-01   1.1216063E+07   5.6273050E+06   1.6839994E+07   7.7383126E-04   1.3545731E-03   9.6547320E-04
   1.5000000E-01   7.9519751E+06   4.0084340E+06   1.1957905E+07   2.0234228E-04   6.6587213E-04   9.2992007E-05
   2.0000000E-01   6.1775514E+06   3.0983489E+06   9.2738471E+06   4.2974528E-04   4.6244289E-04   4.2971886E-04
   2.5000000E-01   5.0493497E+06   2.5412461E+06   7.5888642E+06   1.0776671E-04   8.8917711E-04   2.2656991E-04
   3.0000000E-01   4.2574266E+06   2.1322094E+06   6.3880444E+06   1.7894445E-04   2.5145596E-04   1.7703541E-04
   3.5000000E-01   3.6653565E+06   1.8365571E+06   5.5006495E+06   4.4166092E-04   3.5836423E-04   4.1608781E-04
   4.0000000E-01   3.2006298E+06   1.6015364E+06   4.8010282E+06   8.2429250E-04   4.5306119E-04   6.1348862E-04
   4.5000000E-01   2.8075144E+06   1.4085566E+06   4.2152788E+06   1.3122599E-04   4.2787808E-04   1.4356968E-04
   5.0000000E-01   2.4951675E+06   1.2465906E+06   3.7410070E+06   9.1395251E-05   6.7723381E-04   1.9903655E-04
   5.5000000E-01   2.2152805E+06   1.1101491E+06   3.3248799E+06   3.4185941E-04   4.9909293E-04   3.3734949E-04
   6.0000000E-01   1.9712613E+06   9.8611342E+05   2.9567964E+06   6.2735926E-04   6.2357467E-04   6.1625719E-04
   6.5000000E-01   1.7476780E+06   8.7443154E+05   2.6215268E+06   5.0060876E-04   2.4556251E-04   3.5595367E-04
   7.0000000E-01   1.5429117E+06   7.7200606E+05   2.3144721E+06   6.8006004E-04   4.4341097E-04   5.8796469E-04
   7.5000000E-01   1.3478089E+06   6.7729553E+05   2.0247904E+06   7.1162950E-04   9.8903507E-04   7.1130872E-04
   8.0000000E-01   1.1591533E+06   5.8422199E+05   1.7431007E+06   1.3938909E-03   9.3867479E-04   1.2317018E-03
   8.5000000E-01   9.7903133E+05   4.9105479E+05   1.4698427E+06   1.1721728E-03   9.9568767E-04   1.0914441E-03
   9.0000000E-01   7.8156395E+05   3.9111089E+05   1.1725511E+06   2.0020546E-03   2.0790534E-03   1.9806287E-03
   9.5000000E-01   5.5653636E+05   2.7836702E+05   8.3482296E+05   2.7187547E-03   3.2358407E-03   2.8854204E-03
   1.0000000E+00   3.2095068E+05   1.5988116E+05   4.8083184E+05   5.9311491E-03   6.7813046E-03   6.2136217E-03
