   0.0000000E+00   7.4880287E+08   4.2251283E+08   1.1699238E+09   1.4639169E-03   1.4816378E-05   9.4116876E-04
   5.0000000E-02   1.3894965E+08   8.3677494E+07   2.2222926E+08   5.8966479E-04   8.1773002E-05   3.9468137E-04
   1.0000000E-01   3.1575004E+07   2.0630237E+07   5.2166152E+07   4.8386195E-04   2.8395899E-04   3.8460495E-04
   1.5000000E-01   9.4223122E+06   6.4121617E+06   1.5828214E+07   5.5932048E-04   8.4001424E-04   6.6513315E-04
   2.0000000E-01   3.2243359E+06   2.1543691E+06   5.3777819E+06   6.0071684E-04   2.0065390E-03   9.5293205E-04
   2.5000000E-01   1.3057581E+06   7.5359229E+05   2.0591849E+06   7.5641196E-04   4.8224428E-03   1.2929158E-03
   3.0000000E-01   6.7979320E+05   2.6838829E+05   9.4811783E+05   4.6603186E-04   1.1414171E-02   2.9160710E-03
   3.5000000E-01   4.7586419E+05   1.0238665E+05   5.7823264E+05   6.2758240E-04   2.5029841E-02   3.9889338E-03
   4.0000000E-01   3.9959827E+05   3.8977046E+04   4.3855145E+05   1.2708583E-03   5.2176174E-02   3.4891006E-03
   4.5000000E-01   3.8105938E+05   1.7316058E+04   3.9835421E+05   1.3748259E-03   9.3486528E-02   2.8366285E-03
   5.0000000E-01   3.8145620E+05   8.4097472E+03   3.8985958E+05   1.5044842E-03   1.6502112E-01   2.0844564E-03
   5.5000000E-01   3.8159568E+05   5.0408711E+03   3.8663076E+05   1.5529126E-03   2.5353310E-01   1.7852971E-03
   6.0000000E-01   3.9567510E+05   3.4377468E+03   3.9908632E+05   1.4131677E-03   3.2649633E-01   1.4119877E-03
   6.5000000E-01   4.1335722E+05   2.3408019E+03   4.1567843E+05   1.2744748E-03   3.7864816E-01   8.6734151E-04
   7.0000000E-01   4.2950917E+05   1.6643060E+03   4.3115529E+05   1.1323094E-03   4.2575777E-01   5.1262643E-04
   7.5000000E-01   4.6078115E+05   1.4345166E+03   4.6219444E+05   1.0216613E-03   4.5118973E-01   3.8251251E-04
   8.0000000E-01   4.9144659E+05   1.0146128E+03   4.9241744E+05   9.0635005E-04   5.1686727E-01   1.6570191E-04
   8.5000000E-01   5.2072876E+05   6.6657835E+02   5.2136912E+05   8.5348638E-04   5.3681254E-01   1.6611711E-04
   9.0000000E-01   5.1270173E+05   5.3405325E+02   5.1321103E+05   7.5735169E-04   5.8427506E-01   1.4906430E-04
   9.5000000E-01   3.9260006E+05   4.1882880E+02   3.9299879E+05   8.2140794E-04   6.2072999E-01   1.5907178E-04
   1.0000000E+00   1.6717478E+05   9.4314040E+01   1.6726909E+05   1.3973578E-03   6.2946478E-01   1.0417625E-03
