   0.0000000E+00   1.7388021E+08   1.1536365E+08   2.8903098E+08   6.9865832E-06   1.7090818E-05   7.5719403E-06
   5.0000000E-02   7.6244576E+07   3.8880216E+07   1.1487562E+08   5.2434739E-06   1.4588797E-05   7.4960464E-06
   1.0000000E-01   3.4683459E+07   1.7002395E+07   5.1600802E+07   2.6099863E-06   1.0561212E-05   3.5234417E-06
   1.5000000E-01   1.9195784E+07   9.3611542E+06   2.8509361E+07   1.0423301E-05   1.5244882E-05   1.0609989E-05
   2.0000000E-01   1.1560665E+07   5.6391302E+06   1.7177322E+07   1.0147928E-05   5.3708461E-05   2.4536080E-05
   2.5000000E-01   7.3125585E+06   3.5571894E+06   1.0858887E+07   1.8879480E-05   4.4172186E-05   2.3361482E-05
   3.0000000E-01   4.7440057E+06   2.3166487E+06   7.0554447E+06   5.6073006E-05   1.5118819E-05   3.9853232E-05
   3.5000000E-01   3.1384991E+06   1.5297064E+06   4.6654407E+06   4.3316598E-05   6.5425787E-05   5.0699305E-05
   4.0000000E-01   2.1027631E+06   1.0265494E+06   3.1277289E+06   7.1990985E-05   1.4910503E-04   9.3815388E-05
   4.5000000E-01   1.4194216E+06   6.9332137E+05   2.1119366E+06   1.4503009E-04   1.3556587E-05   1.0051971E-04
   5.0000000E-01   9.7222025E+05   4.7386793E+05   1.4457571E+06   2.6600504E-04   1.4933246E-04   2.2483463E-04
   5.5000000E-01   6.6389604E+05   3.2242476E+05   9.8614139E+05   2.3018480E-04   2.3417028E-04   2.2880439E-04
   6.0000000E-01   4.5828666E+05   2.2280631E+05   6.8096564E+05   3.9696921E-04   3.9484369E-04   3.9308808E-04
   6.5000000E-01   3.1501415E+05   1.5352820E+05   4.6848849E+05   3.0795254E-04   7.2463474E-04   2.7360938E-04
   7.0000000E-01   2.1941100E+05   1.0622910E+05   3.2560373E+05   4.6462594E-04   5.0989210E-04   4.7931404E-04
   7.5000000E-01   1.5129057E+05   7.3448945E+04   2.2471405E+05   8.2960641E-04   9.9024936E-04   8.5329381E-04
   8.0000000E-01   1.0227695E+05   4.9381800E+04   1.5165079E+05   1.6346668E-03   3.5529023E-04   1.0794588E-03
   8.5000000E-01   6.8533991E+04   3.3591055E+04   1.0212505E+05   1.2216234E-03   2.0476527E-03   1.2308959E-03
   9.0000000E-01   4.3852492E+04   2.1305542E+04   6.5158034E+04   2.0976636E-03   2.3626393E-03   2.0475894E-03
   9.5000000E-01   2.4808067E+04   1.1663544E+04   3.6471612E+04   2.6840206E-03   3.5392678E-03   2.9238796E-03
   1.0000000E+00   1.1531463E+04   6.0423862E+03   1.7573850E+04   4.3164142E-03   6.7054276E-03   5.1322798E-03
