   0.0000000E+00   2.3508331E+08   2.4200922E+08   4.7657611E+08   7.9336909E-06   9.8044837E-06   5.7544774E-06
   5.0000000E-02   1.1985157E+08   6.4037647E+07   1.8329684E+08   1.1582039E-05   1.3135046E-05   1.1752749E-05
   1.0000000E-01   4.9788823E+07   2.1967647E+07   7.1601581E+07   1.1980485E-05   2.7568047E-05   1.6720260E-05
   1.5000000E-01   2.2407934E+07   9.6019026E+06   3.1956169E+07   3.4620213E-05   5.4266178E-05   4.0393250E-05
   2.0000000E-01   1.0680761E+07   4.5245681E+06   1.5189000E+07   7.4692850E-05   1.0527878E-04   8.4197553E-05
   2.5000000E-01   5.2603255E+06   2.2199568E+06   7.4758769E+06   1.3105011E-04   1.3616741E-04   1.3176861E-04
   3.0000000E-01   2.6474894E+06   1.1138193E+06   3.7598445E+06   1.7956066E-04   2.8024285E-04   2.0937772E-04
   3.5000000E-01   1.3427948E+06   5.6758291E+05   1.9099685E+06   4.4022521E-04   4.2195655E-04   4.3488547E-04
   4.0000000E-01   6.9010379E+05   2.8928798E+05   9.7923262E+05   5.9352730E-04   9.8983992E-04   7.0858948E-04
   4.5000000E-01   3.5939308E+05   1.5010787E+05   5.0947973E+05   1.1673520E-03   1.2646974E-03   1.1943956E-03
   5.0000000E-01   1.8585478E+05   7.7470260E+04   2.6329957E+05   1.5272135E-03   2.4865209E-03   1.8076458E-03
   5.5000000E-01   9.7952633E+04   4.1351348E+04   1.3930398E+05   3.1662961E-03   3.4641065E-03   3.2427206E-03
   6.0000000E-01   5.1290333E+04   2.1337373E+04   7.2627706E+04   4.6462079E-03   5.5087446E-03   4.8994459E-03
   6.5000000E-01   2.7624401E+04   1.2066393E+04   3.9690794E+04   8.1117588E-03   8.3511873E-03   8.1816078E-03
   7.0000000E-01   1.4360323E+04   5.9296585E+03   2.0289982E+04   1.0512811E-02   1.3557443E-02   1.1402546E-02
   7.5000000E-01   7.5969960E+03   3.1746106E+03   1.0771607E+04   1.7921593E-02   2.4788284E-02   1.9926248E-02
   8.0000000E-01   4.2215849E+03   1.8064086E+03   6.0279935E+03   3.2752566E-02   4.3682156E-02   3.6020235E-02
   8.5000000E-01   2.2843415E+03   8.8377804E+02   3.1681196E+03   5.1516820E-02   5.4846176E-02   5.2444628E-02
   9.0000000E-01   1.0292020E+03   4.9868549E+02   1.5278875E+03   8.2996694E-02   1.0742056E-01   9.0847597E-02
   9.5000000E-01   5.3275023E+02   2.5464791E+02   7.8739814E+02   1.2332491E-01   1.1467227E-01   1.2052560E-01
   1.0000000E+00   1.8862808E+02   1.5090246E+02   3.3953055E+02   8.5964941E-02   8.9239013E-02   8.7417504E-02
