   0.0000000E+00   6.5830559E+07   3.3526434E+07   9.9347826E+07   3.5615499E-03   2.1384312E-03   3.0828337E-03
   5.0000000E-02   2.5146736E+07   1.2553187E+07   3.7690182E+07   5.9214058E-04   5.5462932E-04   5.4800408E-04
   1.0000000E-01   1.3357843E+07   6.6738124E+06   2.0027262E+07   2.6389271E-04   3.3248873E-04   2.8701691E-04
   1.5000000E-01   9.0720227E+06   4.5528287E+06   1.3620416E+07   2.5860528E-04   1.6368301E-04   1.6789612E-04
   2.0000000E-01   6.8406704E+06   3.4159585E+06   1.0253669E+07   1.5838981E-04   4.6425636E-04   1.7951080E-04
   2.5000000E-01   5.4232620E+06   2.7194614E+06   8.1402915E+06   1.9199477E-04   1.9644161E-04   6.1999780E-05
   3.0000000E-01   4.4593199E+06   2.2296122E+06   6.6868313E+06   7.2945908E-05   1.4018790E-04   7.5472503E-05
   3.5000000E-01   3.7322744E+06   1.8751726E+06   5.6056463E+06   1.3703227E-04   2.9494584E-04   1.8999530E-04
   4.0000000E-01   3.1948604E+06   1.6009873E+06   4.7945108E+06   2.2499947E-04   4.6587518E-05   1.6288867E-04
   4.5000000E-01   2.7461867E+06   1.3813376E+06   4.1263642E+06   4.1399243E-04   5.0165947E-04   3.2246701E-04
   5.0000000E-01   2.3951482E+06   1.1981566E+06   3.5924454E+06   8.9562890E-05   5.4347303E-05   5.9624451E-05
   5.5000000E-01   2.0814283E+06   1.0476504E+06   3.1285000E+06   9.5496300E-05   9.9017239E-04   3.5580575E-04
   6.0000000E-01   1.8173479E+06   9.1079599E+05   2.7275815E+06   4.4466513E-04   3.9440279E-04   3.4037681E-04
   6.5000000E-01   1.5816035E+06   7.9293931E+05   2.3740188E+06   4.6539431E-04   3.8903874E-04   3.8141993E-04
   7.0000000E-01   1.3761537E+06   6.8887261E+05   2.0646352E+06   1.6841090E-04   5.3568421E-04   2.5906333E-04
   7.5000000E-01   1.1822836E+06   5.9189087E+05   1.7738052E+06   7.3935066E-04   7.9334945E-04   7.2436633E-04
   8.0000000E-01   9.9955273E+05   5.0157680E+05   1.5008948E+06   6.4274428E-04   1.3820959E-03   8.7798900E-04
   8.5000000E-01   8.2811874E+05   4.1400133E+05   1.2419216E+06   1.5851383E-03   8.9374231E-04   1.3127335E-03
   9.0000000E-01   6.5109580E+05   3.2333918E+05   9.7433595E+05   2.0261483E-03   1.1938233E-03   1.7486056E-03
   9.5000000E-01   4.4957083E+05   2.2521597E+05   6.7469969E+05   1.7703308E-03   2.8477163E-03   2.1330133E-03
   1.0000000E+00   2.4009211E+05   1.2045160E+05   3.6053743E+05   4.8206900E-03   6.6798100E-03   5.4446442E-03
