   0.0000000E+00   2.8377902E+09   1.5109666E+09   4.1896222E+09   6.0755881E-04   1.6441116E-04   4.5693409E-04
   5.0000000E-02   4.4972094E+06   1.5353996E+06   6.0308901E+06   1.5807877E-01   6.7355286E-02   1.3495875E-01
   1.0000000E-01   2.1792768E+06   7.5092485E+05   2.9290239E+06   1.6338490E-01   7.1313184E-02   1.3977702E-01
   1.5000000E-01   1.4025158E+06   4.8707779E+05   1.8885326E+06   1.6765978E-01   7.2300666E-02   1.4310581E-01
   2.0000000E-01   1.0236846E+06   3.4856524E+05   1.3717087E+06   1.7507157E-01   7.5846855E-02   1.4987898E-01
   2.5000000E-01   7.7834407E+05   2.7345366E+05   1.0513903E+06   1.7987478E-01   7.8785337E-02   1.5357754E-01
   3.0000000E-01   6.2600944E+05   2.1952772E+05   8.4530373E+05   1.8670750E-01   8.1065769E-02   1.5929494E-01
   3.5000000E-01   5.1031441E+05   1.7978142E+05   6.8983209E+05   1.9352773E-01   8.3031564E-02   1.6476378E-01
   4.0000000E-01   4.2266778E+05   1.4971705E+05   5.7218589E+05   2.0160380E-01   8.6653609E-02   1.7156381E-01
   4.5000000E-01   3.5982457E+05   1.2571118E+05   4.8543672E+05   2.0995418E-01   9.0101517E-02   1.7893565E-01
   5.0000000E-01   3.0243259E+05   1.0830812E+05   4.1065158E+05   2.1865763E-01   9.2654870E-02   1.8544868E-01
   5.5000000E-01   2.5889011E+05   9.3340034E+04   3.5212018E+05   2.2778905E-01   9.8395644E-02   1.9351088E-01
   6.0000000E-01   2.2053570E+05   8.0214091E+04   3.0066491E+05   2.3908066E-01   1.0004590E-01   2.0201355E-01
   6.5000000E-01   1.8781752E+05   6.8338684E+04   2.5610234E+05   2.4787019E-01   1.0602393E-01   2.1003893E-01
   7.0000000E-01   1.6013716E+05   5.9332963E+04   2.1940646E+05   2.6066647E-01   1.0819061E-01   2.1945357E-01
   7.5000000E-01   1.3444136E+05   4.9966164E+04   1.8439480E+05   2.7290942E-01   1.1330107E-01   2.2966861E-01
   8.0000000E-01   1.1106628E+05   4.2307363E+04   1.5334181E+05   2.8546024E-01   1.2342529E-01   2.4077459E-01
   8.5000000E-01   9.0744531E+04   3.3362621E+04   1.2408843E+05   2.9668540E-01   1.2421395E-01   2.5031336E-01
   9.0000000E-01   6.8542729E+04   2.6239345E+04   9.4778537E+04   3.1176013E-01   1.3191294E-01   2.6195080E-01
   9.5000000E-01   4.5317276E+04   1.6649282E+04   6.1963208E+04   3.2627182E-01   1.3555357E-01   2.7502177E-01
   1.0000000E+00   2.0032302E+04   7.4319464E+03   2.7464249E+04   3.4391317E-01   1.3806801E-01   2.8821055E-01
