   0.0000000E+00   3.2406773E+09   1.6620334E+09   4.7010632E+09   2.8164420E-05   2.7729571E-11   1.8763855E-05
   5.0000000E-02   1.6762199E+05   4.1698595E+04   2.0932058E+05   2.0322898E-01   7.0807899E-06   1.6274247E-01
   1.0000000E-01   6.8277471E+04   1.6615776E+04   8.4893247E+04   2.3251757E-01   3.1342657E-05   1.8700181E-01
   1.5000000E-01   3.5332397E+04   7.7879819E+03   4.3120379E+04   2.5738274E-01   1.0684009E-05   2.1089871E-01
   2.0000000E-01   2.0435495E+04   4.5677469E+03   2.5003242E+04   2.6833490E-01   5.9784198E-06   2.1931273E-01
   2.5000000E-01   1.2057578E+04   2.9411833E+03   1.4998762E+04   2.8180896E-01   2.5082683E-05   2.2655253E-01
   3.0000000E-01   7.3317377E+03   1.7613147E+03   9.0930524E+03   2.7456057E-01   9.9742261E-06   2.2138041E-01
   3.5000000E-01   4.8292157E+03   1.0822536E+03   5.9114693E+03   2.5100213E-01   4.1271184E-04   2.0497387E-01
   4.0000000E-01   3.2945073E+03   6.6049301E+02   3.9550003E+03   2.3736117E-01   1.4092393E-06   1.9772162E-01
   4.5000000E-01   2.3767138E+03   2.9708923E+02   2.6738030E+03   1.9361124E-01   4.0520373E-06   1.7209933E-01
   5.0000000E-01   1.9607889E+03   1.7825354E+02   2.1390424E+03   1.0829727E-01   9.4405384E-06   9.9271714E-02
   5.5000000E-01   1.5510373E+03   8.6811787E+01   1.6378491E+03   7.2848028E-02   2.6495154E-05   6.8985421E-02
   6.0000000E-01   1.5862443E+03   2.6525824E+01   1.6127701E+03   3.6345880E-02   1.0161994E-04   3.5749757E-02
   6.5000000E-01   1.6013436E+03   1.4691226E+01   1.6160348E+03   2.2874679E-02   9.8462617E-06   2.2666638E-02
   7.0000000E-01   1.5142456E+03   4.5472841E+00   1.5187929E+03   2.1638565E-02   7.7918406E-06   2.1573756E-02
   7.5000000E-01   1.4514931E+03   1.2732395E+01   1.4642255E+03   4.7274638E-03   1.4179416E-05   4.6862322E-03
   8.0000000E-01   1.5119720E+03   0.0000000E+00   1.5119720E+03   9.5439159E-06   0.0000000E+00   9.5439159E-06
   8.5000000E-01   1.2957085E+03   0.0000000E+00   1.2957085E+03   3.2062708E-04   0.0000000E+00   3.2062708E-04
   9.0000000E-01   1.1954305E+03   0.0000000E+00   1.1954305E+03   1.1072311E-03   0.0000000E+00   1.1072311E-03
   9.5000000E-01   9.3482588E+02   0.0000000E+00   9.3482588E+02   1.5304892E-03   0.0000000E+00   1.5304892E-03
   1.0000000E+00   3.9611897E+02   0.0000000E+00   3.9611897E+02   4.6318589E-06   0.0000000E+00   4.6318589E-06
