   0.0000000E+00   8.8745815E+07   4.5870746E+07   1.3459670E+08   1.5835506E-03   1.0448793E-03   1.4034921E-03
   5.0000000E-02   3.2802216E+07   1.6454711E+07   4.9238083E+07   3.3800797E-04   5.1538168E-04   3.9249499E-04
   1.0000000E-01   1.6738548E+07   8.3755607E+06   2.5105578E+07   1.2082072E-04   3.0011743E-04   1.7778460E-04
   1.5000000E-01   1.0884479E+07   5.4515024E+06   1.6328639E+07   6.4568456E-05   5.2467003E-05   4.2469497E-05
   2.0000000E-01   7.8700209E+06   3.9529154E+06   1.1817907E+07   1.6943693E-04   2.2922510E-04   5.2327441E-05
   2.5000000E-01   6.0138541E+06   3.0128285E+06   9.0231813E+06   4.0887071E-05   4.2701799E-04   1.1338101E-04
   3.0000000E-01   4.7677410E+06   2.3853612E+06   7.1502162E+06   1.4477874E-04   1.2054576E-04   8.4480531E-05
   3.5000000E-01   3.8500945E+06   1.9268025E+06   5.7747052E+06   5.1188826E-05   4.9952255E-04   1.8356007E-04
   4.0000000E-01   3.1666502E+06   1.5891939E+06   4.7543401E+06   2.2364737E-04   1.1764058E-04   1.1904032E-04
   4.5000000E-01   2.6362496E+06   1.3186730E+06   3.9535149E+06   2.1285706E-04   9.2666943E-05   1.1199480E-04
   5.0000000E-01   2.2142782E+06   1.1068144E+06   3.3203795E+06   4.5374181E-04   2.3952916E-04   3.5223020E-04
   5.5000000E-01   1.8624022E+06   9.3519445E+05   2.7968327E+06   3.1691638E-04   2.8551318E-04   1.1965315E-04
   6.0000000E-01   1.5733739E+06   7.8841115E+05   2.3610795E+06   2.3010966E-04   4.4520412E-04   3.0138470E-04
   6.5000000E-01   1.3353296E+06   6.6623239E+05   2.0011065E+06   3.3306215E-04   3.3728399E-04   3.2193163E-04
   7.0000000E-01   1.1251163E+06   5.5936142E+05   1.6840139E+06   8.3823883E-04   4.6262835E-04   6.9425826E-04
   7.5000000E-01   9.3286442E+05   4.6718979E+05   1.3997529E+06   7.9956568E-04   1.0377922E-03   8.7152895E-04
   8.0000000E-01   7.6927144E+05   3.8551704E+05   1.1546094E+06   6.4931173E-04   1.7397226E-03   1.0146835E-03
   8.5000000E-01   6.1926252E+05   3.1110110E+05   9.3017264E+05   1.5405270E-03   4.9237984E-04   1.1313014E-03
   9.0000000E-01   4.7264067E+05   2.3576506E+05   7.0833145E+05   2.1686845E-03   1.9701375E-03   2.0766972E-03
   9.5000000E-01   3.1960658E+05   1.5959388E+05   4.7916360E+05   2.5406739E-03   2.3952242E-03   2.4777205E-03
   1.0000000E+00   1.7004821E+05   8.4247588E+04   2.5428952E+05   5.1026326E-03   5.6832398E-03   5.0363229E-03
