   0.0000000E+00   1.0467557E+07   1.3486973E+09   1.3542721E+09   4.1319610E-02   4.1174936E-06   3.1845261E-04
   5.0000000E-02   1.7029579E+06   4.0782754E+07   4.2439939E+07   6.3059173E-03   4.6683404E-05   2.9810008E-04
   1.0000000E-01   1.4081074E+06   3.1780059E+05   1.7256852E+06   2.2416585E-05   1.7598233E-03   3.4084321E-04
   1.5000000E-01   1.4242245E+06   3.2892022E+03   1.4273015E+06   9.8248244E-06   6.1033258E-02   1.4986756E-04
   2.0000000E-01   1.4312008E+06   5.8887329E+02   1.4314714E+06   6.7483520E-06   2.1696307E-01   9.0057430E-05
   2.5000000E-01   1.4656133E+06   3.4377468E+02   1.4655114E+06   3.1552457E-06   2.7206465E-01   6.3480091E-05
   3.0000000E-01   1.4991547E+06   1.5915494E+02   1.4987303E+06   5.5431861E-06   3.3261927E-01   3.4012928E-05
   3.5000000E-01   1.5294972E+06   1.0004025E+02   1.5287787E+06   5.3045482E-06   4.0254616E-01   2.8300768E-05
   4.0000000E-01   1.5765172E+06   7.1619724E+01   1.5756737E+06   5.1927286E-06   4.7584554E-01   1.8127711E-05
   4.5000000E-01   1.6437876E+06   5.6588424E+01   1.6428044E+06   9.0297744E-06   4.3431592E-01   2.3270139E-05
   5.0000000E-01   1.7104127E+06   2.5464791E+01   1.7091458E+06   6.9493969E-06   4.6155705E-01   7.3038739E-06
   5.5000000E-01   1.8166987E+06   4.6299620E+01   1.8150261E+06   6.5128329E-06   5.0959194E-01   6.5103763E-06
   6.0000000E-01   1.9388839E+06   3.1830989E+01   1.9369157E+06   5.0390839E-06   5.3599078E-01   1.1134293E-05
   6.5000000E-01   2.1217998E+06   2.9382451E+01   2.1198410E+06   2.2710020E-06   5.3444759E-01   5.1885286E-06
   7.0000000E-01   2.3915713E+06   1.8189136E+01   2.3882472E+06   2.4044047E-06   5.0381601E-01   2.4683311E-06
   7.5000000E-01   2.8452150E+06   1.6976527E+01   2.8398589E+06   3.9499944E-06   6.9137011E-01   1.9693774E-06
   8.0000000E-01   3.9251468E+06   0.0000000E+00   3.9141453E+06   1.4848683E-06   0.0000000E+00   1.4825475E-06
   8.5000000E-01   5.5005821E+06   3.7448222E+00   5.4781880E+06   4.7157567E-06   4.9194581E-01   4.4486328E-06
   9.0000000E-01   1.7814425E+06   0.0000000E+00   1.7795008E+06   2.8106709E-06   0.0000000E+00   2.8051766E-06
   9.5000000E-01   5.3120894E+04   0.0000000E+00   5.3120894E+04   1.1621284E-04   0.0000000E+00   1.1621284E-04
   1.0000000E+00   1.0877553E+03   6.2876027E+00   1.0940429E+03   4.0101246E-03   8.1712547E-01   5.8546987E-03
