   0.0000000E+00   2.5124072E+07   1.5992347E+08   1.8493855E+08   2.9301732E-02   5.4080171E-05   4.0222489E-03
   5.0000000E-02   1.2603353E+07   1.5593938E+07   2.8170680E+07   2.0281846E-02   2.5096255E-04   9.2076155E-03
   1.0000000E-01   9.5303253E+06   7.8765781E+06   1.7386372E+07   1.1232166E-02   4.3477651E-04   6.3468587E-03
   1.5000000E-01   7.8236963E+06   5.1669758E+06   1.2971764E+07   8.1127696E-03   3.0682571E-04   4.9996381E-03
   2.0000000E-01   6.5749613E+06   3.7185279E+06   1.0278767E+07   6.6160730E-03   6.8535055E-04   4.4696686E-03
   2.5000000E-01   5.6141079E+06   2.8420362E+06   8.4427623E+06   6.0330967E-03   8.1420244E-04   4.2778740E-03
   3.0000000E-01   4.8302889E+06   2.2421218E+06   7.0618321E+06   5.4081364E-03   1.0886559E-03   4.0402416E-03
   3.5000000E-01   4.1759074E+06   1.8078274E+06   5.9753405E+06   5.5447422E-03   9.6397569E-04   4.1611774E-03
   4.0000000E-01   3.6118702E+06   1.4793770E+06   5.0849049E+06   5.7986527E-03   1.7833659E-03   4.6272116E-03
   4.5000000E-01   3.1344328E+06   1.2273322E+06   4.3556676E+06   6.2328215E-03   1.9413101E-03   5.0245334E-03
   5.0000000E-01   2.7201426E+06   1.0187253E+06   3.7347490E+06   6.7838719E-03   2.6742886E-03   5.6616632E-03
   5.5000000E-01   2.3481836E+06   8.5587162E+05   3.2001082E+06   7.6615120E-03   2.7830522E-03   6.3570290E-03
   6.0000000E-01   2.0332999E+06   7.2022917E+05   2.7503566E+06   8.6334609E-03   3.6754699E-03   7.3415161E-03
   6.5000000E-01   1.7445634E+06   6.0383385E+05   2.3459390E+06   9.5407043E-03   4.1104314E-03   8.1478540E-03
   7.0000000E-01   1.4900722E+06   5.0261586E+05   1.9907600E+06   1.1120786E-02   5.0332617E-03   9.5971872E-03
   7.5000000E-01   1.2583554E+06   4.2141258E+05   1.6783547E+06   1.2596232E-02   5.8358323E-03   1.0896123E-02
   8.0000000E-01   1.0579546E+06   3.4865278E+05   1.4055689E+06   1.4578270E-02   8.2160738E-03   1.3002210E-02
   8.5000000E-01   8.6335752E+05   2.7938620E+05   1.1419798E+06   1.7099368E-02   9.3931141E-03   1.5213256E-02
   9.0000000E-01   6.8523984E+05   2.1862230E+05   9.0339529E+05   2.1367665E-02   1.2618897E-02   1.9261990E-02
   9.5000000E-01   4.9193620E+05   1.5519115E+05   6.4684925E+05   2.8627390E-02   1.6988975E-02   2.5832943E-02
   1.0000000E+00   2.7462362E+05   8.6177882E+04   3.6075749E+05   4.0407561E-02   2.5634769E-02   3.6873595E-02
