   0.0000000E+00   5.8919924E+07   2.9527444E+07   8.8441765E+07   5.1477958E-03   3.4592604E-03   4.5683941E-03
   5.0000000E-02   2.2152458E+07   1.1066807E+07   3.3215191E+07   7.6357765E-04   3.0572850E-04   5.2399640E-04
   1.0000000E-01   1.1919496E+07   5.9671326E+06   1.7883859E+07   4.2715396E-04   5.4799631E-04   1.5585280E-04
   1.5000000E-01   8.2753568E+06   4.1244473E+06   1.2397852E+07   2.9088822E-04   5.5424236E-04   5.6336444E-05
   2.0000000E-01   6.3225734E+06   3.1738201E+06   9.4949611E+06   7.5630627E-04   3.5034755E-04   4.4172750E-04
   2.5000000E-01   5.1140048E+06   2.5645082E+06   7.6773034E+06   5.6576494E-04   2.7853706E-04   4.0406779E-04
   3.0000000E-01   4.2740317E+06   2.1403687E+06   6.4132651E+06   2.4369039E-04   4.6884291E-04   1.0939569E-04
   3.5000000E-01   3.6529243E+06   1.8342198E+06   5.4862983E+06   6.8727667E-04   8.0450510E-04   5.4328987E-04
   4.0000000E-01   3.1687590E+06   1.5904274E+06   4.7584145E+06   2.8653545E-04   1.2199981E-04   1.5228807E-04
   4.5000000E-01   2.7840231E+06   1.3896914E+06   4.1730780E+06   4.5407512E-04   1.6861476E-04   3.5447827E-04
   5.0000000E-01   2.4471600E+06   1.2303441E+06   3.6769948E+06   3.8995535E-04   4.1571572E-04   3.6921597E-04
   5.5000000E-01   2.1727080E+06   1.0875144E+06   3.2597016E+06   2.1010806E-04   2.3837894E-04   2.0557934E-04
   6.0000000E-01   1.9224432E+06   9.6192717E+05   2.8838398E+06   3.4949635E-04   1.5357548E-04   1.8502780E-04
   6.5000000E-01   1.6930805E+06   8.5080805E+05   2.5435702E+06   3.9469673E-04   1.0509321E-04   2.4247909E-04
   7.0000000E-01   1.4942603E+06   7.5083391E+05   2.2448395E+06   3.1825678E-04   4.6758522E-04   5.3818457E-05
   7.5000000E-01   1.3029739E+06   6.5481012E+05   1.9575336E+06   7.7965948E-04   8.2815134E-04   6.6300420E-04
   8.0000000E-01   1.1167425E+06   5.5909938E+05   1.6756350E+06   9.2365039E-04   7.5811602E-04   8.6796184E-04
   8.5000000E-01   9.3290636E+05   4.6609555E+05   1.3988821E+06   9.0625458E-04   1.2288807E-03   9.9429509E-04
   9.0000000E-01   7.3540194E+05   3.6622967E+05   1.1015715E+06   9.6032388E-04   9.0811455E-04   7.6511942E-04
   9.5000000E-01   5.1121908E+05   2.5477188E+05   7.6593065E+05   1.8780958E-03   2.0515201E-03   1.9389256E-03
   1.0000000E+00   2.6609763E+05   1.3471818E+05   4.0082210E+05   4.1978664E-03   1.4687181E-03   3.1318098E-03
