   0.0000000E+00   7.6549708E+07   4.6336243E+07   1.2286049E+08   7.5280839E-04   1.1994803E-04   5.0761568E-04
   5.0000000E-02   3.4683109E+07   1.7683260E+07   5.2337721E+07   2.0242480E-04   7.0434036E-05   1.1021944E-04
   1.0000000E-01   1.8160693E+07   9.0835137E+06   2.7229978E+07   1.1213228E-04   8.2158571E-05   5.6019338E-05
   1.5000000E-01   1.1804119E+07   5.8659843E+06   1.7658623E+07   1.2816378E-04   1.4159943E-04   1.2029287E-04
   2.0000000E-01   8.4329202E+06   4.1877326E+06   1.2613857E+07   1.2405198E-04   2.2580944E-04   3.6927854E-05
   2.5000000E-01   6.3394597E+06   3.1574558E+06   9.4922045E+06   6.2092444E-05   1.1664902E-04   4.3644792E-05
   3.0000000E-01   4.9325724E+06   2.4541162E+06   7.3830387E+06   1.3490099E-04   1.3186037E-04   1.2567063E-04
   3.5000000E-01   3.9330370E+06   1.9517307E+06   5.8819120E+06   1.2274374E-04   2.2248018E-04   5.6858757E-05
   4.0000000E-01   3.1782606E+06   1.5796049E+06   4.7557566E+06   2.2785976E-04   1.8008317E-04   2.0453335E-04
   4.5000000E-01   2.6025370E+06   1.2956981E+06   3.8969689E+06   3.1748904E-04   9.7390245E-05   1.7945969E-04
   5.0000000E-01   2.1458543E+06   1.0690247E+06   3.2140513E+06   1.7283791E-04   2.3732026E-04   1.2409059E-04
   5.5000000E-01   1.7830910E+06   8.8596637E+05   2.6681140E+06   1.4561824E-04   3.9563347E-04   2.0670351E-04
   6.0000000E-01   1.4872128E+06   7.4193260E+05   2.2282382E+06   1.4097123E-04   3.5300390E-04   4.1162736E-05
   6.5000000E-01   1.2351697E+06   6.1360352E+05   1.8482982E+06   1.2016155E-04   5.3546935E-04   2.4922749E-04
   7.0000000E-01   1.0261947E+06   5.1040990E+05   1.5362726E+06   8.4042449E-04   8.1267801E-04   8.2338647E-04
   7.5000000E-01   8.4651756E+05   4.1669311E+05   1.2629178E+06   6.1145335E-04   6.7340383E-04   6.3596304E-04
   8.0000000E-01   6.8624826E+05   3.4054781E+05   1.0265733E+06   9.0000705E-04   9.2747871E-04   9.0681040E-04
   8.5000000E-01   5.4381184E+05   2.7224108E+05   8.1598178E+05   1.1491003E-03   9.2496569E-04   1.0732094E-03
   9.0000000E-01   4.1451728E+05   2.0492083E+05   6.1936384E+05   2.3214918E-03   1.4447654E-03   1.9901756E-03
   9.5000000E-01   2.8066555E+05   1.3981175E+05   4.2043375E+05   2.9475694E-03   3.6419663E-03   3.0606023E-03
   1.0000000E+00   1.5485108E+05   7.5690161E+04   2.3052867E+05   6.2734291E-03   5.5520727E-03   6.0429662E-03
