   0.0000000E+00   6.7867742E+07   3.5231557E+07   1.0309726E+08   9.4253573E-04   1.0626819E-03   8.7724037E-04
   5.0000000E-02   2.5685634E+07   1.2888749E+07   3.8572474E+07   1.6843637E-04   3.1623609E-04   6.7402876E-05
   1.0000000E-01   1.3383848E+07   6.6936431E+06   2.0076441E+07   1.6643591E-04   2.2008570E-04   1.5089076E-04
   1.5000000E-01   9.0327433E+06   4.5254117E+06   1.3557412E+07   4.4968936E-04   5.3330503E-04   3.1885894E-04
   2.0000000E-01   6.7785204E+06   3.3878517E+06   1.0165736E+07   2.5543383E-04   4.3956827E-05   1.6694587E-04
   2.5000000E-01   5.3763558E+06   2.6980710E+06   8.0739175E+06   3.4227867E-04   4.2875739E-04   3.2280079E-04
   3.0000000E-01   4.4208681E+06   2.2179621E+06   6.6384376E+06   4.4940946E-04   4.3898329E-04   3.0335254E-04
   3.5000000E-01   3.7189235E+06   1.8653414E+06   5.5839375E+06   4.6468493E-04   2.2990162E-04   3.0626443E-04
   4.0000000E-01   3.1748228E+06   1.5890268E+06   4.7635154E+06   3.0968045E-04   3.7356304E-04   3.2682013E-04
   4.5000000E-01   2.7443334E+06   1.3791377E+06   4.1232236E+06   2.1931153E-04   1.1705417E-04   1.1022940E-04
   5.0000000E-01   2.3877507E+06   1.1963040E+06   3.5839465E+06   1.1461179E-04   3.1349341E-04   1.3393640E-04
   5.5000000E-01   2.0820939E+06   1.0422334E+06   3.1242057E+06   7.5608648E-05   6.5004630E-04   2.4323662E-04
   6.0000000E-01   1.8276664E+06   9.1061031E+05   2.7381229E+06   4.0407800E-04   4.1537796E-04   3.5048893E-04
   6.5000000E-01   1.5936699E+06   7.9697450E+05   2.3905170E+06   6.0954881E-04   7.8206996E-04   6.4482519E-04
   7.0000000E-01   1.3882767E+06   6.9046871E+05   2.0786681E+06   4.2852775E-04   4.7306394E-04   2.0624581E-04
   7.5000000E-01   1.1929321E+06   5.9833770E+05   1.7912061E+06   6.8419361E-04   1.2085851E-04   4.1809771E-04
   8.0000000E-01   1.0080874E+06   5.0710346E+05   1.5151272E+06   3.2618200E-04   7.8749714E-04   1.5568253E-04
   8.5000000E-01   8.3393071E+05   4.1677250E+05   1.2506695E+06   1.0063170E-03   1.2441215E-03   9.6634532E-04
   9.0000000E-01   6.4855639E+05   3.2573358E+05   9.7425461E+05   5.9079263E-04   1.1562949E-03   6.8593739E-04
   9.5000000E-01   4.3772300E+05   2.1953330E+05   6.5723955E+05   9.8535549E-04   1.1538957E-03   8.1099434E-04
   1.0000000E+00   2.1432551E+05   1.0677607E+05   3.2110158E+05   1.4226185E-03   2.4622811E-03   1.5816232E-03
