   0.0000000E+00   5.2748786E+07   4.3611001E+07   9.6326174E+07   6.9399533E-03   8.9553906E-04   4.1953248E-03
   5.0000000E-02   2.7922143E+07   1.6740936E+07   4.4611258E+07   3.4075965E-03   8.9124714E-04   2.4609109E-03
   1.0000000E-01   1.6795239E+07   8.8124729E+06   2.5578778E+07   1.6206567E-03   7.0062149E-04   1.3010878E-03
   1.5000000E-01   1.1530266E+07   5.8216332E+06   1.7327517E+07   9.3447694E-04   7.4211342E-04   8.6775825E-04
   2.0000000E-01   8.4583054E+06   4.1774989E+06   1.2616419E+07   8.2050580E-04   5.8455973E-04   7.4266764E-04
   2.5000000E-01   6.4784465E+06   3.1635037E+06   9.6298545E+06   7.4646747E-04   4.4122380E-04   6.4025315E-04
   3.0000000E-01   5.1060301E+06   2.4726312E+06   7.5693667E+06   4.9411624E-04   5.5346954E-04   5.0958240E-04
   3.5000000E-01   4.0845161E+06   1.9811153E+06   6.0588013E+06   7.7954344E-04   3.6095705E-04   6.4449711E-04
   4.0000000E-01   3.3143062E+06   1.6017672E+06   4.9108053E+06   6.1748642E-04   9.3722253E-04   7.1629444E-04
   4.5000000E-01   2.7255461E+06   1.3123421E+06   4.0338139E+06   9.6951527E-04   1.1669569E-03   1.0238464E-03
   5.0000000E-01   2.2468349E+06   1.0911408E+06   3.3353910E+06   1.1747582E-03   8.9602398E-04   1.0891897E-03
   5.5000000E-01   1.8630215E+06   8.9873928E+05   2.7596020E+06   1.5464842E-03   1.4284391E-03   1.4995973E-03
   6.0000000E-01   1.5563284E+06   7.5047922E+05   2.3050517E+06   1.7985936E-03   1.7206765E-03   1.7694219E-03
   6.5000000E-01   1.2927446E+06   6.2177184E+05   1.9130914E+06   2.2528175E-03   2.6766874E-03   2.3652045E-03
   7.0000000E-01   1.0762739E+06   5.1649417E+05   1.5916722E+06   2.4069167E-03   2.7762734E-03   2.5244711E-03
   7.5000000E-01   8.8333964E+05   4.2831778E+05   1.3109614E+06   3.4429027E-03   3.7409635E-03   3.5468572E-03
   8.0000000E-01   7.2315231E+05   3.4985440E+05   1.0724536E+06   4.1665623E-03   3.7194640E-03   3.9961086E-03
   8.5000000E-01   5.8509102E+05   2.7912032E+05   8.6382562E+05   5.6790727E-03   6.1586964E-03   5.8335723E-03
   9.0000000E-01   4.4903622E+05   2.1490161E+05   6.6373270E+05   8.6823549E-03   8.3757977E-03   8.5777568E-03
   9.5000000E-01   3.2036717E+05   1.5431998E+05   4.7455648E+05   1.2515604E-02   1.2082754E-02   1.2379362E-02
   1.0000000E+00   1.9038232E+05   9.2169968E+04   2.8255229E+05   2.3830517E-02   2.1865967E-02   2.3180781E-02
