   0.0000000E+00   2.5568178E+07   1.6974320E+07   4.2538933E+07   5.0576204E-02   8.5603046E-04   3.0734828E-02
   5.0000000E-02   1.3833111E+07   7.8234204E+06   2.1648574E+07   2.1572003E-02   1.9038751E-03   1.4456395E-02
   1.0000000E-01   9.1647782E+06   4.8247184E+06   1.3983321E+07   8.3710580E-03   2.0249882E-03   6.1775389E-03
   1.5000000E-01   7.0099264E+06   3.5713733E+06   1.0575209E+07   4.6409274E-03   1.9909050E-03   3.7429360E-03
   2.0000000E-01   5.7101133E+06   2.8794471E+06   8.5841651E+06   3.2691411E-03   1.0467813E-03   2.5156006E-03
   2.5000000E-01   4.8048623E+06   2.3990252E+06   7.1995203E+06   1.8795302E-03   1.4601938E-03   1.7403332E-03
   3.0000000E-01   4.1446494E+06   2.0717305E+06   6.2119872E+06   1.9504709E-03   1.1623100E-03   1.6894913E-03
   3.5000000E-01   3.6381911E+06   1.8027799E+06   5.4374149E+06   1.9490939E-03   1.3946336E-03   1.7702284E-03
   4.0000000E-01   3.2147150E+06   1.5979077E+06   4.8090815E+06   1.6735951E-03   1.2697779E-03   1.5091419E-03
   4.5000000E-01   2.8661471E+06   1.4200936E+06   4.2832839E+06   2.0321161E-03   1.1394284E-03   1.7313351E-03
   5.0000000E-01   2.5645336E+06   1.2723928E+06   3.8346028E+06   1.7999131E-03   1.6601101E-03   1.7386627E-03
   5.5000000E-01   2.2999973E+06   1.1395436E+06   3.4372953E+06   1.9519675E-03   1.6967311E-03   1.8582445E-03
   6.0000000E-01   2.0743194E+06   1.0223530E+06   3.0946565E+06   1.9855240E-03   2.0963227E-03   2.0106241E-03
   6.5000000E-01   1.8567995E+06   9.1687938E+05   2.7721069E+06   2.4460766E-03   2.2770535E-03   2.3866996E-03
   7.0000000E-01   1.6578079E+06   8.1945697E+05   2.4757961E+06   3.3201949E-03   3.0674588E-03   3.2248934E-03
   7.5000000E-01   1.4649300E+06   7.2522027E+05   2.1888431E+06   3.7286372E-03   3.4964164E-03   3.6504653E-03
   8.0000000E-01   1.2880807E+06   6.3498843E+05   1.9220864E+06   4.8718273E-03   5.0189396E-03   4.9110667E-03
   8.5000000E-01   1.0993038E+06   5.4414513E+05   1.6426063E+06   6.1825647E-03   5.8918402E-03   6.0827318E-03
   9.0000000E-01   9.1322753E+05   4.4914940E+05   1.3618393E+06   8.4498926E-03   7.5395030E-03   8.1474787E-03
   9.5000000E-01   6.9365085E+05   3.4339941E+05   1.0366750E+06   1.1984284E-02   1.1613713E-02   1.1855607E-02
   1.0000000E+00   4.4949443E+05   2.1908523E+05   6.6851678E+05   1.9329095E-02   1.9167069E-02   1.9266091E-02
