   0.0000000E+00   2.0326022E+09   1.4077247E+09   3.3440394E+09   2.6740810E-03   3.8089026E-04   1.7392764E-03
   5.0000000E-02   1.4457571E+07   4.5322871E+06   1.8969168E+07   1.5092295E-01   4.1666230E-02   1.2485691E-01
   1.0000000E-01   7.0761879E+06   1.9944979E+06   9.0618050E+06   1.4872914E-01   3.7230486E-02   1.2421954E-01
   1.5000000E-01   4.5267273E+06   1.1942350E+06   5.7152964E+06   1.4587635E-01   3.4049598E-02   1.2254899E-01
   2.0000000E-01   3.2341080E+06   7.9558373E+05   4.0260948E+06   1.4218780E-01   3.1085684E-02   1.2027813E-01
   2.5000000E-01   2.4631328E+06   5.5937233E+05   3.0200096E+06   1.3866213E-01   2.7896504E-02   1.1818765E-01
   3.0000000E-01   1.9280136E+06   4.1359065E+05   2.3399066E+06   1.3450207E-01   2.6380476E-02   1.1542596E-01
   3.5000000E-01   1.5482775E+06   3.0796027E+05   1.8549281E+06   1.2866296E-01   2.5716563E-02   1.1159721E-01
   4.0000000E-01   1.2632446E+06   2.3735572E+05   1.4993669E+06   1.2379521E-01   2.2654494E-02   1.0782137E-01
   4.5000000E-01   1.0394232E+06   1.8245523E+05   1.2210367E+06   1.1900430E-01   2.2542814E-02   1.0460089E-01
   5.0000000E-01   8.6247337E+05   1.4064841E+05   1.0026698E+06   1.1295852E-01   2.2127047E-02   1.0024926E-01
   5.5000000E-01   7.2012114E+05   1.0872887E+05   8.2853748E+05   1.0800274E-01   2.1708693E-02   9.6675728E-02
   6.0000000E-01   5.9979662E+05   8.4765923E+04   6.8424954E+05   1.0242216E-01   2.3628904E-02   9.2656959E-02
   6.5000000E-01   4.9860061E+05   6.5846073E+04   5.6427038E+05   9.7825503E-02   2.4047566E-02   8.9228342E-02
   7.0000000E-01   4.1420301E+05   5.1511634E+04   4.6554640E+05   9.4926755E-02   2.2550862E-02   8.6930487E-02
   7.5000000E-01   3.3931834E+05   3.9364323E+04   3.7857231E+05   9.0348162E-02   2.3474361E-02   8.3377912E-02
   8.0000000E-01   2.7323721E+05   2.8842855E+04   3.0200048E+05   8.6271765E-02   2.7599756E-02   8.0683768E-02
   8.5000000E-01   2.1485168E+05   2.1004708E+04   2.3579273E+05   8.4470264E-02   2.9107506E-02   7.9553852E-02
   9.0000000E-01   1.5794890E+05   1.4850925E+04   1.7276800E+05   8.1879588E-02   3.2127718E-02   7.7610192E-02
   9.5000000E-01   1.0213056E+05   9.2142335E+03   1.1133810E+05   8.3348451E-02   3.7179319E-02   7.9543894E-02
   1.0000000E+00   4.6081840E+04   3.9486145E+03   5.0030455E+04   8.3953843E-02   3.5363745E-02   8.0109398E-02
