   0.0000000E+00   3.2236622E+09   1.6565188E+09   4.6708238E+09   3.4161391E-05   1.7661921E-06   2.3739636E-05
   5.0000000E-02   2.6120509E+05   6.3152681E+04   3.2435777E+05   1.7423945E-01   1.6891404E-02   1.4360367E-01
   1.0000000E-01   1.2086226E+05   2.9825636E+04   1.5068790E+05   1.9027100E-01   1.3383433E-02   1.5525967E-01
   1.5000000E-01   7.4017659E+04   1.6509673E+04   9.0527332E+04   1.9494649E-01   1.4612159E-02   1.6205851E-01
   2.0000000E-01   5.2568878E+04   1.2048029E+04   6.4616907E+04   2.0082976E-01   9.5678610E-03   1.6516837E-01
   2.5000000E-01   4.0590877E+04   9.7657473E+03   5.0343892E+04   2.1579427E-01   1.2726595E-02   1.7639105E-01
   3.0000000E-01   3.1406575E+04   7.1195311E+03   3.8526107E+04   2.1055545E-01   1.3849187E-02   1.7420461E-01
   3.5000000E-01   2.4764509E+04   5.2566604E+03   3.0021170E+04   2.1601739E-01   1.0022710E-02   1.7994804E-01
   4.0000000E-01   2.1024368E+04   4.2573947E+03   2.5281763E+04   2.1869097E-01   6.0376860E-03   1.8288061E-01
   4.5000000E-01   1.6530893E+04   3.5792178E+03   2.0110111E+04   2.2165497E-01   3.1247364E-03   1.8276074E-01
   5.0000000E-01   1.4228452E+04   2.8011270E+03   1.7029579E+04   2.3068073E-01   8.1097479E-04   1.9287038E-01
   5.5000000E-01   1.1679079E+04   2.3960053E+03   1.4075084E+04   2.2753155E-01   5.7882984E-03   1.8978413E-01
   6.0000000E-01   9.3689210E+03   1.9576058E+03   1.1326527E+04   2.3215071E-01   2.3168700E-03   1.9242767E-01
   6.5000000E-01   7.6884080E+03   1.3760781E+03   9.0644861E+03   2.3129272E-01   5.1768175E-03   1.9696610E-01
   7.0000000E-01   6.3616504E+03   1.1959357E+03   7.5575862E+03   2.3230088E-01   3.8321870E-03   1.9614729E-01
   7.5000000E-01   5.2584793E+03   1.0016151E+03   6.2600944E+03   2.3053741E-01   1.6256380E-03   1.9391152E-01
   8.0000000E-01   4.2733102E+03   7.6394373E+02   5.0372539E+03   2.3438128E-01   1.6772870E-03   1.9908968E-01
   8.5000000E-01   3.5051536E+03   5.0929582E+02   4.0144494E+03   2.2545088E-01   2.3510524E-05   1.9684592E-01
   9.0000000E-01   2.5217217E+03   3.9611897E+02   2.9178406E+03   2.2453865E-01   6.7091269E-03   1.9496664E-01
   9.5000000E-01   1.7523797E+03   2.4459602E+02   1.9969757E+03   1.9665992E-01   9.1004643E-06   1.7257126E-01
   1.0000000E+00   7.6708753E+02   1.0688925E+02   8.7397677E+02   1.9008913E-01   9.1022589E-06   1.6683971E-01
