   0.0000000E+00   3.2425902E+09   1.6603293E+09   4.6919366E+09   1.1004245E-05   2.0813297E-06   8.1706555E-06
   5.0000000E-02   8.0023105E+04   2.1008452E+04   1.0103156E+05   1.6731036E-01   5.6529594E-02   1.4427466E-01
   1.0000000E-01   3.8801975E+04   9.9312684E+03   4.8733244E+04   1.6436864E-01   5.3913394E-02   1.4185915E-01
   1.5000000E-01   2.5082819E+04   6.4723010E+03   3.1555120E+04   1.8108875E-01   5.0849701E-02   1.5437529E-01
   2.0000000E-01   1.6918170E+04   4.1221130E+03   2.1040283E+04   1.7455741E-01   3.5952407E-02   1.4740258E-01
   2.5000000E-01   1.3254424E+04   2.6738030E+03   1.5928227E+04   1.7914445E-01   3.7470720E-02   1.5536228E-01
   3.0000000E-01   9.7296722E+03   1.9523006E+03   1.1681973E+04   1.8334796E-01   2.9152295E-02   1.5757866E-01
   3.5000000E-01   7.7758558E+03   1.5096983E+03   9.2855541E+03   1.8106089E-01   2.8891857E-02   1.5632038E-01
   4.0000000E-01   6.3980287E+03   1.2573241E+03   7.6553528E+03   1.7972709E-01   3.2464341E-02   1.5554048E-01
   4.5000000E-01   5.1636937E+03   8.4175281E+02   6.0054465E+03   1.7445058E-01   2.0199075E-02   1.5282904E-01
   5.0000000E-01   4.7046201E+03   8.4670430E+02   5.5513244E+03   1.6990528E-01   2.1964165E-02   1.4734087E-01
   5.5000000E-01   4.0454293E+03   6.0189506E+02   4.6473243E+03   1.6418809E-01   1.4598682E-02   1.4481412E-01
   6.0000000E-01   2.9231458E+03   3.7666670E+02   3.2998125E+03   1.7140926E-01   2.0055992E-02   1.5413260E-01
   6.5000000E-01   2.6444206E+03   3.5258941E+02   2.9970100E+03   1.5375893E-01   2.4192240E-02   1.3851579E-01
   7.0000000E-01   2.2054328E+03   2.9102618E+02   2.4964590E+03   1.4998748E-01   4.1612463E-06   1.3250212E-01
   7.5000000E-01   1.8377091E+03   1.9523006E+02   2.0329391E+03   1.3423065E-01   8.9902010E-03   1.2220338E-01
   8.0000000E-01   1.5676762E+03   1.5915494E+02   1.7268311E+03   1.3823627E-01   2.0533907E-02   1.2738812E-01
   8.5000000E-01   1.0672743E+03   1.1608949E+02   1.1833638E+03   1.5074137E-01   1.1543685E-02   1.3708590E-01
   9.0000000E-01   8.4175281E+02   9.5492966E+01   9.3724578E+02   1.2709887E-01   1.5490508E-02   1.1572745E-01
   9.5000000E-01   5.3945149E+02   3.3506304E+01   5.7295780E+02   1.2604152E-01   3.6858967E-05   1.1867283E-01
   1.0000000E+00   2.1377849E+02   0.0000000E+00   2.1377849E+02   6.2224757E-02   0.0000000E+00   6.2224757E-02
