   0.0000000E+00   1.5061497E+09   1.2511168E+09   2.7006404E+09   4.4128057E-03   5.2797154E-04   2.6550216E-03
   5.0000000E-02   1.8636535E+07   6.3640969E+06   2.4972238E+07   1.4182720E-01   3.7262762E-02   1.1518086E-01
   1.0000000E-01   9.3420768E+06   2.9211935E+06   1.2249456E+07   1.3556556E-01   3.3607844E-02   1.1127040E-01
   1.5000000E-01   6.1187224E+06   1.7577496E+06   7.8667954E+06   1.3078501E-01   3.0502079E-02   1.0842641E-01
   2.0000000E-01   4.4447201E+06   1.2076995E+06   5.6463081E+06   1.2617336E-01   2.8256055E-02   1.0526499E-01
   2.5000000E-01   3.4064251E+06   8.6747083E+05   4.2697961E+06   1.2213422E-01   2.7108233E-02   1.0289049E-01
   3.0000000E-01   2.7074484E+06   6.5622766E+05   3.3603869E+06   1.1803970E-01   2.5453313E-02   9.9992162E-02
   3.5000000E-01   2.1880894E+06   5.0695851E+05   2.6924833E+06   1.1365952E-01   2.4873141E-02   9.6983582E-02
   4.0000000E-01   1.8113106E+06   3.9522947E+05   2.2045267E+06   1.1007490E-01   2.4485271E-02   9.4754781E-02
   4.5000000E-01   1.5079966E+06   3.1040873E+05   1.8168279E+06   1.0661417E-01   2.3436530E-02   9.2429001E-02
   5.0000000E-01   1.2665296E+06   2.4617450E+05   1.5118128E+06   1.0223872E-01   2.4242489E-02   8.9541816E-02
   5.5000000E-01   1.0623216E+06   1.9777461E+05   1.2591876E+06   9.9889404E-02   2.4383170E-02   8.8063662E-02
   6.0000000E-01   8.9223853E+05   1.5805147E+05   1.0495154E+06   9.7182801E-02   2.5932956E-02   8.6467569E-02
   6.5000000E-01   7.4938962E+05   1.2581566E+05   8.7473516E+05   9.4920529E-02   2.7344710E-02   8.5214671E-02
   7.0000000E-01   6.2644295E+05   9.9112604E+04   7.2515539E+05   9.1782917E-02   2.7735850E-02   8.3044129E-02
   7.5000000E-01   5.1760583E+05   7.7633659E+04   5.9494240E+05   9.1208554E-02   3.0162971E-02   8.3260876E-02
   8.0000000E-01   4.2135078E+05   6.1628773E+04   4.8278060E+05   9.0200505E-02   2.9402838E-02   8.2457214E-02
   8.5000000E-01   3.3444258E+05   4.6158678E+04   3.8050015E+05   9.0127088E-02   3.3942286E-02   8.3314172E-02
   9.0000000E-01   2.5234193E+05   3.2881411E+04   2.8513846E+05   9.1224878E-02   3.5518088E-02   8.4802021E-02
   9.5000000E-01   1.6514587E+05   2.0820817E+04   1.8593988E+05   9.3837058E-02   4.2826953E-02   8.8126077E-02
   1.0000000E+00   7.5451232E+04   9.2364884E+03   8.4687721E+04   9.8978007E-02   4.9021630E-02   9.3528841E-02
