   0.0000000E+00   2.7924690E+07   1.8981964E+07   4.6900033E+07   5.2408327E-02   5.6361889E-03   3.3463838E-02
   5.0000000E-02   1.4460436E+07   8.2919725E+06   2.2741077E+07   2.9177211E-02   5.4406070E-03   2.0517918E-02
   1.0000000E-01   9.4146197E+06   4.9822500E+06   1.4389198E+07   1.5173122E-02   5.6166153E-03   1.1873617E-02
   1.5000000E-01   7.1654314E+06   3.6566379E+06   1.0813793E+07   9.1791683E-03   4.5840163E-03   7.6128950E-03
   2.0000000E-01   5.8204395E+06   2.9193314E+06   8.7320200E+06   6.4008442E-03   3.5967072E-03   5.4468889E-03
   2.5000000E-01   4.8874319E+06   2.4374516E+06   7.3188101E+06   5.1059310E-03   3.5442860E-03   4.5895400E-03
   3.0000000E-01   4.1961731E+06   2.0949990E+06   6.2857290E+06   4.4588705E-03   3.3807292E-03   4.0997596E-03
   3.5000000E-01   3.6641560E+06   1.8155759E+06   5.4747754E+06   4.1926216E-03   2.9306819E-03   3.7722853E-03
   4.0000000E-01   3.2202058E+06   1.6000801E+06   4.8161320E+06   3.9564218E-03   3.2515482E-03   3.7168547E-03
   4.5000000E-01   2.8738785E+06   1.4211405E+06   4.2912700E+06   3.8804329E-03   3.1744519E-03   3.6511096E-03
   5.0000000E-01   2.5579128E+06   1.2636139E+06   3.8184518E+06   4.2946313E-03   3.5949096E-03   4.0562415E-03
   5.5000000E-01   2.2980006E+06   1.1298670E+06   3.4247597E+06   4.5663944E-03   4.6807554E-03   4.5918271E-03
   6.0000000E-01   2.0521704E+06   1.0098169E+06   3.0592710E+06   5.2149712E-03   4.8963784E-03   5.0924445E-03
   6.5000000E-01   1.8405412E+06   9.0572874E+05   2.7440614E+06   5.9028858E-03   5.3542758E-03   5.7229147E-03
   7.0000000E-01   1.6308743E+06   8.0403258E+05   2.4328970E+06   7.2440624E-03   5.7726763E-03   6.7468112E-03
   7.5000000E-01   1.4427162E+06   7.1028941E+05   2.1513716E+06   7.5930075E-03   7.5755576E-03   7.5778432E-03
   8.0000000E-01   1.2593573E+06   6.1920026E+05   1.8773440E+06   9.3894271E-03   8.6197987E-03   9.1339123E-03
   8.5000000E-01   1.0802277E+06   5.2816223E+05   1.6074312E+06   1.1966110E-02   1.0372461E-02   1.1448440E-02
   9.0000000E-01   8.8812702E+05   4.3586173E+05   1.3233486E+06   1.3844919E-02   1.3565163E-02   1.3756834E-02
   9.5000000E-01   6.7656934E+05   3.3118301E+05   1.0072833E+06   2.0169011E-02   1.8798910E-02   1.9724886E-02
   1.0000000E+00   4.2030738E+05   2.0779898E+05   6.2801833E+05   3.0946930E-02   2.9674839E-02   3.0529353E-02
