   0.0000000E+00   5.4780367E+07   6.2174324E+07   1.1691904E+08   2.9683581E-04   5.9997161E-05   1.4697613E-04
   5.0000000E-02   3.5396760E+07   2.3306905E+07   5.8616447E+07   3.3797759E-05   5.2583522E-05   4.1331127E-05
   1.0000000E-01   2.1717933E+07   1.1389987E+07   3.3060270E+07   3.7811730E-05   4.1419962E-05   3.6339426E-05
   1.5000000E-01   1.4472447E+07   7.0581610E+06   2.1497101E+07   5.1554166E-05   3.8444653E-05   4.7359223E-05
   2.0000000E-01   1.0188622E+07   4.8276787E+06   1.4994496E+07   6.2327865E-05   1.1103492E-04   4.8030561E-05
   2.5000000E-01   7.3894876E+06   3.4683809E+06   1.0843736E+07   2.0062451E-05   1.7285518E-04   6.9082123E-05
   3.0000000E-01   5.5219126E+06   2.5799865E+06   8.0931986E+06   1.1135562E-04   3.4482394E-05   6.5990479E-05
   3.5000000E-01   4.1924231E+06   1.9521763E+06   6.1380514E+06   1.5994863E-04   1.5234420E-04   1.5852207E-04
   4.0000000E-01   3.2264288E+06   1.4946639E+06   4.7167716E+06   5.2306719E-05   9.7257606E-05   4.6421865E-05
   4.5000000E-01   2.5066833E+06   1.1609186E+06   3.6648927E+06   2.4042338E-04   1.5830870E-04   2.1004642E-04
   5.0000000E-01   1.9650670E+06   9.0687760E+05   2.8701493E+06   3.7650834E-04   2.4416518E-04   2.5347032E-04
   5.5000000E-01   1.5521890E+06   7.1800872E+05   2.2688839E+06   1.5727364E-04   3.9766303E-04   2.1385711E-04
   6.0000000E-01   1.2202356E+06   5.6677197E+05   1.7862012E+06   6.0781532E-04   3.1910887E-04   5.0965612E-04
   6.5000000E-01   9.6468953E+05   4.4700502E+05   1.4110677E+06   4.8684685E-04   9.4439037E-04   6.3015001E-04
   7.0000000E-01   7.5995121E+05   3.5297383E+05   1.1124521E+06   6.6157139E-04   5.3485502E-04   6.2303404E-04
   7.5000000E-01   5.9890217E+05   2.7841929E+05   8.7707530E+05   1.3482188E-03   1.8843010E-03   1.5169445E-03
   8.0000000E-01   4.6622451E+05   2.1754491E+05   6.8357844E+05   1.8501058E-03   1.3150122E-03   1.6775111E-03
   8.5000000E-01   3.5573938E+05   1.6452127E+05   5.2017827E+05   2.0334473E-03   2.2706179E-03   2.0950416E-03
   9.0000000E-01   2.6362778E+05   1.2038126E+05   3.8396661E+05   4.0623537E-03   3.8850991E-03   3.9797284E-03
   9.5000000E-01   1.7847803E+05   8.2157457E+04   2.6061538E+05   6.8967227E-03   7.9780209E-03   7.2224813E-03
   1.0000000E+00   1.0582664E+05   4.8948987E+04   1.5476934E+05   1.2494845E-02   1.2913812E-02   1.2602276E-02
