   0.0000000E+00   7.7116045E+07   2.5391707E+08   3.3098371E+08   5.8918087E-05   1.6986346E-05   2.3931592E-05
   5.0000000E-02   5.9916998E+07   6.2939159E+07   1.2278607E+08   2.3177018E-05   5.6005976E-05   3.8551388E-05
   1.0000000E-01   4.0128436E+07   2.0866041E+07   6.0963696E+07   3.5028214E-05   1.2711091E-04   6.2967749E-05
   1.5000000E-01   2.5549143E+07   9.1290639E+06   3.4662143E+07   7.0699564E-05   2.7006017E-04   1.2309581E-04
   2.0000000E-01   1.5618479E+07   4.4203853E+06   2.0031878E+07   1.3361884E-04   4.9858615E-04   2.1381772E-04
   2.5000000E-01   9.1837750E+06   2.2712556E+06   1.1452306E+07   2.4988475E-04   8.0816317E-04   3.6048249E-04
   3.0000000E-01   5.2713072E+06   1.2051212E+06   6.4755159E+06   4.9006798E-04   1.5098841E-03   6.7960222E-04
   3.5000000E-01   2.9878294E+06   6.5315370E+05   3.6405193E+06   8.7711239E-04   2.3432396E-03   1.1399225E-03
   4.0000000E-01   1.6961620E+06   3.5830552E+05   2.0542686E+06   1.3536667E-03   4.1929868E-03   1.8476473E-03
   4.5000000E-01   9.6539852E+05   2.0073329E+05   1.1660752E+06   2.2706811E-03   6.5188380E-03   3.0020873E-03
   5.0000000E-01   5.5093075E+05   1.1268170E+05   6.6359972E+05   3.8909867E-03   1.0639142E-02   5.0369239E-03
   5.5000000E-01   3.1323429E+05   6.4836830E+04   3.7807112E+05   6.0518706E-03   1.4267641E-02   7.4593764E-03
   6.0000000E-01   1.7905992E+05   3.6690520E+04   2.1575044E+05   9.3025775E-03   2.0721038E-02   1.1243866E-02
   6.5000000E-01   1.0427342E+05   2.1067217E+04   1.2534064E+05   1.3353873E-02   3.3132925E-02   1.6672200E-02
   7.0000000E-01   5.9828617E+04   1.2655092E+04   7.2479161E+04   2.0231888E-02   4.7970457E-02   2.5073287E-02
   7.5000000E-01   3.4729731E+04   7.3678128E+03   4.2097543E+04   3.0433637E-02   6.6110075E-02   3.6669933E-02
   8.0000000E-01   2.0686164E+04   4.7826060E+03   2.5468770E+04   4.4771112E-02   1.0968082E-01   5.6958768E-02
   8.5000000E-01   1.1470390E+04   2.7337202E+03   1.4204111E+04   6.0441926E-02   1.4773880E-01   7.7242341E-02
   9.0000000E-01   6.6208456E+03   1.6233804E+03   8.2442261E+03   8.7365695E-02   1.9555297E-01   1.0861314E-01
   9.5000000E-01   3.2668646E+03   7.6394373E+02   4.0308083E+03   1.1283013E-01   2.4246649E-01   1.3735340E-01
   1.0000000E+00   1.0437420E+03   2.6407931E+02   1.3078214E+03   1.1280483E-01   3.5677609E-01   1.6203331E-01
