   0.0000000E+00   1.3451572E+08   3.9087843E+08   5.2395794E+08   2.7335977E-02   9.8219051E-04   7.7188679E-03
   5.0000000E-02   1.9518699E+07   1.1058531E+07   3.0536995E+07   7.2004813E-02   1.3227840E-02   5.0738074E-02
   1.0000000E-01   1.1604624E+07   5.7001025E+06   1.7280916E+07   5.5039973E-02   1.2559178E-02   4.1055488E-02
   1.5000000E-01   8.4630323E+06   3.8573641E+06   1.2300279E+07   4.6092653E-02   1.1854730E-02   3.5378702E-02
   2.0000000E-01   6.6432069E+06   2.8688315E+06   9.4963298E+06   4.0794773E-02   1.2260585E-02   3.2207375E-02
   2.5000000E-01   5.4418385E+06   2.2589561E+06   7.6885589E+06   3.6941259E-02   1.2407286E-02   2.9728837E-02
   3.0000000E-01   4.5389080E+06   1.8263030E+06   6.3541762E+06   3.4640175E-02   1.2119152E-02   2.8183835E-02
   3.5000000E-01   3.8525955E+06   1.5135180E+06   5.3570826E+06   3.3482272E-02   1.3160856E-02   2.7747206E-02
   4.0000000E-01   3.2912606E+06   1.2741626E+06   4.5576644E+06   3.3073090E-02   1.3667161E-02   2.7656123E-02
   4.5000000E-01   2.8440422E+06   1.0801528E+06   3.9172629E+06   3.2950851E-02   1.4544132E-02   2.7873019E-02
   5.0000000E-01   2.4524376E+06   9.2401540E+05   3.3722322E+06   3.2699424E-02   1.5673366E-02   2.8047884E-02
   5.5000000E-01   2.1267094E+06   7.9141098E+05   2.9141849E+06   3.4072800E-02   1.6708236E-02   2.9372399E-02
   6.0000000E-01   1.8405526E+06   6.7588860E+05   2.5129080E+06   3.5236463E-02   1.7855141E-02   3.0568540E-02
   6.5000000E-01   1.5844878E+06   5.8068048E+05   2.1622693E+06   3.7521250E-02   1.9995098E-02   3.2830583E-02
   7.0000000E-01   1.3661224E+06   4.9631787E+05   1.8603894E+06   3.9898455E-02   2.1915295E-02   3.5097445E-02
   7.5000000E-01   1.1629388E+06   4.2117491E+05   1.5823779E+06   4.3009880E-02   2.4177931E-02   3.8008906E-02
   8.0000000E-01   9.7888646E+05   3.5124700E+05   1.3287050E+06   4.5647571E-02   2.7573525E-02   4.0882520E-02
   8.5000000E-01   8.0557492E+05   2.8525434E+05   1.0899492E+06   5.1494103E-02   3.1257509E-02   4.6211294E-02
   9.0000000E-01   6.3428904E+05   2.2664725E+05   8.6049773E+05   5.8358927E-02   3.6525091E-02   5.2607812E-02
   9.5000000E-01   4.5137012E+05   1.5978151E+05   6.1076296E+05   6.8442472E-02   4.4141285E-02   6.2104382E-02
   1.0000000E+00   2.3380451E+05   8.2612812E+04   3.1635444E+05   8.2059569E-02   5.9673549E-02   7.6210178E-02
