   0.0000000E+00   2.7335872E+09   1.5346132E+09   4.1026432E+09   1.0707934E-03   1.6258531E-05   6.9818559E-04
   5.0000000E-02   6.6744490E+06   1.7489218E+06   8.4197421E+06   1.8119447E-01   5.4390902E-03   1.4469552E-01
   1.0000000E-01   3.1735814E+06   8.1340908E+05   3.9855581E+06   1.8711543E-01   4.0297977E-03   1.4977494E-01
   1.5000000E-01   2.0003866E+06   5.0944436E+05   2.5084092E+06   1.9476949E-01   3.8936711E-03   1.5603841E-01
   2.0000000E-01   1.4090146E+06   3.5329214E+05   1.7614473E+06   2.0141823E-01   3.5807610E-03   1.6177799E-01
   2.5000000E-01   1.0540004E+06   2.6181625E+05   1.3152692E+06   2.0755321E-01   3.0837202E-03   1.6687848E-01
   3.0000000E-01   8.1060796E+05   2.0136283E+05   1.0115888E+06   2.1232004E-01   2.2804106E-03   1.7054641E-01
   3.5000000E-01   6.4560521E+05   1.5923679E+05   8.0461464E+05   2.1709832E-01   2.5176937E-03   1.7464944E-01
   4.0000000E-01   5.1938624E+05   1.2889163E+05   6.4808689E+05   2.2280343E-01   2.0083632E-03   1.7890111E-01
   4.5000000E-01   4.3111184E+05   1.0328802E+05   5.3422302E+05   2.2571231E-01   2.3868569E-03   1.8256152E-01
   5.0000000E-01   3.5197434E+05   8.5421641E+04   4.3730049E+05   2.3039191E-01   2.2672106E-03   1.8586003E-01
   5.5000000E-01   2.9308238E+05   6.8974859E+04   3.6197043E+05   2.3626521E-01   1.8680229E-03   1.9162576E-01
   6.0000000E-01   2.4275903E+05   5.5232070E+04   2.9793275E+05   2.3834484E-01   2.0906369E-03   1.9456976E-01
   6.5000000E-01   2.0278299E+05   4.6365508E+04   2.4909463E+05   2.4097668E-01   2.2106201E-03   1.9655655E-01
   7.0000000E-01   1.6873152E+05   3.7096744E+04   2.0577825E+05   2.4295679E-01   1.9721515E-03   1.9953772E-01
   7.5000000E-01   1.3899107E+05   3.0039965E+04   1.6898860E+05   2.4565628E-01   2.1737899E-03   2.0240955E-01
   8.0000000E-01   1.1181033E+05   2.3618594E+04   1.3542096E+05   2.4694460E-01   1.8750576E-03   2.0421464E-01
   8.5000000E-01   8.9778367E+04   1.8499422E+04   1.0826281E+05   2.4996748E-01   2.4728110E-03   2.0766588E-01
   9.0000000E-01   6.5943198E+04   1.2979970E+04   7.8923168E+04   2.5048622E-01   2.2945028E-03   2.0966771E-01
   9.5000000E-01   4.3270041E+04   8.4502898E+03   5.1720331E+04   2.5419861E-01   3.5803902E-03   2.1324165E-01
   1.0000000E+00   1.8881671E+04   3.5273451E+03   2.2409016E+04   2.4994969E-01   2.3992698E-03   2.1094939E-01
