   0.0000000E+00   1.2821186E+09   6.0166578E+08   1.8755588E+09   3.0276284E-03   8.9380082E-06   2.0629945E-03
   5.0000000E-02   1.8731410E+08   9.5234053E+07   2.8107285E+08   1.6531972E-03   8.2485615E-05   1.1167846E-03
   1.0000000E-01   2.6535649E+07   1.4789728E+07   4.1268845E+07   3.5699716E-03   4.2571338E-04   2.4513595E-03
   1.5000000E-01   4.6987844E+06   2.8033976E+06   7.4989989E+06   1.0804841E-02   1.7030639E-03   7.4071158E-03
   2.0000000E-01   9.5461135E+05   5.8258667E+05   1.5370548E+06   3.2400875E-02   6.2569862E-03   2.2495086E-02
   2.5000000E-01   2.5901512E+05   1.4110041E+05   4.0010279E+05   8.0170889E-02   1.9789438E-02   5.8869310E-02
   3.0000000E-01   1.0156207E+05   4.3385637E+04   1.4494771E+05   1.3522219E-01   4.6547289E-02   1.0867701E-01
   3.5000000E-01   5.7614089E+04   1.8516541E+04   7.6130630E+04   1.6826725E-01   8.6648894E-02   1.4841583E-01
   4.0000000E-01   3.7982327E+04   1.0623592E+04   4.8605920E+04   1.8023036E-01   1.1647095E-01   1.6629059E-01
   4.5000000E-01   2.6992678E+04   7.6182166E+03   3.4610895E+04   1.8048059E-01   1.3840859E-01   1.7122006E-01
   5.0000000E-01   2.0792002E+04   5.3667047E+03   2.6158706E+04   1.7411503E-01   1.5490988E-01   1.7017022E-01
   5.5000000E-01   1.5886557E+04   4.0338544E+03   1.9920411E+04   1.6920089E-01   1.6926152E-01   1.6921253E-01
   6.0000000E-01   1.2329203E+04   3.3687796E+03   1.5697983E+04   1.6481308E-01   1.8644860E-01   1.6945604E-01
   6.5000000E-01   9.3876931E+03   2.4828171E+03   1.1870510E+04   1.6008674E-01   2.0197955E-01   1.6884760E-01
   7.0000000E-01   7.0664795E+03   1.9280485E+03   8.9945279E+03   1.5246913E-01   2.1871328E-01   1.6666876E-01
   7.5000000E-01   5.8314371E+03   1.6085260E+03   7.4399631E+03   1.4626439E-01   2.3175514E-01   1.6474652E-01
   8.0000000E-01   4.4841905E+03   1.0185916E+03   5.5027822E+03   1.4357100E-01   2.5067399E-01   1.6339537E-01
   8.5000000E-01   3.5837948E+03   8.7628839E+02   4.4600832E+03   1.3822596E-01   2.7011458E-01   1.6413784E-01
   9.0000000E-01   2.7127076E+03   6.1539911E+02   3.3281067E+03   1.3886663E-01   2.8703694E-01   1.6626474E-01
   9.5000000E-01   1.5446406E+03   3.7527060E+02   1.9199112E+03   1.2624090E-01   3.0967358E-01   1.6209251E-01
   1.0000000E+00   6.2247267E+02   1.3832726E+02   7.6079993E+02   1.2657820E-01   3.2291013E-01   1.6226602E-01
