   0.0000000E+00   1.9173765E+08   1.0167480E+08   2.9328411E+08   4.3955666E-05   1.8192027E-05   3.5033254E-05
   5.0000000E-02   6.7194899E+07   3.3647392E+07   1.0072560E+08   4.2995744E-05   4.5330497E-05   4.2777941E-05
   1.0000000E-01   3.0085918E+07   1.5007929E+07   4.5050557E+07   3.1689255E-05   3.1137770E-05   2.9545457E-05
   1.5000000E-01   1.7133772E+07   8.5543872E+06   2.5664308E+07   3.6600442E-05   2.5308883E-05   1.7602240E-05
   2.0000000E-01   1.0789066E+07   5.3858192E+06   1.6161866E+07   2.4641519E-05   5.6434864E-05   3.5147571E-05
   2.5000000E-01   7.1424664E+06   3.5623460E+06   1.0697733E+07   1.7746560E-05   1.3572282E-04   5.1752024E-05
   3.0000000E-01   4.8847411E+06   2.4441106E+06   7.3253503E+06   3.9410591E-05   6.4154077E-05   3.9997868E-05
   3.5000000E-01   3.4268151E+06   1.6977467E+06   5.1223700E+06   5.2600810E-05   1.0121646E-04   3.6631566E-05
   4.0000000E-01   2.4218051E+06   1.2098959E+06   3.6303481E+06   1.6949284E-05   2.2914284E-04   8.0575050E-05
   4.5000000E-01   1.7398252E+06   8.6755713E+05   2.6066326E+06   1.3024164E-04   1.1188209E-04   1.0247049E-04
   5.0000000E-01   1.2587437E+06   6.2887848E+05   1.8872339E+06   1.7714339E-04   2.8630155E-04   2.1380291E-04
   5.5000000E-01   9.1614794E+05   4.5811159E+05   1.3739586E+06   2.3615380E-04   2.0429090E-04   2.2547950E-04
   6.0000000E-01   6.6990968E+05   3.3254895E+05   1.0022942E+06   2.3147305E-04   7.8969807E-05   1.3099404E-04
   6.5000000E-01   4.8970262E+05   2.4279209E+05   7.3239677E+05   2.8198249E-04   4.7210223E-04   3.3891031E-04
   7.0000000E-01   3.5913086E+05   1.7914935E+05   5.3823928E+05   4.2812650E-04   8.4720448E-04   4.0780142E-04
   7.5000000E-01   2.6065760E+05   1.3085932E+05   3.9149570E+05   1.1103493E-03   1.1692629E-04   7.3130035E-04
   8.0000000E-01   1.8770336E+05   9.5027438E+04   2.8272284E+05   4.4721210E-04   1.6866981E-03   8.5078094E-04
   8.5000000E-01   1.3145824E+05   6.6099856E+04   1.9753937E+05   7.9178181E-04   1.2832685E-03   9.5107182E-04
   9.0000000E-01   8.8635156E+04   4.3947985E+04   1.3258314E+05   1.4075600E-03   1.3613973E-03   1.2070475E-03
   9.5000000E-01   5.1817499E+04   2.6000892E+04   7.7818391E+04   7.2323287E-04   1.9738683E-03   1.8398955E-04
   1.0000000E+00   2.4817168E+04   1.2166511E+04   3.6983679E+04   1.5320149E-04   3.0740204E-03   1.1026013E-03
