   0.0000000E+00   6.2299611E+07   3.1544764E+07   9.3839282E+07   4.4846279E-03   3.7392204E-03   4.1060538E-03
   5.0000000E-02   2.2607641E+07   1.1344946E+07   3.3948259E+07   1.1126121E-03   1.3462161E-03   1.1898937E-03
   1.0000000E-01   1.2051180E+07   6.0464236E+06   1.8094835E+07   4.8847906E-04   2.3140541E-04   3.9415575E-04
   1.5000000E-01   8.3072090E+06   4.1637480E+06   1.2468814E+07   2.3520838E-04   4.2791254E-04   3.0046173E-04
   2.0000000E-01   6.3438683E+06   3.1756186E+06   9.5182773E+06   2.6897185E-04   4.2817686E-04   3.0532001E-04
   2.5000000E-01   5.1289527E+06   2.5572507E+06   7.6853503E+06   4.0752575E-04   8.6756744E-04   4.2144752E-04
   3.0000000E-01   4.2661270E+06   2.1487827E+06   6.4137851E+06   4.4583146E-04   8.0071373E-04   4.4511196E-04
   3.5000000E-01   3.6524786E+06   1.8385761E+06   5.4901180E+06   3.8398062E-04   3.3859704E-04   3.6738816E-04
   4.0000000E-01   3.1685521E+06   1.5784908E+06   4.7461993E+06   1.2077272E-04   4.8584310E-04   2.3989380E-04
   4.5000000E-01   2.7695648E+06   1.3882838E+06   4.1571766E+06   2.4357507E-04   6.5338013E-04   7.3840464E-05
   5.0000000E-01   2.4411376E+06   1.2230612E+06   3.6636004E+06   3.8498142E-04   2.0787164E-04   2.7357519E-04
   5.5000000E-01   2.1524520E+06   1.0784165E+06   3.2303534E+06   2.0650410E-04   7.5378713E-04   1.5012621E-04
   6.0000000E-01   1.9109150E+06   9.6017647E+05   2.8707201E+06   7.1124765E-04   4.5458314E-04   6.1132178E-04
   6.5000000E-01   1.6950540E+06   8.5027916E+05   2.5449071E+06   2.9342682E-04   3.5902232E-04   8.0640710E-05
   7.0000000E-01   1.4823691E+06   7.4644578E+05   2.2284739E+06   2.1066941E-04   1.8248045E-04   1.8792062E-04
   7.5000000E-01   1.2954194E+06   6.4690755E+05   1.9421275E+06   2.2764855E-04   6.0849064E-04   3.4298584E-04
   8.0000000E-01   1.1099545E+06   5.5435258E+05   1.6641201E+06   6.7468397E-04   1.1366440E-04   4.8337673E-04
   8.5000000E-01   9.2389257E+05   4.6180024E+05   1.3855880E+06   1.1704159E-04   6.0866116E-04   2.7000079E-04
   9.0000000E-01   7.2917368E+05   3.6494228E+05   1.0940594E+06   8.1558071E-04   1.1166634E-03   9.1359661E-04
   9.5000000E-01   5.0375052E+05   2.5204782E+05   7.5574138E+05   2.3531723E-03   1.7064088E-03   2.0939294E-03
   1.0000000E+00   2.5689258E+05   1.2934856E+05   3.8622857E+05   3.4916527E-03   1.6318681E-03   2.8566592E-03
