   0.0000000E+00   5.1420543E+07   8.6937305E+07   1.3825191E+08   1.0912608E-01   4.3545440E-05   4.0579769E-02
   5.0000000E-02   1.9227572E+07   1.3527788E+07   3.2712325E+07   1.0286796E-01   3.7114022E-05   6.0403466E-02
   1.0000000E-01   1.0855800E+07   7.1536646E+06   1.7986482E+07   7.5194807E-02   7.0180475E-05   4.5361425E-02
   1.5000000E-01   7.7353971E+06   4.8382042E+06   1.2555542E+07   5.8483423E-02   8.3818533E-05   3.6013479E-02
   2.0000000E-01   6.0608590E+06   3.6089179E+06   9.6551983E+06   4.7370789E-02   2.1750261E-04   2.9785913E-02
   2.5000000E-01   4.9740121E+06   2.8191179E+06   7.7819128E+06   4.0337902E-02   1.2519193E-04   2.5797834E-02
   3.0000000E-01   4.2200039E+06   2.2823349E+06   6.4921105E+06   3.5658813E-02   1.5810785E-04   2.3219121E-02
   3.5000000E-01   3.6523695E+06   1.8878050E+06   5.5321076E+06   3.2109051E-02   2.2570251E-04   2.1265314E-02
   4.0000000E-01   3.1869822E+06   1.5722121E+06   4.7522154E+06   2.9841042E-02   4.3829683E-04   2.0129439E-02
   4.5000000E-01   2.8137533E+06   1.3296016E+06   4.1371585E+06   2.8722767E-02   4.4220888E-04   1.9660258E-02
   5.0000000E-01   2.4839821E+06   1.1351758E+06   3.6148862E+06   2.7671715E-02   4.4309704E-04   1.9137311E-02
   5.5000000E-01   2.2166811E+06   9.6520817E+05   3.1778149E+06   2.6748835E-02   5.6311541E-04   1.8804152E-02
   6.0000000E-01   1.9779989E+06   8.2442791E+05   2.7988458E+06   2.7888905E-02   5.7084998E-04   1.9856352E-02
   6.5000000E-01   1.7508268E+06   7.0698585E+05   2.4549968E+06   2.7941681E-02   8.9553107E-04   2.0165873E-02
   7.0000000E-01   1.5442986E+06   6.0016420E+05   2.1421028E+06   2.9789491E-02   6.5422644E-04   2.1629449E-02
   7.5000000E-01   1.3519003E+06   5.0983482E+05   1.8598210E+06   3.1207855E-02   7.6795997E-04   2.2873899E-02
   8.0000000E-01   1.1661322E+06   4.2427525E+05   1.5887881E+06   3.3351010E-02   1.1220219E-03   2.4761200E-02
   8.5000000E-01   9.8679061E+05   3.4764308E+05   1.3331492E+06   3.7325910E-02   1.1046681E-03   2.7882990E-02
   9.0000000E-01   8.0464141E+05   2.7303561E+05   1.0770015E+06   4.2445806E-02   1.4910787E-03   3.2071428E-02
   9.5000000E-01   5.9451240E+05   1.9476209E+05   7.8885901E+05   5.0467095E-02   2.1234338E-03   3.8521012E-02
   1.0000000E+00   3.3712868E+05   1.0372658E+05   4.4080496E+05   6.5180169E-02   2.4662290E-03   5.0420594E-02
