   0.0000000E+00   9.8415305E+07   5.1857009E+07   1.5022495E+08   4.3631584E-03   2.5657474E-03   3.7474955E-03
   5.0000000E-02   3.8402815E+07   1.9344774E+07   5.7698314E+07   1.4622892E-03   1.4926904E-03   1.4705762E-03
   1.0000000E-01   1.9368106E+07   9.6754110E+06   2.9019867E+07   4.7471984E-04   5.6144135E-04   4.9734737E-04
   1.5000000E-01   1.2371941E+07   6.1689517E+06   1.8524596E+07   3.8157740E-04   1.8437279E-04   3.1504544E-04
   2.0000000E-01   8.7312879E+06   4.3605112E+06   1.3080563E+07   1.3029347E-04   4.2638819E-04   2.2423370E-04
   2.5000000E-01   6.4667455E+06   3.2347033E+06   9.6939239E+06   2.5609425E-04   3.6168730E-04   2.8132818E-04
   3.0000000E-01   4.9736344E+06   2.4793794E+06   7.4468810E+06   3.4743307E-04   1.4242992E-04   1.8406215E-04
   3.5000000E-01   3.9025611E+06   1.9468196E+06   5.8453609E+06   2.6021276E-04   2.9287832E-04   2.7341671E-04
   4.0000000E-01   3.1204236E+06   1.5587078E+06   4.6757892E+06   5.0816666E-04   5.5237343E-04   5.1818683E-04
   4.5000000E-01   2.5291843E+06   1.2583780E+06   3.7854402E+06   3.9284746E-04   3.4052453E-04   2.6792206E-04
   5.0000000E-01   2.0573769E+06   1.0313431E+06   3.0872876E+06   3.5205208E-04   2.9784569E-04   2.1678134E-04
   5.5000000E-01   1.6806820E+06   8.4213800E+05   2.5217030E+06   8.1845752E-04   6.1970609E-04   7.5930582E-04
   6.0000000E-01   1.3890301E+06   6.9199508E+05   2.0801180E+06   5.9187468E-04   7.2758545E-04   6.2680021E-04
   6.5000000E-01   1.1392947E+06   5.6770813E+05   1.7064544E+06   7.1630825E-04   3.8883588E-04   5.9694395E-04
   7.0000000E-01   9.3573557E+05   4.6422769E+05   1.3994858E+06   7.7370690E-04   4.2176022E-04   6.2847359E-04
   7.5000000E-01   7.5585866E+05   3.7998137E+05   1.1355090E+06   1.6313621E-03   1.3920643E-03   1.5059984E-03
   8.0000000E-01   6.1167621E+05   3.0437587E+05   9.1576561E+05   1.3380237E-03   2.0656206E-03   1.5655074E-03
   8.5000000E-01   4.8041575E+05   2.4069845E+05   7.2090074E+05   2.5669214E-03   1.7813297E-03   2.2751210E-03
   9.0000000E-01   3.6172735E+05   1.8095917E+05   5.4261579E+05   3.3768218E-03   3.1671003E-03   3.2671569E-03
   9.5000000E-01   2.4236115E+05   1.2189593E+05   3.6420682E+05   4.8542765E-03   5.4226665E-03   5.0114414E-03
   1.0000000E+00   1.3341035E+05   6.8346241E+04   2.0175660E+05   1.4562925E-02   1.3414687E-02   1.4174605E-02
