   0.0000000E+00   2.8318019E+08   3.6630694E+08   6.4655919E+08   2.1940671E-02   1.0915235E-03   1.0176170E-02
   5.0000000E-02   1.9629216E+07   8.0295579E+06   2.7625988E+07   1.2176269E-01   2.2017638E-02   9.2797932E-02
   1.0000000E-01   1.0821358E+07   4.4325288E+06   1.5234375E+07   1.0515828E-01   2.1961191E-02   8.0983950E-02
   1.5000000E-01   7.6445090E+06   3.1439467E+06   1.0770057E+07   9.5701241E-02   2.2357138E-02   7.4337842E-02
   2.0000000E-01   5.9644747E+06   2.4531984E+06   8.4038903E+06   8.9010423E-02   2.3522475E-02   6.9943539E-02
   2.5000000E-01   4.8610758E+06   2.0153345E+06   6.8651421E+06   8.4783858E-02   2.4048246E-02   6.7001861E-02
   3.0000000E-01   4.0703664E+06   1.7148733E+06   5.7757859E+06   8.1862649E-02   2.5612663E-02   6.5202482E-02
   3.5000000E-01   3.4768807E+06   1.4683362E+06   4.9370955E+06   7.9670395E-02   2.7118489E-02   6.4084569E-02
   4.0000000E-01   3.0052591E+06   1.2865131E+06   4.2851752E+06   7.9383181E-02   2.7934395E-02   6.3968452E-02
   4.5000000E-01   2.6247904E+06   1.1263360E+06   3.7452341E+06   7.9565885E-02   2.9992266E-02   6.4692810E-02
   5.0000000E-01   2.3016988E+06   9.9178994E+05   3.2891852E+06   8.0487218E-02   3.2026337E-02   6.5904675E-02
   5.5000000E-01   2.0284732E+06   8.8127275E+05   2.9051796E+06   8.2765189E-02   3.4003540E-02   6.8016887E-02
   6.0000000E-01   1.7857344E+06   7.7719072E+05   2.5591213E+06   8.5247793E-02   3.6784999E-02   7.0567752E-02
   6.5000000E-01   1.5714910E+06   6.9069817E+05   2.2588151E+06   8.9101198E-02   3.8929625E-02   7.3792821E-02
   7.0000000E-01   1.3711744E+06   6.0697603E+05   1.9755721E+06   9.2398736E-02   4.2626880E-02   7.7142686E-02
   7.5000000E-01   1.1923421E+06   5.3152234E+05   1.7215939E+06   9.7378147E-02   4.6170325E-02   8.1630500E-02
   8.0000000E-01   1.0232986E+06   4.5734367E+05   1.4790508E+06   1.0345621E-01   5.0933818E-02   8.7242213E-02
   8.5000000E-01   8.5890493E+05   3.8619602E+05   1.2437603E+06   1.1216424E-01   5.6830062E-02   9.5030851E-02
   9.0000000E-01   6.8936726E+05   3.1135658E+05   9.9996697E+05   1.2194643E-01   6.3533047E-02   1.0376139E-01
   9.5000000E-01   4.9764568E+05   2.2442522E+05   7.2160181E+05   1.3573259E-01   7.3309023E-02   1.1632510E-01
   1.0000000E+00   2.5276163E+05   1.1141632E+05   3.6413393E+05   1.5282084E-01   8.4492935E-02   1.3192953E-01
