   0.0000000E+00   6.2447816E+07   3.1149551E+07   9.3592783E+07   4.4920287E-03   4.2850295E-03   4.4215345E-03
   5.0000000E-02   2.2558622E+07   1.1299619E+07   3.3853466E+07   5.2219157E-04   1.4158281E-03   8.0951690E-04
   1.0000000E-01   1.2049080E+07   6.0297123E+06   1.8076214E+07   6.3510508E-04   3.6744115E-04   5.4448762E-04
   1.5000000E-01   8.3520907E+06   4.1618381E+06   1.2511828E+07   5.0694039E-04   2.2314786E-04   2.6274046E-04
   2.0000000E-01   6.3609138E+06   3.1829875E+06   9.5423893E+06   1.2254133E-04   5.5886902E-04   1.3302597E-04
   2.5000000E-01   5.1133300E+06   2.5574544E+06   7.6696385E+06   3.7689487E-04   1.7655889E-04   2.1928391E-04
   3.0000000E-01   4.2714534E+06   2.1457906E+06   6.4163209E+06   4.4774217E-04   4.3950403E-04   1.5449008E-04
   3.5000000E-01   3.6468309E+06   1.8330648E+06   5.4789589E+06   4.8220330E-04   2.8912671E-04   3.3353947E-04
   4.0000000E-01   3.1565518E+06   1.5901966E+06   4.7459686E+06   3.1100395E-04   6.9092049E-04   1.9546589E-04
   4.5000000E-01   2.7764898E+06   1.3929099E+06   4.1687419E+06   2.7795858E-04   8.4852575E-04   2.4028221E-04
   5.0000000E-01   2.4370505E+06   1.2227365E+06   3.6593032E+06   3.4000705E-04   2.4005492E-04   2.9122711E-04
   5.5000000E-01   2.1601261E+06   1.0853673E+06   3.2450478E+06   1.5813863E-04   7.7100216E-04   2.9074467E-04
   6.0000000E-01   1.9130583E+06   9.5991651E+05   2.8725504E+06   3.3834647E-04   3.5736378E-04   1.3271131E-04
   6.5000000E-01   1.6911266E+06   8.4629294E+05   2.5370620E+06   4.5028995E-04   5.2617185E-04   3.3246199E-04
   7.0000000E-01   1.4827238E+06   7.4306715E+05   2.2255318E+06   1.9303027E-04   8.0386944E-04   3.9533318E-04
   7.5000000E-01   1.2933737E+06   6.4775637E+05   1.9408372E+06   3.4713308E-04   3.3731275E-04   2.8150717E-04
   8.0000000E-01   1.1096163E+06   5.5584068E+05   1.6652660E+06   6.8705120E-04   7.9802065E-04   6.5508520E-04
   8.5000000E-01   9.1988187E+05   4.6245933E+05   1.3821689E+06   8.5069546E-04   7.0064730E-04   6.4946903E-04
   9.0000000E-01   7.2844156E+05   3.6515095E+05   1.0935006E+06   9.3979990E-04   1.1751763E-03   9.2036034E-04
   9.5000000E-01   5.0416600E+05   2.5118336E+05   7.5529575E+05   9.7698646E-04   9.4458520E-04   8.8881551E-04
   1.0000000E+00   2.6074688E+05   1.3052434E+05   3.9126494E+05   1.6069632E-03   3.3663436E-03   1.7982566E-03
