   0.0000000E+00   9.2922805E+08   1.2462902E+09   2.1367582E+09   1.6457546E-02   3.8772505E-07   7.0205173E-03
   5.0000000E-02   3.1565391E+07   1.8213946E+07   4.9627758E+07   1.7208819E-01   1.0468818E-05   1.0913909E-01
   1.0000000E-01   1.2898521E+07   6.5644093E+06   1.9421200E+07   1.6255540E-01   2.0870940E-05   1.0777204E-01
   1.5000000E-01   7.1128466E+06   2.9554224E+06   1.0051186E+07   1.4109729E-01   3.9176756E-05   9.9733692E-02
   2.0000000E-01   4.5923681E+06   1.4192165E+06   6.0041521E+06   1.1207681E-01   4.6631101E-05   8.5646952E-02
   2.5000000E-01   3.3707489E+06   7.0021809E+05   4.0666507E+06   8.0125199E-02   1.7196609E-05   6.6371239E-02
   3.0000000E-01   2.7662084E+06   3.4506914E+05   3.1084128E+06   5.3113550E-02   6.6086172E-05   4.7237649E-02
   3.5000000E-01   2.4317511E+06   1.7497949E+05   2.6043478E+06   3.3041319E-02   4.3942416E-05   3.0842748E-02
   4.0000000E-01   2.2349731E+06   8.9437120E+04   2.3222457E+06   1.9935366E-02   9.4298347E-05   1.9169212E-02
   4.5000000E-01   2.0807351E+06   4.6805700E+04   2.1254471E+06   1.2130374E-02   2.9276026E-04   1.1872107E-02
   5.0000000E-01   1.9461339E+06   2.5382030E+04   1.9700263E+06   7.6765830E-03   1.0777147E-04   7.5837001E-03
   5.5000000E-01   1.7725809E+06   1.3860949E+04   1.7846594E+06   4.9591147E-03   1.6749912E-04   4.9221393E-03
   6.0000000E-01   1.5570871E+06   7.4590617E+03   1.5632517E+06   3.4532016E-03   2.8569483E-04   3.4383849E-03
   6.5000000E-01   1.3029893E+06   4.0253958E+03   1.3060891E+06   2.3546331E-03   2.2559020E-03   2.3511422E-03
   7.0000000E-01   1.0329110E+06   2.1599599E+03   1.0343207E+06   1.8395704E-03   8.2283424E-06   1.8374741E-03
   7.5000000E-01   7.7561509E+05   1.2732395E+03   7.7646816E+05   1.5447013E-03   1.4153372E-03   1.5439399E-03
   8.0000000E-01   5.4940286E+05   7.0426062E+02   5.4981269E+05   1.2960174E-03   2.4100273E-06   1.2950561E-03
   8.5000000E-01   3.6601892E+05   4.1942009E+02   3.6635221E+05   1.0731453E-03   3.8692996E-05   1.0721937E-03
   9.0000000E-01   2.2633955E+05   1.8391238E+02   2.2648456E+05   1.0224368E-03   1.3210167E-05   1.0217697E-03
   9.5000000E-01   1.1862907E+05   1.0051891E+02   1.1871619E+05   1.1258357E-03   1.1683696E-05   1.1250180E-03
   1.0000000E+00   4.5868062E+04   7.5451232E+01   4.5943513E+04   1.4682815E-03   6.5872838E-05   1.4659059E-03
