   0.0000000E+00   1.4282997E+08   9.8614440E+07   2.4125241E+08   9.8504817E-05   1.5235159E-05   6.1493784E-05
   5.0000000E-02   6.6464059E+07   3.4782676E+07   1.0101131E+08   3.1277690E-05   3.2213196E-05   3.0418025E-05
   1.0000000E-01   3.2029487E+07   1.5710280E+07   4.7646438E+07   1.1074769E-05   3.6971120E-05   1.8580943E-05
   1.5000000E-01   1.8376666E+07   8.9586408E+06   2.7280155E+07   3.5552511E-05   4.1854823E-05   2.9391204E-05
   2.0000000E-01   1.1496987E+07   5.5768847E+06   1.7045367E+07   4.9035328E-05   2.8608890E-05   3.3638569E-05
   2.5000000E-01   7.5114894E+06   3.6598125E+06   1.1156863E+07   2.4530700E-05   7.5619444E-05   3.2263003E-05
   3.0000000E-01   5.0587293E+06   2.4538403E+06   7.5043253E+06   5.0465373E-05   1.0935456E-04   6.8997106E-05
   3.5000000E-01   3.4593100E+06   1.6817494E+06   5.1363029E+06   6.8821591E-05   1.4239705E-05   4.6585626E-05
   4.0000000E-01   2.3945020E+06   1.1608602E+06   3.5527760E+06   1.1175534E-04   8.0945716E-05   6.2645642E-05
   4.5000000E-01   1.6795939E+06   8.1245415E+05   2.4905768E+06   1.8576402E-04   1.6085646E-04   1.6740758E-04
   5.0000000E-01   1.1854497E+06   5.7329520E+05   1.7580128E+06   3.3893011E-05   8.3772248E-05   4.1039601E-05
   5.5000000E-01   8.4227111E+05   4.1005258E+05   1.2519244E+06   1.2819753E-04   1.5493411E-04   3.4175618E-05
   6.0000000E-01   6.0132451E+05   2.8875481E+05   8.8986712E+05   2.6835251E-04   4.0909319E-04   3.0558686E-04
   6.5000000E-01   4.2732857E+05   2.0721484E+05   6.3441609E+05   4.7581484E-04   2.9389163E-04   3.2747704E-04
   7.0000000E-01   3.0736003E+05   1.4906452E+05   4.5635179E+05   1.3258676E-04   5.0856543E-04   8.1092665E-05
   7.5000000E-01   2.1850913E+05   1.0498709E+05   3.2346226E+05   5.6451710E-04   8.4764510E-04   6.3406103E-04
   8.0000000E-01   1.5546255E+05   7.4106520E+04   2.2956509E+05   5.5704972E-04   1.7540874E-03   7.6701731E-04
   8.5000000E-01   1.0558152E+05   5.1154271E+04   1.5671706E+05   1.3237837E-03   1.9082605E-03   1.4731429E-03
   9.0000000E-01   7.0148425E+04   3.3907076E+04   1.0405197E+05   1.3578530E-03   3.3006804E-03   1.9876901E-03
   9.5000000E-01   4.2077216E+04   2.0073627E+04   6.2147492E+04   2.3570074E-03   6.6749326E-03   3.6674451E-03
   1.0000000E+00   2.1088619E+04   1.0280230E+04   3.1368850E+04   1.2995998E-02   7.1547644E-03   1.0887420E-02
