   0.0000000E+00   6.2124413E+08   6.9354122E+08   1.3008811E+09   2.7546585E-02   1.0774504E-07   1.3014403E-02
   5.0000000E-02   4.2070763E+07   1.6442743E+07   5.8318127E+07   1.5202359E-01   2.9724287E-06   1.0931511E-01
   1.0000000E-01   1.9817846E+07   7.6474905E+06   2.7390852E+07   1.4285241E-01   3.5330672E-06   1.0314109E-01
   1.5000000E-01   1.2101145E+07   4.5968616E+06   1.6647310E+07   1.3540336E-01   3.2801016E-06   9.8170869E-02
   2.0000000E-01   8.1598103E+06   3.0755579E+06   1.1206482E+07   1.2995130E-01   3.9064458E-06   9.4409145E-02
   2.5000000E-01   5.8396877E+06   2.1594015E+06   7.9801689E+06   1.2624760E-01   6.3522904E-06   9.2183918E-02
   3.0000000E-01   4.3013958E+06   1.5760583E+06   5.8655599E+06   1.2276664E-01   5.1392816E-06   8.9891261E-02
   3.5000000E-01   3.2535090E+06   1.1718715E+06   4.4169044E+06   1.1915439E-01   8.1909120E-06   8.7623182E-02
   4.0000000E-01   2.5004196E+06   8.8796522E+05   3.3832282E+06   1.1711242E-01   7.2003973E-06   8.6484477E-02
   4.5000000E-01   1.9357132E+06   6.7504331E+05   2.6070924E+06   1.1518204E-01   4.3026466E-06   8.5443260E-02
   5.0000000E-01   1.5145630E+06   5.1908066E+05   2.0317274E+06   1.1456138E-01   1.8941861E-05   8.5344305E-02
   5.5000000E-01   1.1845353E+06   3.9369145E+05   1.5765136E+06   1.1493583E-01   1.6298333E-05   8.6303603E-02
   6.0000000E-01   9.3129515E+05   3.0489312E+05   1.2350424E+06   1.1420058E-01   8.5665633E-06   8.6067541E-02
   6.5000000E-01   7.3222047E+05   2.3742490E+05   9.6903813E+05   1.1594429E-01   1.6200133E-05   8.7567329E-02
   7.0000000E-01   5.7553611E+05   1.8128203E+05   7.5636795E+05   1.1774740E-01   2.9023308E-05   8.9549878E-02
   7.5000000E-01   4.4503542E+05   1.3915235E+05   5.8386097E+05   1.2043266E-01   1.2680083E-05   9.1782425E-02
   8.0000000E-01   3.4127992E+05   1.0417885E+05   4.4526381E+05   1.2483935E-01   1.6150073E-05   9.5644422E-02
   8.5000000E-01   2.5879343E+05   7.7847364E+04   3.3651347E+05   1.3198842E-01   1.7209796E-05   1.0146730E-01
   9.0000000E-01   1.8420239E+05   5.3377031E+04   2.3752637E+05   1.4193947E-01   2.3684945E-05   1.1003577E-01
   9.5000000E-01   1.1960410E+05   3.3747549E+04   1.5331479E+05   1.5797775E-01   1.0970896E-05   1.2322657E-01
   1.0000000E+00   5.9109753E+04   1.5505228E+04   7.4614981E+04   1.7929396E-01   7.5067036E-06   1.4203501E-01
