   0.0000000E+00   4.5776832E+08   9.7444842E+08   1.4182468E+09   1.7099506E-02   6.5184548E-05   5.4850593E-03
   5.0000000E-02   2.4365412E+07   1.5807014E+07   4.0084700E+07   1.2015012E-01   1.3317830E-03   7.3374199E-02
   1.0000000E-01   1.3209574E+07   6.8989211E+06   2.0068865E+07   9.6549558E-02   1.3085524E-03   6.3884777E-02
   1.5000000E-01   9.0889356E+06   3.9186706E+06   1.2981123E+07   7.9809279E-02   1.5465335E-03   5.6250755E-02
   2.0000000E-01   6.8731699E+06   2.4439515E+06   9.2996143E+06   6.7302318E-02   1.6152038E-03   5.0084885E-02
   2.5000000E-01   5.4410109E+06   1.6015953E+06   7.0298738E+06   5.6334006E-02   2.1437041E-03   4.4016595E-02
   3.0000000E-01   4.4340461E+06   1.0849062E+06   5.5091484E+06   4.8020806E-02   2.6283451E-03   3.9106034E-02
   3.5000000E-01   3.6684123E+06   7.4866485E+05   4.4100380E+06   4.0331975E-02   2.8534093E-03   3.3979657E-02
   4.0000000E-01   3.0847809E+06   5.2287969E+05   3.6021220E+06   3.4601494E-02   3.2747684E-03   3.0070937E-02
   4.5000000E-01   2.5810475E+06   3.6634638E+05   2.9433479E+06   3.0075883E-02   3.7994297E-03   2.6813713E-02
   5.0000000E-01   2.1817087E+06   2.5878594E+05   2.4379291E+06   2.6332926E-02   3.9569981E-03   2.3968123E-02
   5.5000000E-01   1.8259470E+06   1.8558624E+05   2.0095829E+06   2.3503704E-02   4.9399442E-03   2.1799693E-02
   6.0000000E-01   1.5191180E+06   1.3352569E+05   1.6512697E+06   2.1153477E-02   5.4893844E-03   1.9889618E-02
   6.5000000E-01   1.2619273E+06   9.5977776E+04   1.3569159E+06   1.9770185E-02   6.5887465E-03   1.8845510E-02
   7.0000000E-01   1.0257218E+06   6.9318799E+04   1.0942221E+06   1.8490177E-02   8.7048071E-03   1.7871605E-02
   7.5000000E-01   8.2444807E+05   5.0123197E+04   8.7397709E+05   1.8056207E-02   8.2357151E-03   1.7487191E-02
   8.0000000E-01   6.4802720E+05   3.6394757E+04   6.8409569E+05   1.8308082E-02   8.7785997E-03   1.7808172E-02
   8.5000000E-01   4.9039570E+05   2.4918047E+04   5.1508157E+05   1.9261403E-02   1.1318375E-02   1.8868771E-02
   9.0000000E-01   3.5526920E+05   1.6633460E+04   3.7178948E+05   2.0658818E-02   1.4098603E-02   2.0365223E-02
   9.5000000E-01   2.2503504E+05   1.0105501E+04   2.3510368E+05   2.3996104E-02   1.7954504E-02   2.3737943E-02
   1.0000000E+00   1.0165796E+05   4.3447335E+03   1.0599641E+05   2.9403236E-02   1.8576231E-02   2.8841758E-02
