   0.0000000E+00   8.2867421E+08   1.1760185E+09   1.9731862E+09   1.6556267E-02   4.6777979E-07   6.8223260E-03
   5.0000000E-02   3.0123065E+07   1.8244886E+07   4.8240755E+07   1.6640266E-01   1.8392361E-05   1.0360619E-01
   1.0000000E-01   1.2919212E+07   6.9460947E+06   1.9821379E+07   1.5684827E-01   4.0322694E-05   1.0203667E-01
   1.5000000E-01   7.3521944E+06   3.4086745E+06   1.0742322E+07   1.4147103E-01   2.5521171E-05   9.6680250E-02
   2.0000000E-01   4.8352545E+06   1.7963500E+06   6.6222303E+06   1.1995928E-01   9.7105174E-05   8.7508838E-02
   2.5000000E-01   3.5210548E+06   9.7858645E+05   4.4941409E+06   9.5286664E-02   8.3326680E-05   7.4566390E-02
   3.0000000E-01   2.7761291E+06   5.3969441E+05   3.3121629E+06   7.2563883E-02   9.9401713E-05   6.0782416E-02
   3.5000000E-01   2.3338299E+06   3.0326747E+05   2.6346055E+06   5.1731282E-02   8.8588417E-05   4.5801787E-02
   4.0000000E-01   2.0628550E+06   1.6748670E+05   2.2283363E+06   3.5553585E-02   1.1952266E-04   3.2909306E-02
   4.5000000E-01   1.8818339E+06   9.7975783E+04   1.9780908E+06   2.3967823E-02   1.5098466E-04   2.2787501E-02
   5.0000000E-01   1.7516848E+06   5.7295780E+04   1.8074972E+06   1.6357355E-02   2.1581114E-04   1.5850923E-02
   5.5000000E-01   1.6225065E+06   3.2849580E+04   1.6539903E+06   1.1171638E-02   3.0625819E-04   1.0954214E-02
   6.0000000E-01   1.4945869E+06   2.0053523E+04   1.5132028E+06   7.7551181E-03   4.5177068E-04   7.6625524E-03
   6.5000000E-01   1.3472980E+06   1.1943966E+04   1.3581940E+06   5.7198734E-03   1.8334599E-04   5.6699664E-03
   7.0000000E-01   1.1756867E+06   7.2301817E+03   1.1819756E+06   4.2966990E-03   1.3506242E-03   4.2800681E-03
   7.5000000E-01   9.8156583E+05   4.3926764E+03   9.8528793E+05   3.3485607E-03   4.2129954E-04   3.3349350E-03
   8.0000000E-01   7.8748672E+05   2.4828171E+03   7.8945229E+05   2.7266348E-03   4.6448014E-05   2.7184275E-03
   8.5000000E-01   5.9640038E+05   1.5203978E+03   5.9766239E+05   2.5989282E-03   1.5853065E-03   2.5898726E-03
   9.0000000E-01   4.1301769E+05   8.7712058E+02   4.1374273E+05   2.3764822E-03   1.5537012E-03   2.3750255E-03
   9.5000000E-01   2.4582235E+05   5.2939960E+02   2.4631489E+05   2.2853796E-03   6.4100830E-06   2.2808256E-03
   1.0000000E+00   1.0295949E+05   1.0060164E+02   1.0306010E+05   2.5742979E-03   4.8135217E-02   2.6187449E-03
