   0.0000000E+00   1.3801102E+08   7.3830068E+07   2.1179474E+08   5.8337839E-05   8.2027792E-05   5.1425690E-05
   5.0000000E-02   5.0939004E+07   2.5492929E+07   7.6388388E+07   5.3973710E-05   3.3083196E-05   3.6579496E-05
   1.0000000E-01   2.4113629E+07   1.2101028E+07   3.6195717E+07   6.7237114E-05   2.0068362E-05   4.3557129E-05
   1.5000000E-01   1.4590455E+07   7.2920975E+06   2.1870818E+07   4.6319992E-05   6.1968055E-05   4.6671859E-05
   2.0000000E-01   9.7946817E+06   4.8861363E+06   1.4674452E+07   4.4811374E-05   1.0003502E-04   5.3840085E-05
   2.5000000E-01   6.8931406E+06   3.4523636E+06   1.0341303E+07   4.0635196E-05   7.6615472E-05   1.0031511E-05
   3.0000000E-01   5.0517370E+06   2.5199957E+06   7.5688043E+06   5.5717974E-05   9.3190065E-05   6.0144837E-05
   3.5000000E-01   3.7810940E+06   1.8901605E+06   5.6695902E+06   1.2394034E-04   7.0438373E-05   8.5604590E-05
   4.0000000E-01   2.8765267E+06   1.4370179E+06   4.3123111E+06   2.2805290E-04   2.2850872E-05   1.4772909E-04
   4.5000000E-01   2.2164554E+06   1.1016139E+06   3.3172983E+06   1.0684127E-04   3.1807594E-04   1.7252565E-04
   5.0000000E-01   1.7239791E+06   8.6238424E+05   2.5858731E+06   1.4293765E-04   2.9200350E-04   1.4797614E-04
   5.5000000E-01   1.3474115E+06   6.6894848E+05   2.0160649E+06   1.9067569E-04   3.3241220E-04   2.2384842E-04
   6.0000000E-01   1.0565023E+06   5.2659596E+05   1.5828384E+06   1.9433040E-04   3.7458707E-04   2.3645001E-04
   6.5000000E-01   8.3389355E+05   4.1644238E+05   1.2501939E+06   3.6159301E-04   3.5029638E-04   1.6729970E-04
   7.0000000E-01   6.5072545E+05   3.2488981E+05   9.7549702E+05   2.6084316E-04   2.9574459E-04   2.3619381E-04
   7.5000000E-01   5.0689788E+05   2.5378211E+05   7.6060784E+05   5.2036783E-04   7.1884955E-04   5.6817964E-04
   8.0000000E-01   3.9037127E+05   1.9480565E+05   5.8513713E+05   5.5654306E-04   5.1145833E-04   5.3737917E-04
   8.5000000E-01   2.9360529E+05   1.4621284E+05   4.3978817E+05   8.2864595E-04   8.6489814E-04   8.1195736E-04
   9.0000000E-01   2.0757695E+05   1.0446223E+05   3.1202503E+05   7.9106018E-04   7.4362315E-04   7.6250970E-04
   9.5000000E-01   1.3092923E+05   6.5762822E+04   1.9667530E+05   1.3992878E-03   2.1623291E-03   1.5674199E-03
   1.0000000E+00   6.3863181E+04   3.2689246E+04   9.6552427E+04   2.5850715E-03   5.1686309E-03   3.3577688E-03
