   0.0000000E+00   1.7148449E+08   8.8323609E+07   2.5974851E+08   2.0009649E-04   8.6420227E-05   1.1534204E-04
   5.0000000E-02   5.8064371E+07   2.9090659E+07   8.7097606E+07   9.2454844E-05   7.6721301E-06   5.9491327E-05
   1.0000000E-01   2.6569867E+07   1.3275305E+07   3.9820471E+07   2.9056407E-05   4.9673373E-05   2.7299077E-05
   1.5000000E-01   1.5646841E+07   7.8313994E+06   2.3464256E+07   5.5439260E-05   7.4359530E-05   4.2839466E-05
   2.0000000E-01   1.0188129E+07   5.0974463E+06   1.5278461E+07   5.2433996E-05   2.9250846E-05   2.7862717E-05
   2.5000000E-01   7.0057077E+06   3.5040444E+06   1.0505245E+07   8.2844313E-05   9.4597161E-05   3.4408501E-05
   3.0000000E-01   4.9878841E+06   2.4991782E+06   7.4841869E+06   5.9081376E-05   1.3354132E-04   8.0953773E-05
   3.5000000E-01   3.6371816E+06   1.8194957E+06   5.4549766E+06   4.6139696E-05   2.2920965E-04   5.4673302E-05
   4.0000000E-01   2.6888591E+06   1.3473341E+06   4.0351189E+06   5.2480360E-05   6.3993886E-05   1.6726825E-05
   4.5000000E-01   2.0083515E+06   1.0066161E+06   3.0141824E+06   2.1219836E-04   5.7238565E-05   1.5197381E-04
   5.0000000E-01   1.5250800E+06   7.5830328E+05   2.2830013E+06   6.0118130E-05   3.5966484E-04   8.2256077E-05
   5.5000000E-01   1.1627108E+06   5.7673121E+05   1.7391005E+06   1.7139448E-04   3.6963849E-04   2.0131097E-04
   6.0000000E-01   8.8744796E+05   4.3865224E+05   1.3259357E+06   3.5301980E-04   9.9514401E-05   2.0388341E-04
   6.5000000E-01   6.7767195E+05   3.3738889E+05   1.0149629E+06   1.5167550E-04   8.5661810E-04   3.8410077E-04
   7.0000000E-01   5.1900882E+05   2.5744449E+05   7.7640783E+05   3.7726019E-04   5.6638676E-04   4.1800393E-04
   7.5000000E-01   3.9218749E+05   1.9526402E+05   5.8740906E+05   7.2964814E-04   9.0107919E-04   7.8163241E-04
   8.0000000E-01   2.9401488E+05   1.4751674E+05   4.4149979E+05   4.0567636E-04   1.1285940E-03   6.4404317E-04
   8.5000000E-01   2.1371326E+05   1.0583242E+05   3.1953070E+05   1.4766009E-03   1.5574818E-03   1.4024073E-03
   9.0000000E-01   1.4786909E+05   7.4063637E+04   2.2192565E+05   1.2378984E-03   9.3611387E-04   5.2543957E-04
   9.5000000E-01   9.1090238E+04   4.5330678E+04   1.3641757E+05   1.3469251E-03   1.8794137E-03   1.3391771E-03
   1.0000000E+00   4.2743123E+04   2.1729955E+04   6.4473078E+04   3.2284446E-03   4.8841511E-03   3.7260677E-03
