   0.0000000E+00   3.2347817E+09   1.6595343E+09   4.6915582E+09   1.5817699E-05   5.7956630E-07   1.0909077E-05
   5.0000000E-02   1.1872959E+05   2.8711552E+04   1.4744114E+05   1.9021519E-01   3.1163753E-03   1.5378101E-01
   1.0000000E-01   5.3571554E+04   1.2095776E+04   6.5667330E+04   1.9691375E-01   6.8637124E-03   1.6190696E-01
   1.5000000E-01   3.2510050E+04   7.8516439E+03   4.0361694E+04   2.1096134E-01   1.6143718E-03   1.7023664E-01
   2.0000000E-01   2.2313523E+04   5.1725357E+03   2.7486059E+04   2.1678582E-01   3.1196969E-03   1.7657650E-01
   2.5000000E-01   1.6004621E+04   3.4504792E+03   1.9455100E+04   2.2902365E-01   5.4409730E-06   1.8840396E-01
   3.0000000E-01   1.2233710E+04   2.5995307E+03   1.4822630E+04   2.3466150E-01   2.8786140E-03   1.9398472E-01
   3.5000000E-01   9.5038237E+03   1.9917104E+03   1.1495534E+04   2.3621474E-01   1.0574203E-07   1.9528831E-01
   4.0000000E-01   7.1142260E+03   1.6552114E+03   8.7694374E+03   2.3230530E-01   1.4764867E-03   1.8873457E-01
   4.5000000E-01   6.1539911E+03   1.0822536E+03   7.2362447E+03   2.2868022E-01   8.9564023E-06   1.9447744E-01
   5.0000000E-01   4.6918877E+03   8.5307049E+02   5.5449582E+03   2.3351564E-01   5.5734533E-03   1.9844761E-01
   5.5000000E-01   3.9875548E+03   7.6973118E+02   4.7572859E+03   2.1103552E-01   5.2208990E-05   1.7688143E-01
   6.0000000E-01   3.1247420E+03   4.8276999E+02   3.6075120E+03   2.1581110E-01   2.8857586E-05   1.8692663E-01
   6.5000000E-01   2.5415820E+03   5.0929582E+02   3.0508778E+03   2.0700897E-01   3.2204772E-06   1.7245156E-01
   7.0000000E-01   2.2463583E+03   3.3195174E+02   2.5783101E+03   2.0149526E-01   7.1178316E-08   1.7555320E-01
   7.5000000E-01   1.8122443E+03   2.6313617E+02   2.0753805E+03   1.7137958E-01   6.3402045E-06   1.4965128E-01
   8.0000000E-01   1.5079931E+03   1.9098593E+02   1.6989790E+03   1.5983338E-01   2.3481712E-05   1.4186352E-01
   8.5000000E-01   1.1871086E+03   8.9875733E+01   1.2769844E+03   1.7088478E-01   5.2076865E-06   1.5885807E-01
   9.0000000E-01   8.5589992E+02   1.0610330E+02   9.6200321E+02   1.2984096E-01   1.4315332E-04   1.1553605E-01
   9.5000000E-01   5.5620464E+02   4.0207565E+01   5.9641221E+02   1.1997719E-01   2.4834376E-06   1.1188868E-01
   1.0000000E+00   2.7036692E+02   2.5150411E+01   2.9551733E+02   1.4792001E-01   1.9923958E-05   1.3532938E-01
