   0.0000000E+00   7.1250434E+08   3.3561627E+08   1.0467282E+09   2.1669836E-03   6.8482046E-06   1.4731196E-03
   5.0000000E-02   1.5181777E+08   7.3753610E+07   2.2505572E+08   7.2543147E-04   5.5931054E-05   5.1326081E-04
   1.0000000E-01   4.2751373E+07   2.1846531E+07   6.4522178E+07   4.1297648E-04   1.6723737E-04   3.2426300E-04
   1.5000000E-01   1.5348945E+07   8.2268039E+06   2.3560364E+07   8.5616101E-04   3.8027771E-04   6.6577084E-04
   2.0000000E-01   5.9638540E+06   3.3479834E+06   9.3087498E+06   2.9185223E-04   7.0044051E-04   4.0776884E-04
   2.5000000E-01   2.4385084E+06   1.4242330E+06   3.8620920E+06   7.5780741E-04   1.5265985E-03   9.9119927E-04
   3.0000000E-01   1.0241090E+06   6.2073611E+05   1.6446966E+06   1.2085828E-03   2.9993401E-03   1.4547963E-03
   3.5000000E-01   4.4496084E+05   2.7293709E+05   7.1784336E+05   1.4309462E-03   6.2339638E-03   2.0347234E-03
   4.0000000E-01   2.0319312E+05   1.2414881E+05   3.2734193E+05   2.1149186E-04   1.1555061E-02   4.4020498E-03
   4.5000000E-01   9.8845830E+04   5.6864293E+04   1.5571012E+05   5.8628356E-03   2.0840785E-02   4.2097197E-03
   5.0000000E-01   5.5710596E+04   2.6330594E+04   8.2041190E+04   1.1557606E-02   4.0911016E-02   5.8132868E-03
   5.5000000E-01   3.8081437E+04   1.3322716E+04   5.1404153E+04   1.7182618E-02   6.8707882E-02   5.3221565E-03
   6.0000000E-01   2.7899862E+04   6.7746954E+03   3.4674557E+04   2.0554249E-02   1.0591454E-01   4.3960862E-03
   6.5000000E-01   2.3638182E+04   4.1674110E+03   2.7805593E+04   2.7271535E-02   1.6141420E-01   1.6269207E-03
   7.0000000E-01   2.1181249E+04   2.6465193E+03   2.3827769E+04   3.2735856E-02   2.1833126E-01   4.8502023E-03
   7.5000000E-01   2.0312415E+04   1.5278875E+03   2.1840302E+04   3.1582135E-02   3.2190369E-01   6.9257102E-03
   8.0000000E-01   1.8708664E+04   1.2294719E+03   1.9938135E+04   2.9943007E-02   3.6337036E-01   5.7119929E-03
   8.5000000E-01   1.7739223E+04   8.1637124E+02   1.8555594E+04   3.0620681E-02   4.2202147E-01   1.0707580E-02
   9.0000000E-01   1.5632552E+04   5.2697970E+02   1.6159532E+04   2.7713637E-02   4.9372500E-01   1.0722406E-02
   9.5000000E-01   1.1549623E+04   2.7810232E+02   1.1827725E+04   3.8281539E-02   5.2779642E-01   2.4972012E-02
   1.0000000E+00   5.1935598E+03   1.1317685E+02   5.3067367E+03   5.1408006E-02   5.9012237E-01   3.7779557E-02
