   0.0000000E+00   1.4851672E+09   1.1143331E+09   2.5429268E+09   6.2371917E-03   3.9114733E-08   3.5766277E-03
   5.0000000E-02   2.1502278E+07   6.7335910E+06   2.8192834E+07   1.7231228E-01   3.6050770E-07   1.3122119E-01
   1.0000000E-01   1.0415068E+07   3.2446600E+06   1.3638942E+07   1.7194526E-01   4.7192192E-06   1.3114997E-01
   1.5000000E-01   6.6535891E+06   2.0584039E+06   8.6991545E+06   1.7376732E-01   1.8244339E-06   1.3276028E-01
   2.0000000E-01   4.7213314E+06   1.4596100E+06   6.1726653E+06   1.7590811E-01   3.2439419E-06   1.3438287E-01
   2.5000000E-01   3.5636065E+06   1.0880341E+06   4.6454781E+06   1.7847637E-01   2.7632162E-06   1.3677736E-01
   3.0000000E-01   2.7769885E+06   8.4674674E+05   3.6195123E+06   1.8187950E-01   4.4147612E-07   1.3939958E-01
   3.5000000E-01   2.2103166E+06   6.7644489E+05   2.8833692E+06   1.8519535E-01   5.0007221E-06   1.4182179E-01
   4.0000000E-01   1.7954587E+06   5.4698371E+05   2.3402302E+06   1.8986619E-01   5.6081492E-06   1.4555282E-01
   4.5000000E-01   1.4730674E+06   4.4745174E+05   1.9187083E+06   1.9326002E-01   5.6476194E-06   1.4826295E-01
   5.0000000E-01   1.2156700E+06   3.6932859E+05   1.5835408E+06   1.9900653E-01   2.9958002E-06   1.5265061E-01
   5.5000000E-01   1.0094301E+06   3.0365606E+05   1.3120907E+06   2.0539723E-01   6.7867706E-06   1.5792011E-01
   6.0000000E-01   8.3956355E+05   2.5132688E+05   1.0901000E+06   2.1206652E-01   5.4601625E-06   1.6324431E-01
   6.5000000E-01   6.9579113E+05   2.0732257E+05   9.0261420E+05   2.1885139E-01   5.2220266E-06   1.6861177E-01
   7.0000000E-01   5.7419466E+05   1.6932267E+05   7.4308533E+05   2.2713675E-01   7.6401238E-06   1.7545638E-01
   7.5000000E-01   4.7043655E+05   1.3876189E+05   6.0888437E+05   2.3568192E-01   1.9291689E-07   1.8202887E-01
   8.0000000E-01   3.8090950E+05   1.1225596E+05   4.9294663E+05   2.4797724E-01   7.8368832E-07   1.9155300E-01
   8.5000000E-01   2.9884056E+05   8.7224398E+04   3.8592640E+05   2.6035715E-01   8.3011296E-06   2.0154114E-01
   9.0000000E-01   2.2381075E+05   6.4252619E+04   2.8799617E+05   2.7545270E-01   9.1178190E-06   2.1401701E-01
   9.5000000E-01   1.4662359E+05   4.1906334E+04   1.8850311E+05   2.9276401E-01   2.6159721E-06   2.2769514E-01
   1.0000000E+00   6.6592000E+04   1.8636454E+04   8.5222167E+04   3.0929801E-01   8.9233712E-06   2.4168522E-01
