   0.0000000E+00   3.2368902E+09   1.6621236E+09   4.6666638E+09   1.2611102E-05   1.2623490E-06   9.0726059E-06
   5.0000000E-02   1.0529691E+05   2.5210143E+04   1.3050705E+05   1.8102267E-01   2.2690215E-02   1.5043747E-01
   1.0000000E-01   5.0611272E+04   1.1395494E+04   6.2006766E+04   1.8370893E-01   2.1009380E-02   1.5380829E-01
   1.5000000E-01   3.1470237E+04   7.8728645E+03   3.9343102E+04   1.9580841E-01   1.9366469E-02   1.6050098E-01
   2.0000000E-01   2.2520424E+04   5.5863385E+03   2.8106763E+04   2.0061649E-01   1.3692259E-02   1.6345335E-01
   2.5000000E-01   1.6806762E+04   4.3926764E+03   2.1199438E+04   2.1354719E-01   1.0024634E-02   1.7137585E-01
   3.0000000E-01   1.3443288E+04   3.4165261E+03   1.6859814E+04   2.1162071E-01   1.1775869E-02   1.7112351E-01
   3.5000000E-01   1.0404186E+04   2.2554529E+03   1.2659639E+04   2.2770600E-01   9.4206657E-03   1.8881608E-01
   4.0000000E-01   8.5068317E+03   2.3395777E+03   1.0846409E+04   2.3219810E-01   1.2404970E-02   1.8478857E-01
   4.5000000E-01   7.6040695E+03   1.6622850E+03   9.2663545E+03   2.3518800E-01   1.4065123E-02   1.9552092E-01
   5.0000000E-01   6.3089019E+03   1.3623663E+03   7.6712683E+03   2.4791241E-01   1.5549387E-02   2.0664628E-01
   5.5000000E-01   5.1334703E+03   1.1343407E+03   6.2678110E+03   2.5385944E-01   6.8318406E-03   2.0915268E-01
   6.0000000E-01   4.4616436E+03   1.0026761E+03   5.4643197E+03   2.6085723E-01   1.0679171E-02   2.1495077E-01
   6.5000000E-01   3.4328497E+03   9.1085598E+02   4.3437057E+03   2.6830248E-01   1.1569925E-02   2.1446680E-01
   7.0000000E-01   2.8602417E+03   6.9118718E+02   3.5514289E+03   2.6693803E-01   2.5738789E-03   2.1548687E-01
   7.5000000E-01   2.3852021E+03   6.0266672E+02   2.9878688E+03   2.8445076E-01   1.1423594E-02   2.2937994E-01
   8.0000000E-01   2.0212678E+03   4.9338032E+02   2.5146481E+03   2.9142191E-01   3.1314635E-03   2.3485859E-01
   8.5000000E-01   1.7301079E+03   3.2579953E+02   2.0559074E+03   2.8690006E-01   4.4728829E-05   2.4144211E-01
   9.0000000E-01   1.1388420E+03   3.2892022E+02   1.4677623E+03   3.0289885E-01   4.4923601E-03   2.3602704E-01
   9.5000000E-01   7.6059310E+02   1.7423278E+02   9.3482588E+02   3.0753630E-01   1.0211211E-05   2.5021580E-01
   1.0000000E+00   3.3953055E+02   8.8026438E+01   4.2755698E+02   3.2871842E-01   3.8904946E-06   2.6104190E-01
