   0.0000000E+00   2.4164671E+09   1.5613512E+09   3.8510556E+09   6.0632546E-03   1.1795519E-08   3.7005003E-03
   5.0000000E-02   2.2328802E+07   6.9759521E+06   2.9258726E+07   2.2376002E-01   7.6636892E-07   1.7044673E-01
   1.0000000E-01   6.2151279E+06   1.8742086E+06   8.0825246E+06   2.4778197E-01   3.6040509E-06   1.9039681E-01
   1.5000000E-01   2.1765181E+06   5.5975855E+05   2.7350034E+06   2.3432599E-01   4.3466324E-06   1.8640457E-01
   2.0000000E-01   9.6175741E+05   1.6437523E+05   1.1256552E+06   1.7199363E-01   4.7133116E-05   1.4688550E-01
   2.5000000E-01   5.9124151E+05   4.5263666E+04   6.3639059E+05   8.6747814E-02   8.5544462E-05   8.0594483E-02
   3.0000000E-01   4.9085507E+05   1.2753616E+04   5.0352380E+05   3.3831390E-02   1.6087079E-05   3.2980596E-02
   3.5000000E-01   4.7877445E+05   3.8197186E+03   4.8249413E+05   1.1758781E-02   1.3283313E-03   1.1678643E-02
   4.0000000E-01   5.0274659E+05   1.2891550E+03   5.0393230E+05   4.1970738E-03   2.9823647E-03   4.1948234E-03
   4.5000000E-01   5.4756374E+05   4.3856029E+02   5.4783253E+05   1.3621433E-03   1.0101091E-04   1.3615736E-03
   5.0000000E-01   6.0602383E+05   1.4642255E+02   6.0595380E+05   4.5639271E-04   2.6554762E-02   4.6287770E-04
   5.5000000E-01   6.6090971E+05   6.3661977E+01   6.6078817E+05   1.9791984E-04   4.3463700E-02   2.0215031E-04
   6.0000000E-01   6.7943776E+05   1.5915494E+01   6.7916189E+05   6.6676371E-05   1.6006851E-06   6.6698960E-05
   6.5000000E-01   6.3848066E+05   0.0000000E+00   6.3827988E+05   1.5209825E-05   0.0000000E+00   1.5240012E-05
   7.0000000E-01   5.2126427E+05   4.5472841E+00   5.2107783E+05   6.7469874E-06   1.7316920E-05   6.7503628E-06
   7.5000000E-01   3.6480859E+05   4.2441318E+00   3.6469825E+05   1.5892884E-05   6.5014623E-01   2.3134851E-05
   8.0000000E-01   2.1417083E+05   3.9788736E+00   2.1414298E+05   9.8073361E-06   1.3888983E-06   9.8101422E-06
   8.5000000E-01   1.0832647E+05   0.0000000E+00   1.0831524E+05   4.2028243E-05   0.0000000E+00   4.2032552E-05
   9.0000000E-01   4.5804793E+04   0.0000000E+00   4.5804793E+04   2.1809452E-05   0.0000000E+00   2.1809452E-05
   9.5000000E-01   1.6495153E+04   0.0000000E+00   1.6495153E+04   3.5798144E-05   0.0000000E+00   3.5798144E-05
   1.0000000E+00   4.3258707E+03   0.0000000E+00   4.3258707E+03   1.1868398E-05   0.0000000E+00   1.1868398E-05
