   0.0000000E+00   3.2333990E+09   1.6612644E+09   4.6794329E+09   6.5240361E-05   5.0171650E-09   4.3377178E-05
   5.0000000E-02   3.2295721E+05   8.0341415E+04   4.0329863E+05   2.3088301E-01   1.6627361E-07   1.8488867E-01
   1.0000000E-01   9.4856346E+04   2.3841410E+04   1.1866593E+05   2.7289263E-01   1.1616182E-05   2.1803662E-01
   1.5000000E-01   3.4101599E+04   8.7216909E+03   4.2823290E+04   2.8083706E-01   1.2957817E-04   2.2361343E-01
   2.0000000E-01   1.3225776E+04   3.1830989E+03   1.6408875E+04   2.6025041E-01   2.8392764E-06   2.0976591E-01
   2.5000000E-01   6.0988174E+03   7.5121133E+02   6.8500288E+03   1.6166129E-01   4.2367511E-06   1.4393217E-01
   3.0000000E-01   4.1698595E+03   2.0159626E+02   4.3714558E+03   8.4306206E-02   9.8609458E-06   8.0418753E-02
   3.5000000E-01   3.9743263E+03   8.1851114E+01   4.0561774E+03   2.2407324E-02   3.1677185E-06   2.1955222E-02
   4.0000000E-01   3.9550003E+03   1.5915494E+01   3.9709158E+03   2.4575546E-03   2.0879220E-06   2.4476963E-03
   4.5000000E-01   4.0885136E+03   0.0000000E+00   4.0885136E+03   1.4122715E-03   0.0000000E+00   1.4122715E-03
   5.0000000E-01   4.3035497E+03   0.0000000E+00   4.3035497E+03   4.1624812E-06   0.0000000E+00   4.1624812E-06
   5.5000000E-01   5.1739825E+03   0.0000000E+00   5.1739825E+03   2.7531506E-05   0.0000000E+00   2.7531506E-05
   6.0000000E-01   5.4802352E+03   0.0000000E+00   5.4802352E+03   3.2237014E-06   0.0000000E+00   3.2237014E-06
   6.5000000E-01   5.9401522E+03   0.0000000E+00   5.9401522E+03   1.7734566E-06   0.0000000E+00   1.7734566E-06
   7.0000000E-01   6.4525961E+03   0.0000000E+00   6.4525961E+03   5.0890820E-05   0.0000000E+00   5.0890820E-05
   7.5000000E-01   6.4765452E+03   0.0000000E+00   6.4765452E+03   4.9826118E-05   0.0000000E+00   4.9826118E-05
   8.0000000E-01   5.2839441E+03   0.0000000E+00   5.2839441E+03   7.5305639E-06   0.0000000E+00   7.5305639E-06
   8.5000000E-01   4.0706217E+03   0.0000000E+00   4.0706217E+03   4.5787075E-06   0.0000000E+00   4.5787075E-06
   9.0000000E-01   2.5747733E+03   0.0000000E+00   2.5747733E+03   5.8617288E-06   0.0000000E+00   5.8617288E-06
   9.5000000E-01   1.4106154E+03   0.0000000E+00   1.4106154E+03   8.3859571E-06   0.0000000E+00   8.3859571E-06
   1.0000000E+00   5.8474705E+02   0.0000000E+00   5.8474705E+02   1.5555275E-06   0.0000000E+00   1.5555275E-06
