   0.0000000E+00   6.4037838E+07   3.2009242E+07   9.6044024E+07   2.6912323E-03   1.8520188E-03   2.3898890E-03
   5.0000000E-02   2.3179517E+07   1.1599658E+07   3.4774400E+07   4.9559237E-04   5.9352236E-04   5.3483215E-04
   1.0000000E-01   1.2328460E+07   6.1375876E+06   1.8463597E+07   4.7201253E-04   3.1189867E-04   3.3796174E-04
   1.5000000E-01   8.4556687E+06   4.2457658E+06   1.2699588E+07   4.0007070E-04   6.6705347E-04   4.2497294E-04
   2.0000000E-01   6.4555314E+06   3.2312273E+06   9.6848329E+06   2.4358122E-04   5.5941549E-04   7.6496400E-05
   2.5000000E-01   5.1632665E+06   2.5921884E+06   7.7540925E+06   2.1851881E-04   2.4549489E-04   1.8476131E-04
   3.0000000E-01   4.3145632E+06   2.1688362E+06   6.4821262E+06   2.5609570E-04   8.5899289E-04   4.5682639E-04
   3.5000000E-01   3.6637104E+06   1.8429324E+06   5.5057243E+06   2.2690112E-04   7.4684440E-04   1.1881788E-04
   4.0000000E-01   3.1695946E+06   1.5844591E+06   4.7532977E+06   4.0851324E-04   3.5199256E-04   3.8396863E-04
   4.5000000E-01   2.7767374E+06   1.3866427E+06   4.1628284E+06   4.7766024E-04   1.7850971E-04   2.9696573E-04
   5.0000000E-01   2.4309517E+06   1.2191269E+06   3.6494483E+06   5.1521272E-04   3.7532916E-04   2.5051430E-04
   5.5000000E-01   2.1455591E+06   1.0756675E+06   3.2206768E+06   3.5756771E-04   4.3609192E-04   2.5169778E-04
   6.0000000E-01   1.8845643E+06   9.4895604E+05   2.8330270E+06   2.2418008E-04   3.6552311E-04   1.9111627E-04
   6.5000000E-01   1.6653386E+06   8.3858984E+05   2.5035415E+06   3.6858618E-04   4.2250205E-04   3.0593783E-04
   7.0000000E-01   1.4643801E+06   7.3192630E+05   2.1959835E+06   2.8200625E-04   7.5430547E-04   2.9123895E-04
   7.5000000E-01   1.2733032E+06   6.3619536E+05   1.9092142E+06   6.2256152E-04   5.3519777E-04   5.9167146E-04
   8.0000000E-01   1.0863160E+06   5.4278202E+05   1.6289349E+06   7.4986314E-04   4.7944816E-05   4.8801993E-04
   8.5000000E-01   9.0401506E+05   4.5310476E+05   1.3569588E+06   5.3634679E-04   8.3075449E-04   5.3470252E-04
   9.0000000E-01   7.1221130E+05   3.5435671E+05   1.0664761E+06   5.8750628E-04   1.8343648E-03   1.0005291E-03
   9.5000000E-01   4.9090756E+05   2.4614066E+05   7.3697785E+05   1.0097517E-03   2.1647218E-03   1.3609185E-03
   1.0000000E+00   2.5114571E+05   1.2636824E+05   3.7751395E+05   2.4414411E-03   1.2105585E-03   1.9439346E-03
