   0.0000000E+00   9.7016779E+07   5.2272086E+07   1.4924863E+08   2.5737259E-03   1.3449663E-03   2.1459052E-03
   5.0000000E-02   3.8693177E+07   1.9507812E+07   5.8151078E+07   5.0877843E-04   5.7913967E-04   5.3141146E-04
   1.0000000E-01   1.9548811E+07   9.8025121E+06   2.9327418E+07   2.7029346E-04   3.6387483E-04   3.0011068E-04
   1.5000000E-01   1.2461365E+07   6.2297913E+06   1.8674986E+07   2.3366496E-04   4.3710102E-04   2.9905910E-04
   2.0000000E-01   8.7689599E+06   4.3641081E+06   1.3122707E+07   1.2552881E-04   5.3251400E-04   2.5906772E-04
   2.5000000E-01   6.4884924E+06   3.2394906E+06   9.7208020E+06   1.4011467E-04   4.2267096E-04   2.2371153E-04
   3.0000000E-01   4.9791836E+06   2.4842813E+06   7.4581386E+06   9.3334856E-05   1.3096788E-04   9.4528051E-05
   3.5000000E-01   3.9154935E+06   1.9559324E+06   5.8676062E+06   1.0125949E-04   1.1117297E-04   1.0440533E-04
   4.0000000E-01   3.1088690E+06   1.5545061E+06   4.6607809E+06   1.6135272E-04   5.1601863E-04   2.4073431E-04
   4.5000000E-01   2.5156738E+06   1.2569492E+06   3.7704089E+06   1.8404290E-04   2.1676862E-04   1.5494988E-04
   5.0000000E-01   2.0500748E+06   1.0241302E+06   3.0729382E+06   2.7234901E-04   5.6457317E-04   3.6603882E-04
   5.5000000E-01   1.6741422E+06   8.3439439E+05   2.5075006E+06   3.7690486E-04   5.4253574E-04   3.9909022E-04
   6.0000000E-01   1.3792473E+06   6.8908785E+05   2.0675819E+06   4.9374858E-04   3.3065542E-04   4.3394103E-04
   6.5000000E-01   1.1260090E+06   5.6576889E+05   1.6911804E+06   6.0197006E-04   2.7456390E-04   4.3894367E-04
   7.0000000E-01   9.2625449E+05   4.6353650E+05   1.3893908E+06   3.5045041E-04   9.3844822E-04   5.4515767E-04
   7.5000000E-01   7.5314666E+05   3.7524491E+05   1.1280436E+06   5.7044021E-04   7.0952364E-04   5.9965123E-04
   8.0000000E-01   6.0310572E+05   3.0098985E+05   9.0392448E+05   1.2309271E-03   1.5021030E-03   1.3196892E-03
   8.5000000E-01   4.7411321E+05   2.3759773E+05   7.1157988E+05   2.4420819E-03   6.9261376E-04   1.8589921E-03
   9.0000000E-01   3.5267321E+05   1.7746130E+05   5.3004255E+05   2.5871926E-03   3.6282624E-03   2.9399468E-03
   9.5000000E-01   2.3770042E+05   1.1937961E+05   3.5704652E+05   3.9811662E-03   3.9794403E-03   3.9755180E-03
   1.0000000E+00   1.3229745E+05   6.6044979E+04   1.9833614E+05   9.0810395E-03   1.1060724E-02   9.5945066E-03
