   0.0000000E+00   2.3150041E+07   2.5882923E+07   4.9025325E+07   1.8982316E-02   2.7616194E-04   8.9953449E-03
   5.0000000E-02   1.5181854E+07   1.0742895E+07   2.5910998E+07   7.5164020E-03   4.6857736E-04   4.5873188E-03
   1.0000000E-01   1.0598446E+07   6.0580419E+06   1.6647480E+07   2.7077871E-03   5.2270075E-04   1.8941725E-03
   1.5000000E-01   8.1331783E+06   4.2370017E+06   1.2361225E+07   1.5665851E-03   8.0625784E-04   1.2958683E-03
   2.0000000E-01   6.4933148E+06   3.2570263E+06   9.7430041E+06   1.0276532E-03   7.5475234E-04   9.3302993E-04
   2.5000000E-01   5.3642983E+06   2.6307421E+06   7.9890434E+06   7.9241923E-04   1.6956712E-04   5.8951142E-04
   3.0000000E-01   4.5237458E+06   2.1961578E+06   6.7143545E+06   8.3349387E-04   5.3017152E-04   7.3238551E-04
   3.5000000E-01   3.8607715E+06   1.8689156E+06   5.7250670E+06   7.2753619E-04   6.7612693E-04   6.9657212E-04
   4.0000000E-01   3.3352669E+06   1.6068044E+06   4.9382755E+06   9.7556057E-04   5.0829100E-04   8.2235767E-04
   4.5000000E-01   2.9071383E+06   1.3904412E+06   4.2946582E+06   1.0423802E-03   1.0992872E-03   1.0595931E-03
   5.0000000E-01   2.5486563E+06   1.2182547E+06   3.7646829E+06   1.2125173E-03   9.0015801E-04   1.1162937E-03
   5.5000000E-01   2.2405428E+06   1.0697006E+06   3.3078995E+06   1.5706078E-03   1.0810279E-03   1.4168772E-03
   6.0000000E-01   1.9711923E+06   9.4343867E+05   2.9127317E+06   1.6756025E-03   1.4479842E-03   1.5905492E-03
   6.5000000E-01   1.7315127E+06   8.2487314E+05   2.5549167E+06   2.1220899E-03   1.8725566E-03   2.0365728E-03
   7.0000000E-01   1.5094482E+06   7.2340469E+05   2.2315160E+06   2.6431719E-03   2.1317787E-03   2.4510505E-03
   7.5000000E-01   1.3156257E+06   6.2819941E+05   1.9425434E+06   3.4601057E-03   2.7567180E-03   3.2209935E-03
   8.0000000E-01   1.1309829E+06   5.4254329E+05   1.6726667E+06   3.8056894E-03   4.3853955E-03   3.9951804E-03
   8.5000000E-01   9.5434547E+05   4.5386496E+05   1.4075139E+06   5.0994714E-03   5.3454370E-03   5.1771055E-03
   9.0000000E-01   7.7822877E+05   3.7180363E+05   1.1496363E+06   7.1847038E-03   6.6972558E-03   7.0331273E-03
   9.5000000E-01   5.8622629E+05   2.7868533E+05   8.6462682E+05   1.1248233E-02   1.0476578E-02   1.0998017E-02
   1.0000000E+00   3.7461537E+05   1.7950477E+05   5.5406984E+05   1.7522863E-02   1.6338616E-02   1.7151581E-02
