   0.0000000E+00   1.4438638E+08   3.0730655E+08   4.5069115E+08   3.8106191E-02   1.6236134E-04   1.2278181E-02
   5.0000000E-02   1.7538365E+07   9.0341439E+06   2.6547745E+07   1.1923828E-01   2.8294288E-03   7.9664921E-02
   1.0000000E-01   1.0093988E+07   4.8528889E+06   1.4931598E+07   9.7124536E-02   3.5086733E-03   6.6747889E-02
   1.5000000E-01   7.3455736E+06   3.4092474E+06   1.0739457E+07   8.4432696E-02   3.9771331E-03   5.8944026E-02
   2.0000000E-01   5.8418777E+06   2.6250061E+06   8.4551223E+06   7.7122549E-02   4.9061159E-03   5.4748091E-02
   2.5000000E-01   4.8423592E+06   2.1307027E+06   6.9629906E+06   7.1481360E-02   5.3052700E-03   5.1245182E-02
   3.0000000E-01   4.1419543E+06   1.7960423E+06   5.9288612E+06   6.7864692E-02   5.8894064E-03   4.9139387E-02
   3.5000000E-01   3.5862429E+06   1.5359998E+06   5.1139212E+06   6.6528469E-02   6.4197524E-03   4.8518486E-02
   4.0000000E-01   3.1409546E+06   1.3262620E+06   4.4605719E+06   6.5377037E-02   7.9591852E-03   4.8357438E-02
   4.5000000E-01   2.7790009E+06   1.1640946E+06   3.9368637E+06   6.5679967E-02   8.7938271E-03   4.8893844E-02
   5.0000000E-01   2.4537363E+06   1.0246714E+06   3.4739386E+06   6.6015568E-02   8.9577512E-03   4.9226360E-02
   5.5000000E-01   2.1838547E+06   9.0422579E+05   3.0835605E+06   6.7522179E-02   1.0889856E-02   5.0956102E-02
   6.0000000E-01   1.9407301E+06   7.9901087E+05   2.7360114E+06   6.9449404E-02   1.2009936E-02   5.2691402E-02
   6.5000000E-01   1.7180115E+06   7.0676058E+05   2.4214372E+06   7.2135936E-02   1.3724224E-02   5.5109783E-02
   7.0000000E-01   1.5212939E+06   6.1955836E+05   2.1380602E+06   7.6355732E-02   1.5444923E-02   5.8734723E-02
   7.5000000E-01   1.3303783E+06   5.4048170E+05   1.8687209E+06   8.0262527E-02   1.7410123E-02   6.2108390E-02
   8.0000000E-01   1.1445389E+06   4.6355071E+05   1.6062315E+06   8.7185060E-02   1.9850952E-02   6.7796366E-02
   8.5000000E-01   9.7179259E+05   3.9636696E+05   1.3667103E+06   9.3583699E-02   2.2546778E-02   7.3013707E-02
   9.0000000E-01   7.8876836E+05   3.1819671E+05   1.1062259E+06   1.0416643E-01   2.6766724E-02   8.1941257E-02
   9.5000000E-01   5.7334647E+05   2.2913621E+05   8.0191642E+05   1.1859442E-01   3.3214021E-02   9.4227616E-02
   1.0000000E+00   3.0102527E+05   1.1793028E+05   4.1886752E+05   1.3645496E-01   4.0981006E-02   1.0959841E-01
