   0.0000000E+00   2.3243752E+07   1.8640329E+08   2.0945554E+08   5.2499949E-04   4.6649218E-06   6.2307049E-05
   5.0000000E-02   2.1035318E+07   4.7954021E+07   6.8768113E+07   1.3849032E-04   4.9967718E-06   4.5831015E-05
   1.0000000E-01   1.8145987E+07   1.9406940E+07   3.7426654E+07   6.2700231E-05   6.8866169E-06   3.3588857E-05
   1.5000000E-01   1.5268137E+07   9.8403167E+06   2.5012451E+07   1.8011125E-05   4.9902310E-06   1.2296128E-05
   2.0000000E-01   1.2490639E+07   5.4333906E+06   1.7859906E+07   1.6312258E-05   1.4070469E-05   1.5496779E-05
   2.5000000E-01   9.9320197E+06   3.1149169E+06   1.3008523E+07   8.5483297E-06   7.2800629E-06   6.5351670E-06
   3.0000000E-01   7.6850511E+06   1.8255390E+06   9.4867699E+06   4.5896247E-06   2.0151532E-05   7.7559216E-06
   3.5000000E-01   5.7513049E+06   1.0974961E+06   6.8339223E+06   2.0015841E-05   2.6150613E-05   2.0527310E-05
   4.0000000E-01   4.1832047E+06   6.6293604E+05   4.8378408E+06   4.7411712E-05   2.2818740E-05   4.4050668E-05
   4.5000000E-01   2.9533216E+06   4.0674345E+05   3.3560048E+06   1.0089387E-05   5.8474508E-05   3.4764995E-06
   5.0000000E-01   2.0364703E+06   2.5096188E+05   2.2856369E+06   1.9916603E-05   1.3780260E-05   1.8687984E-05
   5.5000000E-01   1.3955689E+06   1.5583873E+05   1.5501518E+06   8.2558146E-05   6.5952404E-05   7.6143470E-05
   6.0000000E-01   9.3679661E+05   9.7328553E+04   1.0335469E+06   7.1503550E-05   1.2898257E-04   7.8816448E-05
   6.5000000E-01   6.2635550E+05   6.1526852E+04   6.8768158E+05   1.8290595E-04   4.8758588E-04   2.0877126E-04
   7.0000000E-01   4.1492603E+05   3.8515496E+04   4.5331420E+05   1.2237552E-04   3.4525851E-04   9.8174354E-05
   7.5000000E-01   2.7069922E+05   2.4815439E+04   2.9545099E+05   4.8227166E-04   4.3314984E-04   4.7782389E-04
   8.0000000E-01   1.7563146E+05   1.5565353E+04   1.9117294E+05   5.6803380E-04   1.0820725E-03   5.8676205E-04
   8.5000000E-01   1.1213870E+05   9.8563720E+03   1.2198009E+05   3.4144805E-04   1.1034014E-03   3.6197815E-04
   9.0000000E-01   6.7326078E+04   6.0797188E+03   7.3402260E+04   2.6544185E-04   8.7862007E-05   2.4453364E-04
   9.5000000E-01   3.6977557E+04   2.9619573E+03   3.9939514E+04   2.2324136E-03   2.4297844E-03   2.0412851E-03
   1.0000000E+00   1.7039403E+04   1.3455470E+03   1.8384950E+04   3.3450650E-03   9.3095687E-03   2.6891795E-03
