   0.0000000E+00   1.2475354E+08   3.9814404E+08   5.2268470E+08   1.2256694E-05   2.5324370E-05   1.7289539E-05
   5.0000000E-02   9.2684390E+07   8.2761462E+07   1.7523233E+08   1.1779314E-05   6.6135324E-05   3.6815648E-05
   1.0000000E-01   5.5899322E+07   2.0726207E+07   7.6558621E+07   3.4866669E-05   1.9332927E-04   7.7247968E-05
   1.5000000E-01   2.9663659E+07   6.7169964E+06   3.6353557E+07   1.1059758E-04   5.0904968E-04   1.8399662E-04
   2.0000000E-01   1.3944695E+07   2.4027463E+06   1.6340183E+07   2.3806557E-04   1.2177323E-03   3.8206283E-04
   2.5000000E-01   6.0187561E+06   9.0508233E+05   6.9223488E+06   5.8885374E-04   2.5957129E-03   8.5096859E-04
   3.0000000E-01   2.5071254E+06   3.5817289E+05   2.8650542E+06   1.1910716E-03   5.8158701E-03   1.7678228E-03
   3.5000000E-01   1.0402913E+06   1.4249369E+05   1.1827486E+06   2.6919894E-03   1.0759586E-02   3.6639368E-03
   4.0000000E-01   4.3559116E+05   5.8051765E+04   4.9363497E+05   5.6950367E-03   2.2946355E-02   7.7238142E-03
   4.5000000E-01   1.8064440E+05   2.4898907E+04   2.0554330E+05   1.1992519E-02   4.5462593E-02   1.6046943E-02
   5.0000000E-01   7.5770485E+04   1.0968959E+04   8.6739444E+04   2.4489828E-02   8.3456569E-02   3.1942615E-02
   5.5000000E-01   3.3839235E+04   5.5617418E+03   3.9400976E+04   4.4590903E-02   1.4088128E-01   5.8182654E-02
   6.0000000E-01   1.5215213E+04   2.7374650E+03   1.7952678E+04   7.9616779E-02   2.2719197E-01   1.0211759E-01
   6.5000000E-01   7.4484513E+03   1.7384617E+03   9.1869130E+03   1.4435644E-01   3.0494828E-01   1.7470286E-01
   7.0000000E-01   3.8060768E+03   9.4128781E+02   4.7473646E+03   2.4247306E-01   3.9896398E-01   2.7350110E-01
   7.5000000E-01   2.4913054E+03   7.2150241E+02   3.2128078E+03   3.3158607E-01   4.7785740E-01   3.6442787E-01
   8.0000000E-01   1.4522889E+03   5.3714793E+02   1.9894368E+03   4.4482432E-01   6.0901189E-01   4.8908016E-01
   8.5000000E-01   9.9237788E+02   3.5201329E+02   1.3443912E+03   5.5635253E-01   6.6033260E-01   5.8338469E-01
   9.0000000E-01   6.3308300E+02   2.8294212E+02   9.1602512E+02   6.1242619E-01   6.8108865E-01   6.3360243E-01
   9.5000000E-01   3.5181619E+02   1.8763530E+02   5.3945149E+02   7.1790061E-01   7.7720695E-01   7.3852041E-01
   1.0000000E+00   1.6976527E+02   8.1738835E+01   2.5150411E+02   8.1845927E-01   8.3232632E-01   8.2295699E-01
