   0.0000000E+00   4.9842235E+07   2.4472683E+07   7.4305751E+07   2.3028087E-02   1.2719835E-02   1.9622410E-02
   5.0000000E-02   2.0322176E+07   1.0187572E+07   3.0499817E+07   5.7598922E-03   4.7368388E-03   5.4129961E-03
   1.0000000E-01   1.1276351E+07   5.6631148E+06   1.6935041E+07   2.0693841E-03   1.8399623E-03   1.9897340E-03
   1.5000000E-01   7.9533545E+06   3.9763695E+06   1.1924461E+07   1.0476190E-03   6.0006795E-04   8.8455263E-04
   2.0000000E-01   6.1700393E+06   3.0863327E+06   9.2522339E+06   9.6106121E-04   1.1102893E-03   1.0102716E-03
   2.5000000E-01   5.0233629E+06   2.5300543E+06   7.5505142E+06   4.6710941E-04   7.1644354E-04   5.1685749E-04
   3.0000000E-01   4.2406410E+06   2.1223948E+06   6.3602453E+06   8.8676006E-04   2.9781422E-04   6.5740441E-04
   3.5000000E-01   3.6488863E+06   1.8191956E+06   5.4656445E+06   8.6950964E-04   5.4407861E-04   7.4978943E-04
   4.0000000E-01   3.1830352E+06   1.5922099E+06   4.7733910E+06   5.3173910E-04   7.6974552E-04   6.0568392E-04
   4.5000000E-01   2.7945627E+06   1.4003230E+06   4.1931527E+06   6.9672330E-04   4.1053917E-04   5.9626536E-04
   5.0000000E-01   2.4828871E+06   1.2421279E+06   3.7237100E+06   8.2668020E-04   1.1438418E-03   8.8647396E-04
   5.5000000E-01   2.1974320E+06   1.1041418E+06   3.3003411E+06   7.3440653E-04   8.5484476E-04   7.7201261E-04
   6.0000000E-01   1.9525181E+06   9.7597525E+05   2.9273263E+06   6.6193093E-04   6.7778348E-04   5.8894458E-04
   6.5000000E-01   1.7346860E+06   8.6636116E+05   2.6002686E+06   9.7828692E-04   1.0965183E-03   9.8633295E-04
   7.0000000E-01   1.5309432E+06   7.7151495E+05   2.3016488E+06   1.0947608E-03   1.7279791E-03   1.2752670E-03
   7.5000000E-01   1.3421430E+06   6.7022905E+05   2.0117142E+06   1.0559820E-03   1.6462603E-03   1.2510452E-03
   8.0000000E-01   1.1607807E+06   5.8003223E+05   1.7402200E+06   1.7724374E-03   1.5451717E-03   1.6799772E-03
   8.5000000E-01   9.7109231E+05   4.8793910E+05   1.4585858E+06   2.3166241E-03   2.2312501E-03   2.2775190E-03
   9.0000000E-01   7.8131284E+05   3.9193850E+05   1.1729932E+06   3.2269046E-03   3.4531069E-03   3.2970167E-03
   9.5000000E-01   5.6003441E+05   2.7959335E+05   8.3952390E+05   4.6962779E-03   6.1241772E-03   5.1614249E-03
   1.0000000E+00   3.2158573E+05   1.6218242E+05   4.8373043E+05   9.6466475E-03   1.0378452E-02   9.8873059E-03
