   0.0000000E+00   3.2133902E+09   1.6551070E+09   4.6506037E+09   4.8033631E-05   1.5602995E-07   3.2546891E-05
   5.0000000E-02   3.7668792E+05   9.3837754E+04   4.7039835E+05   1.8912416E-01   6.9499514E-04   1.5158598E-01
   1.0000000E-01   1.7834903E+05   4.2653525E+04   2.2097072E+05   1.9352073E-01   2.5912326E-04   1.5624371E-01
   1.5000000E-01   1.1183287E+05   2.7692960E+04   1.3950461E+05   2.0156993E-01   6.5534254E-05   1.6160010E-01
   2.0000000E-01   8.1726063E+04   1.9719297E+04   1.0144536E+05   2.0724848E-01   1.6702704E-04   1.6699528E-01
   2.5000000E-01   5.9511216E+04   1.4756846E+04   7.4268063E+04   2.1990724E-01   9.4999287E-04   1.7640108E-01
   3.0000000E-01   4.7576718E+04   1.1321222E+04   5.8897939E+04   2.2921053E-01   8.0156195E-07   1.8515238E-01
   3.5000000E-01   3.7760647E+04   9.8403228E+03   4.7600970E+04   2.3940531E-01   5.1820281E-04   1.9002131E-01
   4.0000000E-01   3.0796481E+04   7.8145077E+03   3.8610989E+04   2.5101218E-01   4.1741340E-04   2.0029412E-01
   4.5000000E-01   2.6278249E+04   6.7693902E+03   3.3047640E+04   2.5803789E-01   6.9540258E-04   2.0532454E-01
   5.0000000E-01   2.1816960E+04   5.7295780E+03   2.7546538E+04   2.6895749E-01   3.5307628E-04   2.1308877E-01
   5.5000000E-01   1.8242050E+04   4.8267354E+03   2.3068786E+04   2.8295237E-01   1.0780388E-03   2.2397444E-01
   6.0000000E-01   1.5660846E+04   4.1592492E+03   1.9820096E+04   2.9666790E-01   5.0596119E-04   2.3451828E-01
   6.5000000E-01   1.3197618E+04   3.4034672E+03   1.6601085E+04   3.0749601E-01   8.0884738E-04   2.4462062E-01
   7.0000000E-01   1.0854367E+04   2.9739238E+03   1.3828291E+04   3.2449783E-01   6.7194262E-06   2.5471250E-01
   7.5000000E-01   9.2946487E+03   2.4106669E+03   1.1705316E+04   3.3563932E-01   2.5101099E-06   2.6651511E-01
   8.0000000E-01   6.9908809E+03   1.9775002E+03   8.9644022E+03   3.4936318E-01   7.9259765E-06   2.7232706E-01
   8.5000000E-01   5.7183435E+03   1.6215080E+03   7.3398515E+03   3.6525477E-01   5.6659892E-04   2.8468845E-01
   9.0000000E-01   4.2901099E+03   1.2131143E+03   5.5032243E+03   3.8554948E-01   1.0616880E-05   3.0055776E-01
   9.5000000E-01   2.6738030E+03   8.3765760E+02   3.5114606E+03   3.9811964E-01   7.2936668E-06   3.0315009E-01
   1.0000000E+00   1.1632065E+03   3.2066774E+02   1.4838742E+03   4.1629890E-01   8.2710436E-06   3.2633779E-01
