   0.0000000E+00   7.4425893E+08   9.3582037E+08   1.6582010E+09   1.0669227E-02   6.8879771E-05   4.7570197E-03
   5.0000000E-02   2.1535255E+07   1.0937191E+07   3.2418843E+07   1.4211355E-01   2.2347839E-03   9.5001615E-02
   1.0000000E-01   1.1351313E+07   5.1476756E+06   1.6473141E+07   1.2578541E-01   2.1199462E-03   8.7231349E-02
   1.5000000E-01   7.6577507E+06   3.1728705E+06   1.0811565E+07   1.1467315E-01   2.2745508E-03   8.1778680E-02
   2.0000000E-01   5.7272225E+06   2.1759027E+06   7.8891036E+06   1.0588752E-01   2.5282907E-03   7.7461721E-02
   2.5000000E-01   4.5100055E+06   1.5735331E+06   6.0742821E+06   9.8785593E-02   2.8090761E-03   7.3961585E-02
   3.0000000E-01   3.6624736E+06   1.1721231E+06   4.8272543E+06   9.2401128E-02   2.9563969E-03   7.0736442E-02
   3.5000000E-01   3.0661882E+06   8.9487822E+05   3.9549640E+06   8.6737214E-02   3.3465563E-03   6.7919820E-02
   4.0000000E-01   2.5745301E+06   6.9703499E+05   3.2669894E+06   8.2194972E-02   3.5973513E-03   6.5472669E-02
   4.5000000E-01   2.1957511E+06   5.4267591E+05   2.7343810E+06   7.7683669E-02   3.8741269E-03   6.3078097E-02
   5.0000000E-01   1.8845728E+06   4.3404736E+05   2.3162901E+06   7.4073704E-02   4.4016105E-03   6.1049692E-02
   5.5000000E-01   1.6200642E+06   3.3993181E+05   1.9577678E+06   7.1112469E-02   5.7254130E-03   5.9777052E-02
   6.0000000E-01   1.3941708E+06   2.6772514E+05   1.6600762E+06   6.8285626E-02   5.8136510E-03   5.8238901E-02
   6.5000000E-01   1.1996071E+06   2.1261142E+05   1.4110139E+06   6.7077633E-02   6.5705229E-03   5.7977720E-02
   7.0000000E-01   1.0253171E+06   1.6938633E+05   1.1936666E+06   6.5418168E-02   7.5423985E-03   5.7212417E-02
   7.5000000E-01   8.7187200E+05   1.3238296E+05   1.0034401E+06   6.4655397E-02   8.4824269E-03   5.7260064E-02
   8.0000000E-01   7.2277830E+05   1.0208994E+05   8.2436690E+05   6.4734294E-02   9.7152235E-03   5.7930292E-02
   8.5000000E-01   5.9282408E+05   7.7330578E+04   6.6968655E+05   6.5486555E-02   1.0800456E-02   5.9185566E-02
   9.0000000E-01   4.5668627E+05   5.6344387E+04   5.1283967E+05   6.8624552E-02   1.2343265E-02   6.2453171E-02
   9.5000000E-01   3.1180631E+05   3.5607149E+04   3.4731294E+05   7.3897117E-02   1.5920875E-02   6.7964916E-02
   1.0000000E+00   1.4740656E+05   1.5467503E+04   1.6287406E+05   8.1980081E-02   1.8201189E-02   7.5923251E-02
