   0.0000000E+00   4.0610230E+07   3.2613776E+07   7.3210255E+07   1.0174706E-02   1.5713784E-03   6.3302385E-03
   5.0000000E-02   2.2056965E+07   1.3110930E+07   3.5138292E+07   5.2026847E-03   1.5803817E-03   3.8506708E-03
   1.0000000E-01   1.3625287E+07   7.1347251E+06   2.0739831E+07   2.5853819E-03   1.3928586E-03   2.1798914E-03
   1.5000000E-01   9.6966953E+06   4.8743217E+06   1.4553595E+07   1.5598001E-03   8.2077664E-04   1.3129086E-03
   2.0000000E-01   7.3705450E+06   3.6571100E+06   1.1015289E+07   1.1602337E-03   6.3062250E-04   9.8779373E-04
   2.5000000E-01   5.8586080E+06   2.8750768E+06   8.7240464E+06   1.1877045E-03   1.1932689E-03   1.1770116E-03
   3.0000000E-01   4.7542765E+06   2.3303361E+06   7.0766336E+06   1.0611613E-03   7.6386114E-04   9.6469145E-04
   3.5000000E-01   3.9500074E+06   1.9385891E+06   5.8822030E+06   1.1767796E-03   1.0383184E-03   1.1252384E-03
   4.0000000E-01   3.3272614E+06   1.6144837E+06   4.9370341E+06   1.1630061E-03   8.9555019E-04   1.0686316E-03
   4.5000000E-01   2.8191433E+06   1.3703099E+06   4.1854708E+06   1.3419424E-03   1.1051287E-03   1.2619764E-03
   5.0000000E-01   2.4108854E+06   1.1719088E+06   3.5802541E+06   1.2367763E-03   1.5066635E-03   1.3222748E-03
   5.5000000E-01   2.0687249E+06   1.0067100E+06   3.0728190E+06   1.7019976E-03   1.8593376E-03   1.7487647E-03
   6.0000000E-01   1.7739410E+06   8.6571801E+05   2.6374414E+06   2.4344451E-03   2.3206693E-03   2.3881144E-03
   6.5000000E-01   1.5277601E+06   7.4405181E+05   2.2700686E+06   2.4818932E-03   2.8595354E-03   2.5851216E-03
   7.0000000E-01   1.3124781E+06   6.3571941E+05   1.9468560E+06   3.2667515E-03   2.8264108E-03   3.1223221E-03
   7.5000000E-01   1.1099848E+06   5.4229394E+05   1.6513195E+06   4.0393856E-03   3.8517218E-03   3.9758252E-03
   8.0000000E-01   9.3823431E+05   4.5556113E+05   1.3930275E+06   5.7754636E-03   5.0445769E-03   5.5323998E-03
   8.5000000E-01   7.7215987E+05   3.7625352E+05   1.1478891E+06   6.8621704E-03   6.9990065E-03   6.9021106E-03
   9.0000000E-01   6.1457858E+05   2.9862065E+05   9.1287739E+05   9.4495587E-03   9.7223441E-03   9.5342484E-03
   9.5000000E-01   4.4980202E+05   2.1851806E+05   6.6809559E+05   1.4387519E-02   1.4449992E-02   1.4398120E-02
   1.0000000E+00   2.7479968E+05   1.3372473E+05   4.0848668E+05   2.4062002E-02   2.0102097E-02   2.2757778E-02
