   0.0000000E+00   2.8458605E+09   1.5931333E+09   4.2697966E+09   1.7232735E-03   1.3503524E-07   1.1123879E-03
   5.0000000E-02   9.4687005E+06   2.5373118E+06   1.1999009E+07   2.0570814E-01   1.1144509E-05   1.6219737E-01
   1.0000000E-01   3.7258172E+06   9.9417727E+05   4.7173525E+06   2.2827611E-01   6.9015979E-06   1.8023155E-01
   1.5000000E-01   1.9184749E+06   4.9857939E+05   2.4155052E+06   2.4307237E-01   3.5302625E-05   1.9295505E-01
   2.0000000E-01   1.0699191E+06   2.7161383E+05   1.3411032E+06   2.5088196E-01   1.9016924E-05   2.0010736E-01
   2.5000000E-01   6.3832591E+05   1.5151551E+05   7.8963770E+05   2.4506655E-01   1.9409801E-05   1.9808225E-01
   3.0000000E-01   4.0710773E+05   8.5487425E+04   4.9255272E+05   2.2833431E-01   4.5962715E-05   1.8872444E-01
   3.5000000E-01   2.7563817E+05   4.7255376E+04   3.2285717E+05   1.9198220E-01   1.2120336E-06   1.6389691E-01
   4.0000000E-01   2.0433107E+05   2.6180988E+04   2.3049615E+05   1.4707341E-01   3.5838773E-05   1.3038225E-01
   4.5000000E-01   1.6525235E+05   1.3949047E+04   1.7917310E+05   1.0026960E-01   5.4793972E-05   9.2477016E-02
   5.0000000E-01   1.4622520E+05   7.3211274E+03   1.5354632E+05   6.2555799E-02   1.1114718E-04   5.9582744E-02
   5.5000000E-01   1.3943131E+05   3.5997954E+03   1.4301374E+05   3.6954091E-02   2.2482916E-04   3.6034068E-02
   6.0000000E-01   1.3945687E+05   2.0371833E+03   1.4148344E+05   1.9252769E-02   2.0805014E-06   1.8976969E-02
   6.5000000E-01   1.3882229E+05   9.6962088E+02   1.3978211E+05   1.0775933E-02   2.1301015E-06   1.0701924E-02
   7.0000000E-01   1.3507707E+05   4.7746483E+02   1.3553635E+05   6.0002370E-03   6.3533803E-06   5.9799113E-03
   7.5000000E-01   1.3166570E+05   2.2918312E+02   1.3188640E+05   3.4564946E-03   4.0082912E-07   3.4507121E-03
   8.0000000E-01   1.2371512E+05   1.4323945E+02   1.2384642E+05   2.2634500E-03   1.9560158E-05   2.2610724E-03
   8.5000000E-01   1.0897807E+05   7.4896444E+01   1.0903799E+05   1.7099024E-03   1.8146844E-05   1.7089666E-03
   9.0000000E-01   8.9491056E+04   5.6588424E+01   8.9544108E+04   1.2071674E-03   7.9249444E-06   1.2064535E-03
   9.5000000E-01   6.1665002E+04   2.3454413E+01   6.1685105E+04   7.0048504E-04   3.2196379E-05   7.0024628E-04
   1.0000000E+00   2.7998695E+04   6.2876027E+00   2.8004982E+04   1.7954776E-04   1.1011249E-05   1.7950537E-04
