   0.0000000E+00   2.4820532E+07   3.0726835E+07   5.5533616E+07   1.4802121E-02   5.1885564E-04   6.8922606E-03
   5.0000000E-02   1.6032569E+07   1.1996145E+07   2.8007578E+07   6.7893332E-03   5.7949069E-04   4.1258722E-03
   1.0000000E-01   1.1202821E+07   6.5874231E+06   1.7774965E+07   3.4991418E-03   6.7711346E-04   2.4604018E-03
   1.5000000E-01   8.5266942E+06   4.5504520E+06   1.3063692E+07   2.0744112E-03   7.2804648E-04   1.5996414E-03
   2.0000000E-01   6.8097785E+06   3.4705964E+06   1.0268359E+07   1.3399564E-03   6.5036694E-04   1.1068946E-03
   2.5000000E-01   5.5846069E+06   2.7477146E+06   8.3224157E+06   1.3417630E-03   6.5483488E-04   1.0813372E-03
   3.0000000E-01   4.6754629E+06   2.2605201E+06   6.9278025E+06   1.3567376E-03   1.1101470E-03   1.2775465E-03
   3.5000000E-01   3.9612847E+06   1.8999644E+06   5.8543463E+06   1.1513123E-03   9.7290134E-04   1.0917057E-03
   4.0000000E-01   3.3985708E+06   1.6166402E+06   5.0099987E+06   1.3649776E-03   1.0718329E-03   1.2754979E-03
   4.5000000E-01   2.9322282E+06   1.3854544E+06   4.3134739E+06   1.6554947E-03   1.0989994E-03   1.4642107E-03
   5.0000000E-01   2.5391198E+06   1.1980738E+06   3.7337941E+06   1.8096100E-03   1.8348508E-03   1.8077547E-03
   5.5000000E-01   2.2149159E+06   1.0421929E+06   3.2540299E+06   2.1754524E-03   1.8769865E-03   2.0784266E-03
   6.0000000E-01   1.9230851E+06   9.0023341E+05   2.8208940E+06   2.8934926E-03   2.4593846E-03   2.7537473E-03
   6.5000000E-01   1.6709506E+06   7.8000613E+05   2.4488608E+06   3.7235091E-03   2.8139380E-03   3.4375655E-03
   7.0000000E-01   1.4529209E+06   6.7554452E+05   2.1264328E+06   4.2495992E-03   4.2243525E-03   4.2413730E-03
   7.5000000E-01   1.2507754E+06   5.8591089E+05   1.8352560E+06   4.8380842E-03   4.6137812E-03   4.7659981E-03
   8.0000000E-01   1.0625343E+06   4.9403286E+05   1.5554650E+06   6.8365516E-03   6.3838128E-03   6.6844577E-03
   8.5000000E-01   8.8738056E+05   4.1503115E+05   1.3016365E+06   8.4234774E-03   7.7882321E-03   8.2199188E-03
   9.0000000E-01   7.1772159E+05   3.3434917E+05   1.0516110E+06   1.1099561E-02   1.0291313E-02   1.0836873E-02
   9.5000000E-01   5.3703234E+05   2.4957170E+05   7.8627903E+05   1.5754370E-02   1.4904401E-02   1.5483578E-02
   1.0000000E+00   3.3095426E+05   1.5317858E+05   4.8403223E+05   2.5520673E-02   2.4468048E-02   2.5190244E-02
