   0.0000000E+00   8.1169530E+07   4.1508628E+07   1.2267561E+08   7.5568822E-04   2.0969367E-04   5.5931182E-04
   5.0000000E-02   2.9425457E+07   1.4742331E+07   4.4162314E+07   1.2477264E-04   2.5826524E-04   1.6536408E-04
   1.0000000E-01   1.5002677E+07   7.5248139E+06   2.2525295E+07   7.2673228E-05   3.3881870E-04   7.9885205E-05
   1.5000000E-01   9.9067161E+06   4.9869610E+06   1.4891619E+07   1.8485121E-04   2.3696572E-04   1.9567091E-04
   2.0000000E-01   7.3173713E+06   3.6653224E+06   1.0981293E+07   1.2176977E-04   2.4242569E-04   1.5357828E-04
   2.5000000E-01   5.6724350E+06   2.8544757E+06   8.5258794E+06   1.0303800E-04   3.0760572E-04   9.3573942E-05
   3.0000000E-01   4.5660174E+06   2.2926376E+06   6.8576364E+06   1.0111278E-04   2.8889688E-04   1.5867565E-04
   3.5000000E-01   3.7886607E+06   1.9034840E+06   5.6914262E+06   2.7813801E-04   3.4386423E-04   1.3548814E-04
   4.0000000E-01   3.1677882E+06   1.5952020E+06   4.7623695E+06   2.2651875E-04   4.0385391E-04   1.6093127E-04
   4.5000000E-01   2.6936161E+06   1.3469884E+06   4.0400669E+06   2.6167138E-04   3.1105260E-04   2.5954773E-04
   5.0000000E-01   2.2992796E+06   1.1566745E+06   3.4556803E+06   1.4259688E-04   1.9232564E-04   1.0192872E-04
   5.5000000E-01   1.9803505E+06   9.9442323E+05   2.9744496E+06   2.0092368E-04   4.2600046E-04   1.1220596E-04
   6.0000000E-01   1.7027828E+06   8.5216862E+05   2.5547605E+06   2.3155729E-04   4.1624948E-04   2.9146942E-04
   6.5000000E-01   1.4664145E+06   7.3107456E+05   2.1973617E+06   4.7739076E-04   2.5659661E-04   3.8032774E-04
   7.0000000E-01   1.2522084E+06   6.3159048E+05   1.8836624E+06   6.4672614E-05   1.0682900E-04   5.3810313E-05
   7.5000000E-01   1.0659816E+06   5.3469270E+05   1.6005682E+06   5.6559538E-04   9.9147227E-04   1.4399432E-04
   8.0000000E-01   8.8895198E+05   4.4526778E+05   1.3341362E+06   5.0150165E-04   1.2800319E-03   5.6086198E-04
   8.5000000E-01   7.2245110E+05   3.6211682E+05   1.0845192E+06   8.5734999E-04   1.1178152E-03   5.9188665E-04
   9.0000000E-01   5.5556039E+05   2.7992879E+05   8.3546796E+05   7.8640784E-04   6.0783455E-04   6.3134315E-04
   9.5000000E-01   3.7400071E+05   1.8529656E+05   5.5928722E+05   1.3964215E-03   1.6880013E-03   1.4453936E-03
   1.0000000E+00   1.8362315E+05   9.2867892E+04   2.7648475E+05   1.4991883E-03   2.3852162E-03   1.7500442E-03
