   0.0000000E+00   1.8167086E+09   1.2803065E+09   3.0164298E+09   3.1621410E-03   2.8403397E-04   1.9790247E-03
   5.0000000E-02   1.4695858E+07   4.7176708E+06   1.9394494E+07   1.5742351E-01   2.8880254E-02   1.2619470E-01
   1.0000000E-01   7.2853494E+06   2.2182379E+06   9.4937197E+06   1.5462050E-01   2.6445566E-02   1.2470078E-01
   1.5000000E-01   4.7714864E+06   1.4000966E+06   6.1644317E+06   1.5382367E-01   2.4953137E-02   1.2460428E-01
   2.0000000E-01   3.4843155E+06   9.9171037E+05   4.4723016E+06   1.5258931E-01   2.4716194E-02   1.2426699E-01
   2.5000000E-01   2.6999045E+06   7.4618204E+05   3.4430816E+06   1.5245198E-01   2.3317185E-02   1.2448880E-01
   3.0000000E-01   2.1589792E+06   5.8407742E+05   2.7407012E+06   1.5239176E-01   2.2070883E-02   1.2465783E-01
   3.5000000E-01   1.7628638E+06   4.6647859E+05   2.2272779E+06   1.5324383E-01   2.2038850E-02   1.2581940E-01
   4.0000000E-01   1.4748650E+06   3.8165355E+05   1.8549986E+06   1.5395326E-01   2.1053917E-02   1.2667094E-01
   4.5000000E-01   1.2370583E+06   3.1291277E+05   1.5486837E+06   1.5542125E-01   2.1001748E-02   1.2830316E-01
   5.0000000E-01   1.0520205E+06   2.5763366E+05   1.3089284E+06   1.5586939E-01   2.1122106E-02   1.2938845E-01
   5.5000000E-01   8.9783644E+05   2.1348176E+05   1.1105311E+06   1.5647803E-01   2.1290846E-02   1.3052856E-01
   6.0000000E-01   7.6809237E+05   1.7920847E+05   9.4668543E+05   1.5845067E-01   2.1809898E-02   1.3262273E-01
   6.5000000E-01   6.5528742E+05   1.4930203E+05   8.0409974E+05   1.6006053E-01   2.1450269E-02   1.3435344E-01
   7.0000000E-01   5.5329079E+05   1.2370886E+05   6.7664042E+05   1.6259351E-01   2.3371681E-02   1.3716926E-01
   7.5000000E-01   4.6696485E+05   1.0327246E+05   5.6999539E+05   1.6448715E-01   2.2156424E-02   1.3870981E-01
   8.0000000E-01   3.8896672E+05   8.3623986E+04   4.7236391E+05   1.6902015E-01   2.5681235E-02   1.4366119E-01
   8.5000000E-01   3.1410820E+05   6.5661712E+04   3.7960888E+05   1.7262538E-01   2.5009210E-02   1.4713184E-01
   9.0000000E-01   2.3916390E+05   4.9352179E+04   2.8842412E+05   1.7748456E-01   2.8182768E-02   1.5196029E-01
   9.5000000E-01   1.6130940E+05   3.2075585E+04   1.9332132E+05   1.8414402E-01   2.9571800E-02   1.5853778E-01
   1.0000000E+00   7.2401745E+04   1.4046504E+04   8.6441962E+04   1.9200655E-01   3.1928495E-02   1.6597504E-01
