   0.0000000E+00   5.5894197E+07   3.0252681E+07   8.6143313E+07   3.8711483E-03   8.3772081E-04   2.8096270E-03
   5.0000000E-02   2.3805887E+07   1.2065218E+07   3.5864611E+07   6.0966287E-04   3.3276134E-04   5.0421383E-04
   1.0000000E-01   1.2997548E+07   6.5077820E+06   1.9500841E+07   3.9424081E-04   2.8031867E-04   3.4021829E-04
   1.5000000E-01   8.9468845E+06   4.4700470E+06   1.3413473E+07   2.6991718E-04   2.8054890E-04   1.2425959E-04
   2.0000000E-01   6.7623503E+06   3.3707266E+06   1.0130546E+07   3.3527961E-04   5.8289280E-04   4.0233694E-04
   2.5000000E-01   5.3945377E+06   2.6935765E+06   8.0861788E+06   2.4448157E-04   3.2946369E-04   2.0521986E-04
   3.0000000E-01   4.4472666E+06   2.2145349E+06   6.6599765E+06   1.2560042E-04   1.4624416E-04   4.1504955E-05
   3.5000000E-01   3.7503271E+06   1.8769734E+06   5.6258089E+06   2.0992513E-04   3.3050075E-04   1.4925681E-04
   4.0000000E-01   3.2087865E+06   1.6068203E+06   4.8144609E+06   2.3397926E-04   3.4642716E-04   5.8339275E-05
   4.5000000E-01   2.7742404E+06   1.3817549E+06   4.1549626E+06   2.8451894E-04   3.5361473E-04   9.8045788E-05
   5.0000000E-01   2.4152527E+06   1.2075022E+06   3.6220036E+06   3.2047311E-04   3.3401560E-04   3.2605177E-04
   5.5000000E-01   2.1048849E+06   1.0539240E+06   3.1581086E+06   5.0323541E-04   7.7546831E-04   1.8490616E-04
   6.0000000E-01   1.8432318E+06   9.2196336E+05   2.7646169E+06   4.7066029E-04   5.8543800E-04   3.2724344E-04
   6.5000000E-01   1.6149770E+06   8.0212622E+05   2.4165646E+06   6.4171005E-04   2.2996523E-04   4.1297490E-04
   7.0000000E-01   1.4043059E+06   7.0278730E+05   2.1067567E+06   2.8185716E-04   3.9608325E-04   3.2021254E-04
   7.5000000E-01   1.2110206E+06   6.0395693E+05   1.8147016E+06   6.3217791E-05   5.5867680E-04   1.4321331E-04
   8.0000000E-01   1.0288890E+06   5.1708645E+05   1.5457765E+06   6.8777815E-04   4.5507991E-04   5.5703224E-04
   8.5000000E-01   8.5242264E+05   4.2525452E+05   1.2775386E+06   1.1064287E-03   1.0597686E-03   1.0508893E-03
   9.0000000E-01   6.7187790E+05   3.3635452E+05   1.0081334E+06   1.4705009E-03   1.4183300E-03   1.4489212E-03
   9.5000000E-01   4.6818358E+05   2.3241648E+05   7.0054980E+05   2.3807132E-03   2.4539395E-03   2.4003170E-03
   1.0000000E+00   2.5709379E+05   1.2885184E+05   3.8593305E+05   5.2175480E-03   7.0068719E-03   5.7485888E-03
