   0.0000000E+00   3.2339811E+09   1.6608244E+09   4.6889598E+09   1.6450578E-05   2.9867603E-06   1.2216864E-05
   5.0000000E-02   1.3483607E+05   4.1507609E+04   1.7634368E+05   1.6875044E-01   5.9884781E-02   1.4312575E-01
   1.0000000E-01   6.2643386E+04   2.0340002E+04   8.2983387E+04   1.6716072E-01   5.6603412E-02   1.4006209E-01
   1.5000000E-01   4.2674745E+04   1.3347795E+04   5.6022540E+04   1.7947927E-01   5.8666485E-02   1.5069470E-01
   2.0000000E-01   2.9523242E+04   9.1673247E+03   3.8690567E+04   1.8749684E-01   6.3550111E-02   1.5812854E-01
   2.5000000E-01   2.2689129E+04   6.2643386E+03   2.8953467E+04   1.9569686E-01   6.3922584E-02   1.6718596E-01
   3.0000000E-01   1.7719250E+04   5.1990615E+03   2.2918312E+04   2.0424002E-01   7.1993543E-02   1.7423933E-01
   3.5000000E-01   1.4787768E+04   4.7746483E+03   1.9562416E+04   2.1154635E-01   6.5289002E-02   1.7584893E-01
   4.0000000E-01   1.2294719E+04   3.5889440E+03   1.5883663E+04   2.2174663E-01   6.3485255E-02   1.8598717E-01
   4.5000000E-01   1.0171769E+04   3.2821286E+03   1.3453898E+04   2.3084155E-01   6.4017615E-02   1.9014423E-01
   5.0000000E-01   8.5498035E+03   2.6228735E+03   1.1172677E+04   2.4396595E-01   7.1034428E-02   2.0336889E-01
   5.5000000E-01   7.1475038E+03   2.2513190E+03   9.3988228E+03   2.4907915E-01   6.0025968E-02   2.0379485E-01
   6.0000000E-01   6.4139442E+03   1.8939438E+03   8.3078880E+03   2.5985198E-01   7.0436902E-02   2.1666932E-01
   6.5000000E-01   5.2692529E+03   1.6943880E+03   6.9636409E+03   2.6931138E-01   7.8639813E-02   2.2291701E-01
   7.0000000E-01   4.4699803E+03   1.4460363E+03   5.9160166E+03   2.7636410E-01   7.3672984E-02   2.2682084E-01
   7.5000000E-01   3.4759440E+03   1.1586480E+03   4.6345919E+03   2.9942931E-01   6.4592342E-02   2.4072007E-01
   8.0000000E-01   2.9761974E+03   1.0066550E+03   3.9828525E+03   3.0542373E-01   7.2422693E-02   2.4653334E-01
   8.5000000E-01   2.5052860E+03   7.6768855E+02   3.2729746E+03   3.1610215E-01   7.7865887E-02   2.6022294E-01
   9.0000000E-01   1.8603444E+03   6.1186234E+02   2.4722068E+03   3.2691639E-01   9.2988961E-02   2.6902009E-01
   9.5000000E-01   1.2832914E+03   4.6238699E+02   1.7456784E+03   3.5771466E-01   9.0033406E-02   2.8681246E-01
   1.0000000E+00   5.7217184E+02   2.3264130E+02   8.0481314E+02   3.4761186E-01   1.1465964E-01   2.8027411E-01
