   0.0000000E+00   1.1714058E+08   6.2025100E+07   1.7914837E+08   7.0536144E-05   2.6032689E-05   3.9408396E-05
   5.0000000E-02   4.2581969E+07   2.1384758E+07   6.3948583E+07   1.1092933E-04   2.6778469E-05   6.8201952E-05
   1.0000000E-01   2.0620178E+07   1.0345772E+07   3.0958692E+07   8.6140286E-05   5.9197878E-05   5.7233800E-05
   1.5000000E-01   1.2872049E+07   6.4265917E+06   1.9293038E+07   1.2938443E-04   1.0636028E-04   1.1042308E-04
   2.0000000E-01   8.9066289E+06   4.4612085E+06   1.3364893E+07   5.5080403E-05   1.0762429E-04   6.7083146E-05
   2.5000000E-01   6.5186045E+06   3.2625363E+06   9.7790272E+06   1.0750455E-04   1.4014727E-04   8.9156148E-05
   3.0000000E-01   4.9557242E+06   2.4779258E+06   7.4323661E+06   5.6424964E-05   1.1335560E-04   5.9961871E-05
   3.5000000E-01   3.8403997E+06   1.9176897E+06   5.7570072E+06   1.0036894E-04   1.4800026E-04   3.7412641E-05
   4.0000000E-01   3.0299361E+06   1.5214974E+06   4.5507014E+06   1.0653195E-04   2.2768670E-04   1.2720976E-04
   4.5000000E-01   2.4334508E+06   1.2192754E+06   3.6522240E+06   1.6850840E-04   2.2094009E-04   1.8722367E-04
   5.0000000E-01   1.9587263E+06   9.8135575E+05   2.9398146E+06   1.3690433E-05   2.1250963E-04   6.4296896E-05
   5.5000000E-01   1.5915668E+06   8.0061881E+05   2.3919078E+06   1.7940469E-04   1.2856916E-04   9.4927547E-05
   6.0000000E-01   1.3022429E+06   6.4985085E+05   1.9519027E+06   2.7429448E-04   3.2092865E-04   2.7395489E-04
   6.5000000E-01   1.0627926E+06   5.3169014E+05   1.5943408E+06   2.6245709E-04   6.7350401E-04   3.7715446E-04
   7.0000000E-01   8.6347013E+05   4.3311517E+05   1.2964762E+06   7.8105779E-04   8.3502990E-04   7.6263730E-04
   7.5000000E-01   6.9491292E+05   3.5020029E+05   1.0450368E+06   3.4912679E-04   3.2330478E-04   1.2733675E-04
   8.0000000E-01   5.5611124E+05   2.7680228E+05   8.3286975E+05   4.7905463E-04   1.4146356E-04   3.5040180E-04
   8.5000000E-01   4.2711944E+05   2.1455959E+05   6.4165656E+05   5.4380172E-04   7.9269733E-04   5.3698652E-04
   9.0000000E-01   3.1365549E+05   1.5772962E+05   4.7136389E+05   1.1323743E-03   1.6929635E-03   1.2874656E-03
   9.5000000E-01   2.0436165E+05   1.0104831E+05   3.0540326E+05   1.4780934E-03   1.6058348E-03   1.4755808E-03
   1.0000000E+00   9.8030014E+04   4.9338818E+04   1.4736883E+05   1.2253847E-03   2.0120436E-03   1.4288139E-03
