   0.0000000E+00   3.7781092E+08   2.3393434E+08   6.1150232E+08   1.6347280E-05   1.1946535E-05   6.0895373E-06
   5.0000000E-02   1.2656141E+08   6.2023063E+07   1.8841049E+08   2.5950877E-05   4.1893198E-05   3.0899678E-05
   1.0000000E-01   4.4681477E+07   2.1637942E+07   6.6277784E+07   8.0587708E-05   8.7371925E-05   8.2619629E-05
   1.5000000E-01   1.9844139E+07   9.6203646E+06   2.9451431E+07   1.3105524E-04   1.5522172E-04   1.3844259E-04
   2.0000000E-01   9.6060035E+06   4.6384753E+06   1.4240277E+07   2.7166764E-04   3.3271313E-04   2.9157979E-04
   2.5000000E-01   4.8626801E+06   2.3485158E+06   7.2098590E+06   4.6586932E-04   5.6532095E-04   4.9812249E-04
   3.0000000E-01   2.5180010E+06   1.2208245E+06   3.7383905E+06   8.6077375E-04   9.6930335E-04   8.9615361E-04
   3.5000000E-01   1.3288892E+06   6.4073052E+05   1.9695379E+06   1.5196494E-03   1.5515360E-03   1.5300217E-03
   4.0000000E-01   7.0597950E+05   3.4285954E+05   1.0488072E+06   2.2823367E-03   2.4830054E-03   2.3479657E-03
   4.5000000E-01   3.8048642E+05   1.8435801E+05   5.6483028E+05   3.8897589E-03   4.0767228E-03   3.9506824E-03
   5.0000000E-01   2.0525258E+05   1.0030581E+05   3.0554566E+05   6.2897490E-03   6.5493374E-03   6.3751937E-03
   5.5000000E-01   1.1048247E+05   5.3846458E+04   1.6432893E+05   1.0234779E-02   1.2095033E-02   1.0842800E-02
   6.0000000E-01   6.1348925E+04   2.9401223E+04   9.0750149E+04   1.6863169E-02   1.7628601E-02   1.7110921E-02
   6.5000000E-01   3.4201173E+04   1.6909601E+04   5.1110774E+04   2.7093556E-02   2.7102525E-02   2.7094398E-02
   7.0000000E-01   1.9144066E+04   9.3037432E+03   2.8447809E+04   3.9908912E-02   3.9623001E-02   3.9789549E-02
   7.5000000E-01   1.1234217E+04   5.2457469E+03   1.6479964E+04   6.1361225E-02   6.1741114E-02   6.1476325E-02
   8.0000000E-01   6.1831695E+03   3.1234158E+03   9.3065853E+03   8.9026828E-02   8.5807778E-02   8.7945713E-02
   8.5000000E-01   3.4976639E+03   1.7563216E+03   5.2539855E+03   1.2113194E-01   1.3153925E-01   1.2453398E-01
   9.0000000E-01   1.8214399E+03   9.0187801E+02   2.7233179E+03   1.6787488E-01   2.0199187E-01   1.7913202E-01
   9.5000000E-01   8.8456642E+02   3.9537438E+02   1.2799408E+03   2.2648694E-01   2.0073596E-01   2.1818521E-01
   1.0000000E+00   3.6468096E+02   1.3832726E+02   5.0300822E+02   2.5802434E-01   2.0395424E-01   2.4134069E-01
