   0.0000000E+00   4.4608202E+07   2.4561300E+07   6.9163900E+07   9.7652673E-03   1.1505003E-03   6.6937694E-03
   5.0000000E-02   2.0725984E+07   1.0502698E+07   3.1220852E+07   1.4849508E-03   1.0371781E-03   1.3212876E-03
   1.0000000E-01   1.1767694E+07   5.8789289E+06   1.7643440E+07   6.4194323E-04   1.6694873E-04   4.7106364E-04
   1.5000000E-01   8.2736167E+06   4.1475778E+06   1.2417990E+07   4.0953354E-04   8.1107211E-04   5.1464759E-04
   2.0000000E-01   6.3870470E+06   3.1874597E+06   9.5720080E+06   3.0354791E-04   4.8532948E-04   3.4697582E-04
   2.5000000E-01   5.1808881E+06   2.5927359E+06   7.7717014E+06   1.3980796E-04   4.8510104E-04   2.1107685E-04
   3.0000000E-01   4.3214493E+06   2.1477429E+06   6.4671868E+06   3.9856102E-04   4.9802352E-04   3.4851019E-04
   3.5000000E-01   3.6872381E+06   1.8511539E+06   5.5366003E+06   1.1960959E-04   2.9052737E-04   8.8526538E-05
   4.0000000E-01   3.1932211E+06   1.6096772E+06   4.8017603E+06   3.3532956E-04   2.3129411E-04   2.9990785E-04
   4.5000000E-01   2.8056116E+06   1.4019075E+06   4.2063378E+06   2.6667190E-04   5.5344334E-04   3.0599339E-04
   5.0000000E-01   2.4707086E+06   1.2350296E+06   3.7050379E+06   3.6901018E-04   8.4327797E-04   5.2304910E-04
   5.5000000E-01   2.1863664E+06   1.0917335E+06   3.2773244E+06   4.1541601E-04   3.7386251E-04   4.0269452E-04
   6.0000000E-01   1.9283637E+06   9.6322694E+05   2.8908479E+06   6.1972713E-04   4.1802528E-04   5.5085666E-04
   6.5000000E-01   1.7105337E+06   8.5166993E+05   2.5616649E+06   6.4622307E-04   1.2335272E-03   8.4290194E-04
   7.0000000E-01   1.5034958E+06   7.4997447E+05   2.2529655E+06   4.4438074E-04   7.1659796E-04   4.5648486E-04
   7.5000000E-01   1.3089624E+06   6.5216178E+05   1.9607465E+06   9.2288757E-04   6.7349576E-04   8.4040282E-04
   8.0000000E-01   1.1234787E+06   5.5923068E+05   1.6824349E+06   9.1632489E-04   6.7073400E-04   7.4730650E-04
   8.5000000E-01   9.3897672E+05   4.6706171E+05   1.4057838E+06   1.2532751E-03   1.0673165E-03   1.1093891E-03
   9.0000000E-01   7.4496185E+05   3.7362861E+05   1.1184879E+06   2.1499573E-03   1.7614713E-03   2.0149554E-03
   9.5000000E-01   5.2970116E+05   2.6460598E+05   7.9424013E+05   3.2167318E-03   2.7455638E-03   3.0584605E-03
   1.0000000E+00   3.0387984E+05   1.5146835E+05   4.5533561E+05   6.6698980E-03   7.3036597E-03   6.8727077E-03
