   0.0000000E+00   3.2136006E+09   1.6535613E+09   4.6539284E+09   6.5253668E-05   4.7573434E-10   4.4322264E-05
   5.0000000E-02   4.7899272E+05   1.1643776E+05   5.9530315E+05   1.8777229E-01   2.8552917E-06   1.5104265E-01
   1.0000000E-01   2.3007439E+05   5.5990709E+04   2.8606509E+05   1.9644773E-01   4.2241257E-06   1.5799675E-01
   1.5000000E-01   1.3912264E+05   3.4695778E+04   1.7381842E+05   2.1088160E-01   1.2367712E-05   1.6879013E-01
   2.0000000E-01   9.3742261E+04   2.4493946E+04   1.1822029E+05   2.2112389E-01   9.6247618E-06   1.7533722E-01
   2.5000000E-01   7.0295555E+04   1.6704903E+04   8.7000458E+04   2.3110612E-01   1.0856991E-06   1.8673179E-01
   3.0000000E-01   5.2669676E+04   1.4069297E+04   6.6738973E+04   2.4114195E-01   4.9768342E-05   1.9029613E-01
   3.5000000E-01   4.0007005E+04   1.0767969E+04   5.0774974E+04   2.5368612E-01   6.9376795E-06   1.9988631E-01
   4.0000000E-01   3.2499439E+04   8.7455641E+03   4.1245004E+04   2.6344356E-01   1.9815875E-07   2.0758320E-01
   4.5000000E-01   2.7473680E+04   6.7269489E+03   3.4200629E+04   2.7644471E-01   6.6486077E-05   2.2208366E-01
   5.0000000E-01   2.1263100E+04   5.4176343E+03   2.6680735E+04   2.8745879E-01   1.7165147E-05   2.2908560E-01
   5.5000000E-01   1.7275546E+04   4.9482719E+03   2.2223818E+04   2.9950570E-01   5.9589382E-06   2.3281756E-01
   6.0000000E-01   1.3809344E+04   3.6711740E+03   1.7480518E+04   3.0620116E-01   2.8756358E-06   2.4189366E-01
   6.5000000E-01   1.1277964E+04   2.8745831E+03   1.4152547E+04   3.2032016E-01   6.2149201E-05   2.5524597E-01
   7.0000000E-01   9.2127976E+03   2.4146079E+03   1.1627405E+04   3.3060668E-01   1.4142766E-06   2.6195087E-01
   7.5000000E-01   7.0877001E+03   2.1178218E+03   9.2055219E+03   3.3995364E-01   1.2417728E-05   2.6174678E-01
   8.0000000E-01   5.5704230E+03   1.4005635E+03   6.9709865E+03   3.5684762E-01   1.0653569E-05   2.8515007E-01
   8.5000000E-01   3.9545322E+03   1.1758742E+03   5.1304064E+03   3.7299283E-01   2.3281473E-05   2.8750930E-01
   9.0000000E-01   3.1088266E+03   8.2053215E+02   3.9293587E+03   3.8875611E-01   6.0101139E-05   3.0758827E-01
   9.5000000E-01   1.8193923E+03   5.2939960E+02   2.3487919E+03   4.0348078E-01   6.8286671E-04   3.1269323E-01
   1.0000000E+00   8.9912718E+02   2.7665452E+02   1.1757817E+03   4.1418712E-01   5.2156859E-06   3.1673010E-01
