   0.0000000E+00   2.0446699E+07   2.0165059E+07   4.0608193E+07   4.4812903E-02   4.1307434E-04   2.2764624E-02
   5.0000000E-02   1.2277976E+07   8.5921388E+06   2.0861266E+07   2.2304839E-02   1.2814648E-03   1.3643063E-02
   1.0000000E-01   8.6852762E+06   5.0801621E+06   1.3758085E+07   9.5792276E-03   1.4080489E-03   6.5653941E-03
   1.5000000E-01   6.8656472E+06   3.6913124E+06   1.0549787E+07   5.8943207E-03   1.3719998E-03   4.2993729E-03
   2.0000000E-01   5.6906487E+06   2.9319205E+06   8.6161075E+06   3.5695198E-03   9.9099686E-04   2.6917432E-03
   2.5000000E-01   4.8709434E+06   2.4385338E+06   7.3041042E+06   3.0528711E-03   1.8739325E-03   2.6617371E-03
   3.0000000E-01   4.2196644E+06   2.0861712E+06   6.3010609E+06   2.4895999E-03   9.9468970E-04   1.9905811E-03
   3.5000000E-01   3.6966600E+06   1.8095826E+06   5.5020864E+06   2.2685905E-03   1.5511581E-03   2.0311465E-03
   4.0000000E-01   3.2780666E+06   1.5956397E+06   4.8695524E+06   2.2544512E-03   1.5656978E-03   2.0321338E-03
   4.5000000E-01   2.9209176E+06   1.4065053E+06   4.3241196E+06   2.5584111E-03   1.3596366E-03   2.1484204E-03
   5.0000000E-01   2.6013430E+06   1.2565537E+06   3.8552484E+06   2.5222392E-03   2.2271991E-03   2.4204671E-03
   5.5000000E-01   2.3383912E+06   1.1236513E+06   3.4593861E+06   2.5528920E-03   2.2957924E-03   2.4633216E-03
   6.0000000E-01   2.0928875E+06   1.0064959E+06   3.0969058E+06   3.3879163E-03   3.2642157E-03   3.3454242E-03
   6.5000000E-01   1.8719217E+06   8.9258010E+05   2.7623911E+06   4.0946584E-03   3.3979138E-03   3.8725810E-03
   7.0000000E-01   1.6654064E+06   8.0018558E+05   2.4639231E+06   4.7304441E-03   4.6071554E-03   4.6845770E-03
   7.5000000E-01   1.4699678E+06   7.0464472E+05   2.1732204E+06   5.9926645E-03   4.3907352E-03   5.4775144E-03
   8.0000000E-01   1.2853194E+06   6.1454498E+05   1.8986747E+06   6.6523421E-03   6.5515585E-03   6.6287037E-03
   8.5000000E-01   1.1036440E+06   5.2539106E+05   1.6281363E+06   8.3716590E-03   7.7466552E-03   8.1663093E-03
   9.0000000E-01   9.1539911E+05   4.3853199E+05   1.3533511E+06   1.1349651E-02   9.4309251E-03   1.0729772E-02
   9.5000000E-01   7.0026500E+05   3.3424883E+05   1.0340615E+06   1.5705042E-02   1.3988624E-02   1.5149499E-02
   1.0000000E+00   4.4851985E+05   2.1429407E+05   6.6273847E+05   2.3611565E-02   2.3334110E-02   2.3528111E-02
