   0.0000000E+00   2.3249624E+09   1.5144217E+09   3.7157464E+09   4.2494243E-03   1.3643832E-07   2.5824292E-03
   5.0000000E-02   1.8917920E+07   5.7778974E+06   2.4661568E+07   2.0007255E-01   5.4369667E-06   1.5326709E-01
   1.0000000E-01   7.4054158E+06   2.2164236E+06   9.6103484E+06   2.1760523E-01   2.2641075E-05   1.6751861E-01
   1.5000000E-01   3.7640144E+06   1.0866887E+06   4.8467137E+06   2.2603292E-01   9.9603502E-06   1.7543620E-01
   2.0000000E-01   2.1438807E+06   5.7271906E+05   2.7147695E+06   2.2249322E-01   2.3815965E-05   1.7562529E-01
   2.5000000E-01   1.3219792E+06   3.0608679E+05   1.6272001E+06   2.0484630E-01   3.5878186E-05   1.6636576E-01
   3.0000000E-01   8.7893848E+05   1.6494818E+05   1.0434835E+06   1.7275182E-01   6.6955762E-05   1.4545877E-01
   3.5000000E-01   6.4910661E+05   8.8153649E+04   7.3699652E+05   1.3151258E-01   3.9662924E-05   1.1579347E-01
   4.0000000E-01   5.1904406E+05   4.6735849E+04   5.6562075E+05   9.1265547E-02   8.4715599E-05   8.3739975E-02
   4.5000000E-01   4.6140786E+05   2.3328578E+04   4.8459497E+05   5.7903216E-02   9.1008192E-05   5.5134654E-02
   5.0000000E-01   4.3585536E+05   1.2261297E+04   4.4804663E+05   3.4362328E-02   1.1861977E-04   3.3424126E-02
   5.5000000E-01   4.2192844E+05   6.4124973E+03   4.2825412E+05   2.0252436E-02   4.0266701E-04   1.9955327E-02
   6.0000000E-01   4.1727243E+05   3.2945073E+03   4.2046083E+05   1.1673408E-02   1.2299322E-05   1.1584980E-02
   6.5000000E-01   4.0640337E+05   2.1498160E+03   4.0844055E+05   7.2057909E-03   2.1394366E-05   7.1699616E-03
   7.0000000E-01   3.8940667E+05   1.0231389E+03   3.9032068E+05   4.5966471E-03   4.9198174E-06   4.5858661E-03
   7.5000000E-01   3.6186741E+05   5.0929582E+02   3.6229182E+05   2.8386262E-03   9.1353702E-06   2.8353136E-03
   8.0000000E-01   3.2045848E+05   3.6207750E+02   3.2073302E+05   1.9765705E-03   8.3019637E-05   1.9749717E-03
   8.5000000E-01   2.6636171E+05   1.9473075E+02   2.6651151E+05   1.4594685E-03   9.3079768E-06   1.4586608E-03
   9.0000000E-01   2.0485010E+05   1.2378718E+02   2.0494205E+05   9.9901011E-04   8.3410601E-06   1.0049598E-03
   9.5000000E-01   1.3088567E+05   7.0363238E+01   1.3095269E+05   6.9638868E-04   2.0523844E-06   6.9603136E-04
   1.0000000E+00   5.5544682E+04   1.8862808E+01   5.5563545E+04   4.9486642E-04   3.9885941E-05   4.9468843E-04
