   0.0000000E+00   1.4458623E+09   1.1587050E+09   2.5427633E+09   3.3777507E-02   2.3830190E-07   1.8783744E-02
   5.0000000E-02   8.0901322E+07   3.6128172E+07   1.1611423E+08   1.7036616E-01   3.6693235E-06   1.1780364E-01
   1.0000000E-01   2.1035222E+07   8.6614667E+06   2.9599413E+07   1.6598421E-01   9.4460263E-06   1.1763959E-01
   1.5000000E-01   6.8943799E+06   2.4269007E+06   9.3037736E+06   1.5499750E-01   1.9250716E-05   1.1467346E-01
   2.0000000E-01   2.5521450E+06   7.2900922E+05   3.2779234E+06   1.3784312E-01   5.3822592E-05   1.0725865E-01
   2.5000000E-01   1.0927706E+06   2.2905579E+05   1.3211770E+06   1.1011086E-01   9.5640311E-05   9.1068783E-02
   3.0000000E-01   5.7844334E+05   7.5343950E+04   6.5362813E+05   7.5447311E-02   9.1034664E-05   6.6758316E-02
   3.5000000E-01   3.9414949E+05   2.5883141E+04   4.1999625E+05   3.9884940E-02   4.9589420E-04   3.7465813E-02
   4.0000000E-01   3.3273728E+05   8.3238035E+03   3.4101334E+05   1.7887611E-02   2.5101209E-06   1.7453556E-02
   4.5000000E-01   3.1219126E+05   2.8152741E+03   3.1493580E+05   7.5126199E-03   2.6747850E-03   7.4708444E-03
   5.0000000E-01   3.1640639E+05   8.7853529E+02   3.1722763E+05   2.7641105E-03   7.3477068E-06   2.7569358E-03
   5.5000000E-01   3.2732674E+05   3.8775932E+02   3.2763926E+05   9.2493568E-04   1.4507752E-02   9.4128725E-04
   6.0000000E-01   3.4758909E+05   1.6446011E+02   3.4765275E+05   3.7166876E-04   2.9527630E-02   3.8529600E-04
   6.5000000E-01   3.7278985E+05   2.4485376E+01   3.7274088E+05   9.8629531E-05   8.6026800E-06   9.8643342E-05
   7.0000000E-01   4.1185661E+05   9.0945682E+00   4.1174293E+05   4.0563775E-05   1.0168149E-06   4.0574659E-05
   7.5000000E-01   4.5566697E+05   4.2441318E+00   4.5546325E+05   1.9926346E-05   4.5763039E-01   2.3606913E-05
   8.0000000E-01   5.1192983E+05   0.0000000E+00   5.1172293E+05   5.3846444E-06   0.0000000E+00   5.3879096E-06
   8.5000000E-01   5.5919557E+05   3.7448222E+00   5.5895216E+05   4.2333697E-06   6.6523230E-01   2.6151934E-06
   9.0000000E-01   5.6999751E+05   3.5367765E+00   5.6972518E+05   8.1499700E-06   4.8110998E-01   5.1873053E-06
   9.5000000E-01   4.8709454E+05   0.0000000E+00   4.8684659E+05   7.6041724E-06   0.0000000E+00   7.6080696E-06
   1.0000000E+00   2.6572666E+05   0.0000000E+00   2.6568265E+05   7.5982521E-07   0.0000000E+00   7.6260350E-07
