   0.0000000E+00   3.2304649E+09   1.6574635E+09   4.6719096E+09   2.1699693E-05   1.3794454E-06   1.4757655E-05
   5.0000000E-02   1.6895889E+05   4.2398877E+04   2.1135776E+05   1.7940047E-01   1.9706742E-02   1.4736553E-01
   1.0000000E-01   8.0436908E+04   1.9480565E+04   9.9917473E+04   1.8614761E-01   1.5185216E-02   1.5281566E-01
   1.5000000E-01   4.8361882E+04   1.2817278E+04   6.1179160E+04   1.9545717E-01   1.6047654E-02   1.5787016E-01
   2.0000000E-01   3.4632116E+04   8.5307049E+03   4.3162821E+04   1.9874433E-01   1.1244155E-02   1.6168678E-01
   2.5000000E-01   2.5121016E+04   6.2261414E+03   3.1347158E+04   2.0851125E-01   6.5810281E-03   1.6840407E-01
   3.0000000E-01   2.0870518E+04   4.9338032E+03   2.5804321E+04   2.1330518E-01   1.4934017E-02   1.7537648E-01
   3.5000000E-01   1.6761289E+04   3.9379480E+03   2.0699237E+04   2.2099110E-01   1.5050847E-02   1.8181178E-01
   4.0000000E-01   1.3321269E+04   3.0955636E+03   1.6416832E+04   2.2917370E-01   9.5508286E-03   1.8776152E-01
   4.5000000E-01   1.0857904E+04   2.6950237E+03   1.3552928E+04   2.3233787E-01   1.1857476E-02   1.8849495E-01
   5.0000000E-01   9.0909303E+03   2.2345354E+03   1.1325466E+04   2.3969466E-01   5.2727789E-03   1.9344279E-01
   5.5000000E-01   7.7146742E+03   1.6146992E+03   9.3293734E+03   2.3480578E-01   9.8520916E-03   1.9587149E-01
   6.0000000E-01   6.4192494E+03   1.3634273E+03   7.7826767E+03   2.4599079E-01   5.6679475E-03   2.0388924E-01
   6.5000000E-01   5.6708130E+03   1.0822536E+03   6.7530667E+03   2.5566202E-01   3.9572392E-03   2.1532355E-01
   7.0000000E-01   4.5427368E+03   1.0458753E+03   5.5886121E+03   2.4867574E-01   1.1442363E-03   2.0235170E-01
   7.5000000E-01   3.4632116E+03   7.7243199E+02   4.2356436E+03   2.6840011E-01   9.5903594E-03   2.2120234E-01
   8.0000000E-01   3.0836270E+03   5.4510568E+02   3.6287327E+03   2.5979586E-01   2.6822291E-06   2.2076991E-01
   8.5000000E-01   2.3966862E+03   4.5312349E+02   2.8498097E+03   2.6182129E-01   3.1215729E-03   2.2068770E-01
   9.0000000E-01   1.8179031E+03   3.7489831E+02   2.1928014E+03   2.6750778E-01   2.1158723E-05   2.2177619E-01
   9.5000000E-01   1.1995257E+03   2.0103782E+02   1.4005635E+03   2.5987508E-01   1.3590462E-05   2.2257439E-01
   1.0000000E+00   5.4073383E+02   4.4013219E+01   5.8474705E+02   2.7506132E-01   5.1794704E-05   2.5435388E-01
