   0.0000000E+00   7.0567010E+07   3.5785671E+07   1.0635013E+08   8.3093929E-04   4.1047880E-04   6.0215815E-04
   5.0000000E-02   2.5855612E+07   1.2845459E+07   3.8696806E+07   3.4598966E-04   2.0138718E-04   1.8003006E-04
   1.0000000E-01   1.3387573E+07   6.7083490E+06   2.0094585E+07   1.7865141E-04   3.7536574E-04   1.8042197E-04
   1.5000000E-01   9.0636830E+06   4.5458259E+06   1.3608108E+07   1.6803437E-04   4.4599525E-04   2.2022289E-04
   2.0000000E-01   6.8220652E+06   3.4024462E+06   1.0223493E+07   3.5008464E-04   2.9803363E-05   2.2743602E-04
   2.5000000E-01   5.3882861E+06   2.6970397E+06   8.0844472E+06   2.2725054E-04   2.4134392E-04   1.7662096E-04
   3.0000000E-01   4.4261308E+06   2.2246254E+06   6.6499392E+06   4.0822572E-05   3.1198132E-04   1.2533760E-04
   3.5000000E-01   3.7187871E+06   1.8648412E+06   5.5831281E+06   1.3561762E-04   2.8405974E-04   1.7257301E-04
   4.0000000E-01   3.1845074E+06   1.5905388E+06   4.7746244E+06   4.8996792E-04   2.6140033E-04   2.5505958E-04
   4.5000000E-01   2.7463565E+06   1.3792863E+06   4.1252042E+06   3.2201255E-04   6.0775399E-04   3.8659088E-04
   5.0000000E-01   2.3830779E+06   1.1912111E+06   3.5739579E+06   6.3326722E-05   5.5416593E-04   2.1595768E-04
   5.5000000E-01   2.0759071E+06   1.0390098E+06   3.1146217E+06   2.4440475E-04   4.5858799E-04   2.5161012E-04
   6.0000000E-01   1.8231729E+06   9.0988350E+05   2.7327806E+06   5.4057798E-04   3.9190027E-04   4.5155155E-04
   6.5000000E-01   1.5838463E+06   7.9576492E+05   2.3794496E+06   2.8499450E-04   2.0949140E-04   2.2013653E-04
   7.0000000E-01   1.3788411E+06   6.9005945E+05   2.0687642E+06   2.7844904E-04   2.5942790E-04   2.6590384E-04
   7.5000000E-01   1.1835398E+06   5.9249778E+05   1.7759230E+06   4.0720557E-04   4.4960840E-04   4.1519012E-04
   8.0000000E-01   1.0037226E+06   5.0438987E+05   1.5079891E+06   1.0558705E-04   7.2647371E-04   1.9370340E-04
   8.5000000E-01   8.2560971E+05   4.1482519E+05   1.2403638E+06   2.2901754E-04   4.0334283E-04   1.0093560E-04
   9.0000000E-01   6.4275254E+05   3.2160263E+05   9.6431626E+05   3.8277189E-04   9.2051305E-04   5.4007592E-04
   9.5000000E-01   4.3669101E+05   2.1838069E+05   6.5503484E+05   3.0500200E-04   4.7986736E-04   3.6150176E-04
   1.0000000E+00   2.1999693E+05   1.1089445E+05   3.3089138E+05   8.9416943E-04   1.3382128E-03   6.4456793E-04
