   0.0000000E+00   1.2242300E+08   6.1896249E+07   1.8429888E+08   3.5188250E-04   2.3733173E-04   3.1139146E-04
   5.0000000E-02   4.1784411E+07   2.0942117E+07   6.2708066E+07   1.1843313E-04   2.1117034E-04   1.4397760E-04
   1.0000000E-01   2.0151467E+07   1.0100005E+07   3.0243736E+07   3.2659706E-05   1.4471510E-04   2.8376810E-05
   1.5000000E-01   1.2587692E+07   6.3137827E+06   1.8895511E+07   3.3705812E-05   6.1755638E-05   4.1625392E-05
   2.0000000E-01   8.7528375E+06   4.3901936E+06   1.3139386E+07   1.3589137E-04   1.8172840E-05   9.2478441E-05
   2.5000000E-01   6.4497477E+06   3.2266946E+06   9.6742905E+06   1.5421515E-04   2.1918832E-04   1.2935128E-04
   3.0000000E-01   4.9108637E+06   2.4630501E+06   7.3721100E+06   1.1939061E-04   2.3400383E-04   1.4543874E-04
   3.5000000E-01   3.8384625E+06   1.9192904E+06   5.7565888E+06   1.1131972E-04   1.5838094E-04   1.2297544E-04
   4.0000000E-01   3.0416181E+06   1.5246248E+06   4.5654710E+06   6.8294362E-05   3.9965480E-04   1.3773977E-04
   4.5000000E-01   2.4567511E+06   1.2216592E+06   3.6778090E+06   1.0313786E-04   3.6980218E-04   7.5128032E-05
   5.0000000E-01   1.9869667E+06   9.9226741E+05   2.9788330E+06   1.2660220E-04   2.3662172E-04   1.0439207E-04
   5.5000000E-01   1.6206487E+06   8.0892959E+05   2.4292369E+06   6.7646266E-05   3.6862586E-04   7.8863353E-05
   6.0000000E-01   1.3284504E+06   6.6542151E+05   1.9936173E+06   1.5861844E-04   4.9037905E-04   2.6589456E-04
   6.5000000E-01   1.0906717E+06   5.4550479E+05   1.6359610E+06   1.5004333E-04   4.2057020E-04   1.7134596E-04
   7.0000000E-01   8.8705690E+05   4.4270084E+05   1.3296213E+06   5.1713281E-04   4.5737181E-04   4.7657364E-04
   7.5000000E-01   7.1837024E+05   3.6303879E+05   1.0813241E+06   6.5839577E-04   7.4489221E-04   6.7968330E-04
   8.0000000E-01   5.7479603E+05   2.8673355E+05   8.6145796E+05   8.4643812E-04   1.7501346E-04   6.2226721E-04
   8.5000000E-01   4.4616186E+05   2.2472303E+05   6.7082872E+05   4.6644919E-04   4.4406718E-04   2.0550939E-04
   9.0000000E-01   3.3324569E+05   1.6588189E+05   4.9910283E+05   7.5528786E-04   4.2994310E-04   5.5156073E-04
   9.5000000E-01   2.1311349E+05   1.0556161E+05   3.1867175E+05   1.2486286E-03   3.6422777E-03   1.9316217E-03
   1.0000000E+00   1.0432390E+05   5.2558071E+04   1.5688197E+05   3.8412352E-03   2.8286106E-03   3.3485520E-03
