   0.0000000E+00   7.8101532E+07   4.0202793E+07   1.1829312E+08   1.9000617E-03   8.2102385E-04   1.5201327E-03
   5.0000000E-02   2.9413934E+07   1.4763085E+07   4.4163460E+07   2.9928107E-04   2.7168089E-04   2.9282586E-04
   1.0000000E-01   1.5295267E+07   7.6465674E+06   2.2935723E+07   1.4438912E-04   1.7986160E-04   1.0862725E-04
   1.5000000E-01   1.0116206E+07   5.0786342E+06   1.5189345E+07   3.0521410E-04   1.3033334E-04   2.2325890E-04
   2.0000000E-01   7.4415918E+06   3.7164112E+06   1.1153976E+07   1.4190643E-04   1.2830734E-04   5.5216602E-05
   2.5000000E-01   5.7825447E+06   2.8995102E+06   8.6794575E+06   1.3080061E-04   2.7082225E-05   9.1265455E-05
   3.0000000E-01   4.6431333E+06   2.3259222E+06   6.9668591E+06   1.4134427E-04   8.3523916E-05   6.9852630E-05
   3.5000000E-01   3.8153623E+06   1.9094228E+06   5.7228480E+06   2.9107426E-04   2.0702099E-04   1.8166486E-04
   4.0000000E-01   3.1869106E+06   1.5984170E+06   4.7838952E+06   4.0186463E-04   2.8545038E-04   3.3515168E-04
   4.5000000E-01   2.6912959E+06   1.3515579E+06   4.0417433E+06   2.1862530E-04   2.2144773E-04   1.7165176E-04
   5.0000000E-01   2.2972106E+06   1.1470615E+06   3.4434891E+06   4.5809633E-04   5.0905707E-04   3.9352473E-04
   5.5000000E-01   1.9594404E+06   9.8410999E+05   2.9427749E+06   2.6472522E-04   4.4115752E-04   3.0730059E-04
   6.0000000E-01   1.6746124E+06   8.4080495E+05   2.5147489E+06   4.2648389E-04   4.2988423E-04   4.1672940E-04
   6.5000000E-01   1.4331437E+06   7.2499729E+05   2.1576611E+06   1.2097601E-04   8.2542698E-04   3.5533259E-04
   7.0000000E-01   1.2291263E+06   6.1441538E+05   1.8431234E+06   1.2153422E-04   4.9923287E-04   2.4081893E-04
   7.5000000E-01   1.0380085E+06   5.1926953E+05   1.5570234E+06   5.9068631E-04   7.8343302E-04   5.3387353E-04
   8.0000000E-01   8.6565965E+05   4.3476754E+05   1.3002044E+06   8.2041227E-04   1.1504894E-03   8.3921170E-04
   8.5000000E-01   7.0341242E+05   3.5333521E+05   1.0565903E+06   9.4528701E-04   5.4042253E-04   8.0396441E-04
   9.0000000E-01   5.4524008E+05   2.7333977E+05   8.1851973E+05   1.2209819E-03   1.5716461E-03   1.2265261E-03
   9.5000000E-01   3.7180270E+05   1.8580251E+05   5.5757505E+05   2.4767402E-03   2.9134588E-03   2.5993188E-03
   1.0000000E+00   1.9761935E+05   9.9029742E+04   2.9664909E+05   4.9409893E-03   4.9599669E-03   4.9462574E-03
