   0.0000000E+00   3.1866639E+06   6.7892596E+08   6.8188191E+08   9.5072998E-05   1.1673943E-05   1.1942585E-05
   5.0000000E-02   3.2037890E+06   9.5996659E+07   9.9146718E+07   6.9901931E-06   7.9706295E-05   7.6991646E-05
   1.0000000E-01   3.2473020E+06   1.2095394E+07   1.5337953E+07   3.7010436E-05   4.7864880E-04   3.7564487E-04
   1.5000000E-01   3.2986666E+06   1.8083185E+06   5.1058391E+06   5.0809888E-05   2.1890490E-03   7.7462967E-04
   2.0000000E-01   3.3886634E+06   2.8725876E+05   3.6751900E+06   7.0449027E-05   9.1754918E-03   6.7811007E-04
   2.5000000E-01   3.5582080E+06   5.1095103E+04   3.6086792E+06   2.7465218E-05   3.7873059E-02   5.4369518E-04
   3.0000000E-01   3.7772561E+06   1.1926010E+04   3.7882378E+06   3.9662764E-06   1.3602062E-01   4.2459837E-04
   3.5000000E-01   4.1095443E+06   4.3381090E+03   4.1124455E+06   1.0283445E-05   2.4773816E-01   2.6831801E-04
   4.0000000E-01   4.6329447E+06   2.4191551E+03   4.6333903E+06   5.0244639E-05   3.6036819E-01   1.3878170E-04
   4.5000000E-01   5.4674109E+06   1.7754618E+03   5.4663498E+06   2.2427602E-05   4.1705092E-01   1.2336505E-04
   5.0000000E-01   6.5016195E+06   1.3178029E+03   6.4988502E+06   2.9244541E-05   4.3836776E-01   5.9435400E-05
   5.5000000E-01   6.8169245E+06   9.2599240E+02   6.8122135E+06   2.6393594E-05   4.7193401E-01   4.6000132E-05
   6.0000000E-01   4.9414533E+06   7.6924889E+02   4.9388166E+06   2.4393509E-05   5.0096512E-01   7.6243792E-05
   6.5000000E-01   2.0154354E+06   7.1987005E+02   2.0157292E+06   9.8582157E-05   5.1986861E-01   2.8108213E-04
   7.0000000E-01   5.2188270E+05   4.2744470E+02   5.2226467E+05   5.8816595E-04   5.7078410E-01   1.0523384E-03
   7.5000000E-01   1.1606003E+05   3.2679815E+02   1.1639107E+05   2.9029417E-03   5.9686731E-01   4.5660947E-03
   8.0000000E-01   2.5484685E+04   2.3475354E+02   2.5715460E+04   1.3194325E-02   6.4810736E-01   1.8989818E-02
   8.5000000E-01   5.6771504E+03   1.6102735E+02   5.8381778E+03   4.4999815E-02   6.9512137E-01   6.2929309E-02
   9.0000000E-01   1.5243507E+03   1.0964007E+02   1.6339907E+03   1.3030248E-01   7.0919404E-01   1.6912973E-01
   9.5000000E-01   4.9254267E+02   7.7064499E+01   5.6960716E+02   2.2528700E-01   7.7724197E-01   2.9995926E-01
   1.0000000E+00   1.6976527E+02   4.4013219E+01   2.1377849E+02   3.2286513E-01   8.0888740E-01   4.2287009E-01
