   0.0000000E+00   6.3138421E+07   3.1985305E+07   9.5122198E+07   2.3327758E-03   4.6435412E-04   1.6759499E-03
   5.0000000E-02   2.3206828E+07   1.1593037E+07   3.4795918E+07   2.4439617E-04   5.3297916E-04   1.5127712E-04
   1.0000000E-01   1.2307420E+07   6.1553493E+06   1.8461146E+07   6.4488389E-04   2.6515022E-04   5.1705031E-04
   1.5000000E-01   8.4297371E+06   4.2398452E+06   1.2668033E+07   1.2316308E-04   4.8781381E-04   2.1272455E-04
   2.0000000E-01   6.4239391E+06   3.2200865E+06   9.6431025E+06   1.9692240E-04   8.1593379E-04   3.8832918E-04
   2.5000000E-01   5.1822759E+06   2.5919847E+06   7.7733439E+06   4.1686543E-04   6.5631200E-04   2.9785630E-04
   3.0000000E-01   4.3101705E+06   2.1578439E+06   6.4673884E+06   5.0208913E-04   3.2049131E-04   4.3246075E-04
   3.5000000E-01   3.6666752E+06   1.8340106E+06   5.5001311E+06   1.8229636E-04   6.1449611E-04   1.6981254E-04
   4.0000000E-01   3.1698015E+06   1.5905070E+06   4.7598151E+06   1.3402048E-04   3.2609029E-04   1.2851090E-04
   4.5000000E-01   2.7683057E+06   1.3886304E+06   4.1564693E+06   5.1984709E-04   2.3994240E-04   3.4242010E-04
   5.0000000E-01   2.4298631E+06   1.2238760E+06   3.6534654E+06   8.1545492E-04   9.9534586E-04   8.7402213E-04
   5.5000000E-01   2.1494193E+06   1.0756154E+06   3.2246412E+06   3.4295316E-04   3.6586287E-04   1.3030347E-04
   6.0000000E-01   1.8958112E+06   9.4839900E+05   2.8439662E+06   3.3596773E-04   6.7486408E-04   2.4912382E-05
   6.5000000E-01   1.6715040E+06   8.3845762E+05   2.5097265E+06   1.8046826E-04   9.0536584E-05   1.1576581E-04
   7.0000000E-01   1.4667265E+06   7.3457282E+05   2.2010810E+06   5.6235615E-04   2.0226039E-04   4.3885977E-04
   7.5000000E-01   1.2745085E+06   6.4011269E+05   1.9144600E+06   5.8459427E-04   4.1781720E-04   2.9432587E-04
   8.0000000E-01   1.0836542E+06   5.4237617E+05   1.6259508E+06   6.3855361E-04   8.2006721E-04   6.7926983E-04
   8.5000000E-01   9.0701840E+05   4.5531795E+05   1.3622577E+06   4.2124748E-04   8.4858459E-04   4.3627301E-04
   9.0000000E-01   7.1486388E+05   3.5663086E+05   1.0714523E+06   5.8083622E-04   5.2483139E-04   4.4702567E-04
   9.5000000E-01   4.8962762E+05   2.4528960E+05   7.3489711E+05   1.5992243E-03   2.9955566E-04   9.7840911E-04
   1.0000000E+00   2.4538627E+05   1.2322444E+05   3.6861071E+05   1.2522000E-03   3.1901321E-03   1.8991914E-03
