   0.0000000E+00   7.3999154E+07   3.9228510E+07   1.1321290E+08   2.3360727E-03   6.4843042E-04   1.7322019E-03
   5.0000000E-02   2.9520313E+07   1.4828466E+07   4.4329044E+07   4.6725387E-04   3.2929088E-04   3.4689515E-04
   1.0000000E-01   1.5414315E+07   7.7221978E+06   2.3127855E+07   2.9935272E-04   3.3700434E-04   2.5021267E-04
   1.5000000E-01   1.0240178E+07   5.1313676E+06   1.5364818E+07   2.6655249E-04   1.9277852E-04   2.4610526E-04
   2.0000000E-01   7.5283630E+06   3.7574095E+06   1.1280839E+07   1.0258686E-04   1.5752871E-04   4.0068397E-05
   2.5000000E-01   5.8436093E+06   2.9231161E+06   8.7628547E+06   1.4963513E-04   1.5085329E-04   6.9084005E-05
   3.0000000E-01   4.6750067E+06   2.3433656E+06   7.0153059E+06   1.6625393E-04   2.5716065E-04   5.6299087E-05
   3.5000000E-01   3.8354068E+06   1.9237831E+06   5.7569617E+06   2.4690893E-04   3.4718390E-04   2.7498383E-04
   4.0000000E-01   3.2036219E+06   1.6056346E+06   4.8073785E+06   2.9357060E-04   9.6858276E-05   2.0774455E-04
   4.5000000E-01   2.6927602E+06   1.3500088E+06   4.0413543E+06   3.9251620E-04   2.8350632E-04   3.3400442E-04
   5.0000000E-01   2.2876231E+06   1.1427261E+06   3.4295025E+06   5.3121905E-04   4.6661039E-04   3.8396047E-04
   5.5000000E-01   1.9482996E+06   9.7565453E+05   2.9229008E+06   5.7930225E-04   1.1457103E-04   4.0742577E-04
   6.0000000E-01   1.6729094E+06   8.3368542E+05   2.5058574E+06   3.4918169E-04   7.4645926E-04   4.6691115E-04
   6.5000000E-01   1.4274778E+06   7.1296517E+05   2.1398407E+06   1.5110657E-04   1.0854259E-04   1.2879734E-04
   7.0000000E-01   1.2116238E+06   6.0471603E+05   1.8158760E+06   4.5911037E-04   5.3352162E-05   3.2565452E-04
   7.5000000E-01   1.0246225E+06   5.1281420E+05   1.5370887E+06   4.0676069E-04   1.0223095E-03   5.2716171E-04
   8.0000000E-01   8.5701754E+05   4.2787215E+05   1.2846470E+06   1.2099481E-03   8.1753822E-04   1.0557338E-03
   8.5000000E-01   6.9531986E+05   3.4614889E+05   1.0412740E+06   1.5663441E-03   1.2473384E-03   1.4274676E-03
   9.0000000E-01   5.3789773E+05   2.6885514E+05   8.0666799E+05   1.9010495E-03   1.8018128E-03   1.8624330E-03
   9.5000000E-01   3.6907864E+05   1.8442205E+05   5.5343702E+05   3.4828751E-03   3.5682230E-03   3.4795930E-03
   1.0000000E+00   2.0027272E+05   1.0041930E+05   3.0068574E+05   6.4643044E-03   7.3103357E-03   6.7171775E-03
