   0.0000000E+00   4.1519323E+07   4.6798683E+07   8.8286939E+07   1.8813784E-03   1.2607138E-04   9.4747977E-04
   5.0000000E-02   2.6165518E+07   1.7949494E+07   4.4065866E+07   9.0120799E-04   1.6860309E-04   5.9830687E-04
   1.0000000E-01   1.6842636E+07   9.2037394E+06   2.6015785E+07   3.5377050E-04   1.5540138E-04   2.8348274E-04
   1.5000000E-01   1.1875739E+07   6.0061044E+06   1.7856739E+07   2.0973329E-04   6.1491530E-05   1.5209429E-04
   2.0000000E-01   8.8054700E+06   4.2892416E+06   1.3078112E+07   1.6166754E-04   2.2619196E-04   1.2704054E-04
   2.5000000E-01   6.7068275E+06   3.2233842E+06   9.9178740E+06   1.4511878E-04   1.5533217E-04   8.8554304E-05
   3.0000000E-01   5.2679225E+06   2.4877191E+06   7.7471852E+06   2.2225801E-04   1.5777542E-04   1.9337411E-04
   3.5000000E-01   4.1929324E+06   1.9653271E+06   6.1520025E+06   2.4770020E-04   2.1416084E-04   1.0478013E-04
   4.0000000E-01   3.3883212E+06   1.5806553E+06   4.9639392E+06   3.8001742E-04   1.5831602E-04   2.8389895E-04
   4.5000000E-01   2.7524680E+06   1.2870188E+06   4.0353842E+06   4.3042513E-04   5.3778219E-04   4.6510736E-04
   5.0000000E-01   2.2652714E+06   1.0560822E+06   3.3188835E+06   5.7118701E-04   7.9972554E-04   6.4065495E-04
   5.5000000E-01   1.8648966E+06   8.6787480E+05   2.7308442E+06   6.0333251E-04   5.3690459E-04   5.4625884E-04
   6.0000000E-01   1.5363227E+06   7.1726358E+05   2.2520637E+06   1.0937036E-03   1.1324398E-03   1.1026599E-03
   6.5000000E-01   1.2722944E+06   5.9224248E+05   1.8634399E+06   1.3898870E-03   1.4443625E-03   1.3937311E-03
   7.0000000E-01   1.0494631E+06   4.8981071E+05   1.5384372E+06   2.0356225E-03   2.2377949E-03   2.0825141E-03
   7.5000000E-01   8.6101551E+05   4.0031925E+05   1.2606642E+06   2.4751210E-03   1.8788401E-03   2.2877032E-03
   8.0000000E-01   6.9803766E+05   3.2491880E+05   1.0225705E+06   2.9010652E-03   4.0417455E-03   3.2478181E-03
   8.5000000E-01   5.5617350E+05   2.5950869E+05   8.1534890E+05   4.8199590E-03   5.3672953E-03   4.9810368E-03
   9.0000000E-01   4.2716479E+05   1.9741933E+05   6.2443204E+05   6.5916673E-03   6.2062720E-03   6.4511208E-03
   9.5000000E-01   3.0419703E+05   1.3995918E+05   4.4403559E+05   1.0669969E-02   1.0287263E-02   1.0537693E-02
   1.0000000E+00   1.8444054E+05   8.4844911E+04   2.6926659E+05   1.8153416E-02   1.7775999E-02   1.8020667E-02
