   0.0000000E+00   3.1994732E+09   1.6490316E+09   4.6476707E+09   1.0096029E-04   1.8179443E-09   6.6915820E-05
   5.0000000E-02   7.2071724E+05   1.7341523E+05   8.9394148E+05   1.8840543E-01   9.2923326E-06   1.5189517E-01
   1.0000000E-01   3.3419355E+05   8.1264514E+04   4.1545806E+05   2.0141747E-01   4.1947900E-06   1.6201895E-01
   1.5000000E-01   2.0620114E+05   5.1757187E+04   2.5789467E+05   2.1014882E-01   4.4409874E-06   1.6801458E-01
   2.0000000E-01   1.4408297E+05   3.4950426E+04   1.7900156E+05   2.1953549E-01   2.4196673E-05   1.7670110E-01
   2.5000000E-01   1.0458390E+05   2.5795833E+04   1.3037973E+05   2.3528160E-01   2.0063064E-05   1.8873473E-01
   3.0000000E-01   8.0585453E+04   1.9406293E+04   9.9991746E+04   2.4490255E-01   1.8932633E-05   1.9736845E-01
   3.5000000E-01   6.2670669E+04   1.5669941E+04   7.8340610E+04   2.5416971E-01   9.9177630E-07   2.0333007E-01
   4.0000000E-01   4.9656342E+04   1.2915424E+04   6.2571766E+04   2.6306155E-01   3.7407554E-06   2.0876385E-01
   4.5000000E-01   3.9774589E+04   1.0475932E+04   5.0250521E+04   2.7540859E-01   2.6283819E-06   2.1799249E-01
   5.0000000E-01   3.1792791E+04   8.5943669E+03   4.0387158E+04   2.8585055E-01   1.5310037E-06   2.2502202E-01
   5.5000000E-01   2.4770297E+04   6.8291939E+03   3.1599491E+04   2.9662111E-01   5.8668853E-05   2.3252886E-01
   6.0000000E-01   2.1109251E+04   5.7720193E+03   2.6875965E+04   3.0539389E-01   2.8563305E-06   2.3979309E-01
   6.5000000E-01   1.6752894E+04   4.5934565E+03   2.1346351E+04   3.1964059E-01   2.3795888E-05   2.5085298E-01
   7.0000000E-01   1.3387204E+04   3.5332397E+03   1.6920444E+04   3.3248719E-01   2.5925217E-04   2.6311307E-01
   7.5000000E-01   1.0686724E+04   2.8647890E+03   1.3551513E+04   3.4387720E-01   1.5578727E-04   2.7121451E-01
   8.0000000E-01   8.4948951E+03   2.3992608E+03   1.0894156E+04   3.5905851E-01   1.9953156E-06   2.7998127E-01
   8.5000000E-01   6.5946319E+03   1.7301079E+03   8.3247397E+03   3.7334943E-01   2.2419005E-05   2.9575258E-01
   9.0000000E-01   4.8135528E+03   1.2767763E+03   6.0903292E+03   3.8905940E-01   7.0830044E-06   3.0749849E-01
   9.5000000E-01   2.8547371E+03   8.9126768E+02   3.7460048E+03   4.0471201E-01   2.9799843E-06   3.0842167E-01
   1.0000000E+00   1.3141090E+03   2.9551733E+02   1.6096263E+03   4.2077968E-01   1.6033641E-04   3.4355660E-01
