   0.0000000E+00   5.4131525E+07   1.2004917E+08   1.7404013E+08   3.9180312E-05   4.3077846E-06   1.4816183E-05
   5.0000000E-02   4.0806818E+07   3.9491180E+07   8.0038703E+07   1.3772087E-05   6.8508070E-06   6.2036892E-06
   1.0000000E-01   2.8097500E+07   1.6930680E+07   4.4885864E+07   1.6814587E-05   1.7250360E-05   1.4443555E-05
   1.5000000E-01   1.9340063E+07   9.2694810E+06   2.8511441E+07   5.0332931E-06   8.1385880E-06   2.2257479E-06
   2.0000000E-01   1.3249506E+07   5.5541255E+06   1.8747290E+07   1.9608011E-05   3.6662538E-05   2.3816902E-05
   2.5000000E-01   9.0869706E+06   3.5046428E+06   1.2559910E+07   1.3246202E-05   1.9765903E-05   1.4984679E-05
   3.0000000E-01   6.2365925E+06   2.2756823E+06   8.4951497E+06   2.4649210E-05   3.0127628E-05   2.5049660E-05
   3.5000000E-01   4.2749745E+06   1.5115991E+06   5.7773244E+06   2.7976772E-05   4.4098298E-05   2.6866072E-05
   4.0000000E-01   2.9440402E+06   1.0135226E+06   3.9522788E+06   2.0864967E-05   1.0293065E-04   3.9569745E-05
   4.5000000E-01   2.0321257E+06   6.9339918E+05   2.7227308E+06   1.0817821E-04   1.1134997E-04   6.0865979E-05
   5.0000000E-01   1.4159315E+06   4.7170342E+05   1.8864253E+06   8.4484796E-05   1.0554293E-04   8.2890027E-05
   5.5000000E-01   9.7968838E+05   3.2517959E+05   1.3041040E+06   7.7448106E-05   1.2105540E-04   8.1458803E-05
   6.0000000E-01   6.8435034E+05   2.2590453E+05   9.0984637E+05   1.3075649E-04   1.4253385E-04   1.1134978E-04
   6.5000000E-01   4.7947753E+05   1.5633912E+05   6.3560608E+05   4.3848950E-04   3.9288513E-04   4.2259762E-04
   7.0000000E-01   3.3422993E+05   1.0898021E+05   4.4310100E+05   5.5505504E-04   2.5577101E-04   4.7233724E-04
   7.5000000E-01   2.3159803E+05   7.5753509E+04   3.0724543E+05   6.5079869E-04   3.3690505E-04   4.9089381E-04
   8.0000000E-01   1.5994674E+05   5.3217434E+04   2.1314826E+05   6.8973489E-04   1.5574036E-03   9.0010791E-04
   8.5000000E-01   1.1018016E+05   3.5055281E+04   1.4521671E+05   2.4232502E-03   2.3711542E-03   2.3689875E-03
   9.0000000E-01   7.0792119E+04   2.3049173E+04   9.3837754E+04   2.9442721E-03   2.5733676E-03   2.8170298E-03
   9.5000000E-01   4.2134177E+04   1.3998934E+04   5.6126410E+04   5.5920555E-03   6.1493524E-03   5.7279622E-03
   1.0000000E+00   2.2685671E+04   7.4005084E+03   3.0086179E+04   1.1207223E-02   1.2012500E-02   1.1382035E-02
