   0.0000000E+00   1.7352681E+09   1.1811130E+09   2.8457989E+09   3.2963034E-03   2.9905105E-04   2.0871420E-03
   5.0000000E-02   1.4614944E+07   4.6767998E+06   1.9272263E+07   1.5784154E-01   3.1195114E-02   1.2711551E-01
   1.0000000E-01   7.2814978E+06   2.3110889E+06   9.5840879E+06   1.5660241E-01   3.1649636E-02   1.2650811E-01
   1.5000000E-01   4.8013439E+06   1.5035686E+06   6.2987160E+06   1.5623307E-01   3.1685724E-02   1.2655651E-01
   2.0000000E-01   3.5300407E+06   1.1026414E+06   4.6275095E+06   1.5718943E-01   3.2301310E-02   1.2748773E-01
   2.5000000E-01   2.7620640E+06   8.4855049E+05   3.6067948E+06   1.5815598E-01   3.3203070E-02   1.2881674E-01
   3.0000000E-01   2.2325725E+06   6.8505593E+05   2.9148485E+06   1.6150208E-01   3.2781942E-02   1.3131442E-01
   3.5000000E-01   1.8363661E+06   5.6928359E+05   2.4033306E+06   1.6489332E-01   3.3799471E-02   1.3388173E-01
   4.0000000E-01   1.5472248E+06   4.7727384E+05   2.0224774E+06   1.6877522E-01   3.3652200E-02   1.3692569E-01
   4.5000000E-01   1.3193025E+06   4.0641099E+05   1.7240937E+06   1.7368061E-01   3.6020348E-02   1.4126424E-01
   5.0000000E-01   1.1279693E+06   3.4733338E+05   1.4742013E+06   1.7819136E-01   3.6391115E-02   1.4480612E-01
   5.5000000E-01   9.7250036E+05   2.9865570E+05   1.2702127E+06   1.8388649E-01   3.7628099E-02   1.4953397E-01
   6.0000000E-01   8.3981819E+05   2.5815993E+05   1.0972142E+06   1.8966504E-01   3.8577999E-02   1.5414507E-01
   6.5000000E-01   7.1953215E+05   2.2207746E+05   9.4112480E+05   1.9897250E-01   4.0199082E-02   1.6152620E-01
   7.0000000E-01   6.1886263E+05   1.9080404E+05   8.0915283E+05   2.0587667E-01   4.2014435E-02   1.6728421E-01
   7.5000000E-01   5.2859389E+05   1.6168020E+05   6.8990909E+05   2.1438999E-01   4.4722548E-02   1.7466049E-01
   8.0000000E-01   4.3866683E+05   1.3544484E+05   5.7380132E+05   2.2472035E-01   4.6426113E-02   1.8266681E-01
   8.5000000E-01   3.5812858E+05   1.1074937E+05   4.6864952E+05   2.3564698E-01   4.9937791E-02   1.9180154E-01
   9.0000000E-01   2.7557855E+05   8.5593528E+04   3.6104829E+05   2.4932967E-01   5.1540197E-02   2.0248463E-01
   9.5000000E-01   1.8605045E+05   5.7660998E+04   2.4363774E+05   2.6400814E-01   5.5788026E-02   2.1474956E-01
   1.0000000E+00   8.5404507E+04   2.6087264E+04   1.1148548E+05   2.7907853E-01   6.1962108E-02   2.2826539E-01
