   0.0000000E+00   5.9845314E+07   4.4857757E+07   1.0468525E+08   1.1365754E-03   9.6926249E-05   6.6132148E-04
   5.0000000E-02   3.1853334E+07   1.6859665E+07   4.8693009E+07   1.5453675E-04   4.9403208E-05   8.5061357E-05
   1.0000000E-01   1.7512519E+07   8.6975312E+06   2.6200055E+07   1.0211243E-04   4.1675787E-05   7.1953354E-05
   1.5000000E-01   1.1468090E+07   5.6803460E+06   1.7141348E+07   1.1526009E-04   1.7882666E-04   9.7441638E-05
   2.0000000E-01   8.2902696E+06   4.1017412E+06   1.2386838E+07   1.5796272E-04   2.3902550E-04   1.6867442E-04
   2.5000000E-01   6.3022302E+06   3.1095056E+06   9.4081834E+06   1.6997995E-04   1.2983334E-05   1.1273550E-04
   3.0000000E-01   4.9274370E+06   2.4305612E+06   7.3551229E+06   1.1109702E-04   2.6338302E-04   3.9267843E-05
   3.5000000E-01   3.9446143E+06   1.9567600E+06   5.8993281E+06   1.0470573E-04   3.2406922E-04   1.7375869E-04
   4.0000000E-01   3.2261503E+06   1.5875149E+06   4.8121770E+06   2.3098130E-05   5.3341228E-04   1.7321744E-04
   4.5000000E-01   2.6604552E+06   1.3073694E+06   3.9668132E+06   1.5351501E-04   3.5229239E-04   1.5525584E-05
   5.0000000E-01   2.2056138E+06   1.0897912E+06   3.2945964E+06   3.1431188E-04   4.1967760E-04   3.4925270E-04
   5.5000000E-01   1.8401726E+06   9.0802236E+05   2.7475063E+06   2.1136059E-04   3.9311888E-04   2.7365135E-04
   6.0000000E-01   1.5488853E+06   7.6087734E+05   2.3093860E+06   3.1618825E-04   5.3243333E-04   2.8165435E-04
   6.5000000E-01   1.2955261E+06   6.3543958E+05   1.9306131E+06   4.1592998E-04   8.8925939E-04   5.1249931E-04
   7.0000000E-01   1.0837588E+06   5.3480153E+05   1.6183193E+06   7.1412482E-04   1.6479007E-04   5.3003661E-04
   7.5000000E-01   8.9726464E+05   4.4411444E+05   1.3411839E+06   4.8569416E-04   1.7127115E-03   8.8203336E-04
   8.0000000E-01   7.3315520E+05   3.6219686E+05   1.0951690E+06   6.8381802E-04   1.4900062E-03   9.2047180E-04
   8.5000000E-01   5.8522958E+05   2.8906282E+05   8.7420253E+05   1.2764725E-03   1.4540797E-03   1.3358633E-03
   9.0000000E-01   4.4617143E+05   2.1955601E+05   6.6567793E+05   1.3980217E-03   1.9482186E-03   1.5780207E-03
   9.5000000E-01   3.0530609E+05   1.5109668E+05   4.5636591E+05   2.6023612E-03   2.0710527E-03   2.4183316E-03
   1.0000000E+00   1.7019283E+05   8.3486789E+04   2.5367962E+05   6.3396301E-03   7.0146464E-03   6.5055398E-03
