   0.0000000E+00   2.1898498E+08   1.4923182E+08   3.6796827E+08   5.2148777E-06   1.4787248E-05   8.6912207E-06
   5.0000000E-02   9.2173885E+07   4.6359798E+07   1.3827012E+08   2.6961154E-06   1.0712075E-05   3.6201623E-06
   1.0000000E-01   3.9127511E+07   1.9041202E+07   5.8083501E+07   1.3903018E-05   2.5494020E-05   1.6951192E-05
   1.5000000E-01   2.0323577E+07   9.8204542E+06   3.0107532E+07   2.4261480E-05   3.2135201E-05   2.6732358E-05
   2.0000000E-01   1.1505932E+07   5.5546667E+06   1.7044571E+07   4.7014452E-05   4.1718756E-05   4.2984834E-05
   2.5000000E-01   6.7890660E+06   3.2927757E+06   1.0075246E+07   4.5303998E-05   8.5207819E-05   5.8537329E-05
   3.0000000E-01   4.1316942E+06   2.0036971E+06   6.1323567E+06   1.0479328E-04   1.6480819E-04   1.2420796E-04
   3.5000000E-01   2.5563649E+06   1.2434185E+06   3.7983828E+06   1.3550715E-04   1.4594962E-04   1.3889581E-04
   4.0000000E-01   1.5993480E+06   7.7331795E+05   2.3720691E+06   1.6297001E-04   1.1059142E-04   1.4512506E-04
   4.5000000E-01   1.0110724E+06   4.8436154E+05   1.4950874E+06   1.4035283E-04   4.0980219E-04   2.2377567E-04
   5.0000000E-01   6.3779752E+05   3.1107152E+05   9.4875445E+05   2.8950669E-04   2.5670459E-04   2.7371912E-04
   5.5000000E-01   4.0806170E+05   1.9787300E+05   6.0586525E+05   4.7932097E-04   3.8481113E-04   4.4833316E-04
   6.0000000E-01   2.6262688E+05   1.2616743E+05   3.8877839E+05   8.0251040E-04   9.3528685E-04   8.2781084E-04
   6.5000000E-01   1.6833696E+05   8.1203301E+04   2.4952557E+05   1.0758772E-03   9.1648202E-04   1.0233056E-03
   7.0000000E-01   1.0906206E+05   5.2343787E+04   1.6139221E+05   1.4480550E-03   1.7074171E-03   1.5321444E-03
   7.5000000E-01   6.9875386E+04   3.3927590E+04   1.0380298E+05   2.1154229E-03   2.9312767E-03   2.3711238E-03
   8.0000000E-01   4.4631025E+04   2.1609262E+04   6.6240287E+04   2.2834151E-03   2.4932588E-03   2.3251853E-03
   8.5000000E-01   2.8187277E+04   1.3410208E+04   4.1597485E+04   2.9963523E-03   3.6252646E-03   3.1885297E-03
   9.0000000E-01   1.7110925E+04   7.9011587E+03   2.5012084E+04   5.5545865E-03   1.0975534E-03   4.1359447E-03
   9.5000000E-01   8.4201341E+03   4.2519500E+03   1.2672084E+04   7.0701289E-03   1.0804324E-02   8.2528111E-03
   1.0000000E+00   3.9171765E+03   1.9680196E+03   5.8851961E+03   9.1868053E-03   9.1228598E-03   8.9874442E-03
