   0.0000000E+00   8.4644456E+07   2.1349426E+08   2.9768391E+08   4.0649096E-02   1.0962195E-03   1.2319980E-02
   5.0000000E-02   1.6009523E+07   9.0789619E+06   2.5062956E+07   8.2096985E-02   1.0179233E-02   5.6051981E-02
   1.0000000E-01   9.7725910E+06   5.0101339E+06   1.4766587E+07   6.2110357E-02   1.0492978E-02   4.4633198E-02
   1.5000000E-01   7.3255837E+06   3.5628001E+06   1.0873381E+07   5.0886788E-02   1.0387439E-02   3.7638297E-02
   2.0000000E-01   5.9172375E+06   2.7645850E+06   8.6696950E+06   4.4853986E-02   1.0221035E-02   3.3845186E-02
   2.5000000E-01   4.9563650E+06   2.2729236E+06   7.2173456E+06   4.0865524E-02   1.0840249E-02   3.1439325E-02
   3.0000000E-01   4.2482911E+06   1.9163847E+06   6.1549036E+06   3.8121694E-02   1.1933950E-02   2.9976853E-02
   3.5000000E-01   3.7108657E+06   1.6471809E+06   5.3497706E+06   3.6915521E-02   1.2298281E-02   2.9357250E-02
   4.0000000E-01   3.2505806E+06   1.4256463E+06   4.6689217E+06   3.5925217E-02   1.3366846E-02   2.9039413E-02
   4.5000000E-01   2.8740129E+06   1.2491258E+06   4.1168574E+06   3.6381488E-02   1.4290630E-02   2.9700256E-02
   5.0000000E-01   2.5497704E+06   1.1055412E+06   3.6510271E+06   3.6935796E-02   1.5440408E-02   3.0441293E-02
   5.5000000E-01   2.2495133E+06   9.7293442E+05   3.2177136E+06   3.8156077E-02   1.7612452E-02   3.1957877E-02
   6.0000000E-01   2.0002805E+06   8.6466228E+05   2.8607783E+06   3.9406854E-02   1.8610622E-02   3.3108089E-02
   6.5000000E-01   1.7706600E+06   7.6161762E+05   2.5288986E+06   4.1874789E-02   2.1361094E-02   3.5704442E-02
   7.0000000E-01   1.5577267E+06   6.6860082E+05   2.2231763E+06   4.4408386E-02   2.3044763E-02   3.7996658E-02
   7.5000000E-01   1.3604819E+06   5.8197233E+05   1.9400521E+06   4.8394077E-02   2.5818383E-02   4.1624600E-02
   8.0000000E-01   1.1738990E+06   5.0176779E+05   1.6737808E+06   5.2248660E-02   2.9589394E-02   4.5461065E-02
   8.5000000E-01   9.9649344E+05   4.2535937E+05   1.4202762E+06   5.8305808E-02   3.2626188E-02   5.0619347E-02
   9.0000000E-01   8.0648761E+05   3.4199568E+05   1.1476309E+06   6.5732681E-02   3.8027309E-02   5.7484305E-02
   9.5000000E-01   5.9144992E+05   2.5140785E+05   8.4223456E+05   7.6937274E-02   4.6671979E-02   6.7904023E-02
   1.0000000E+00   3.1591431E+05   1.3306454E+05   4.4885938E+05   9.1013023E-02   5.9125924E-02   8.1574518E-02
