   0.0000000E+00   1.6184204E+09   1.1610855E+09   2.7120303E+09   1.2862489E-02   6.7406063E-08   7.5056393E-03
   5.0000000E-02   4.4343687E+07   1.4306883E+07   5.8450799E+07   1.7747241E-01   2.2541753E-06   1.3415781E-01
   1.0000000E-01   1.8651240E+07   5.9426864E+06   2.4529310E+07   1.8289878E-01   3.7159018E-06   1.3875255E-01
   1.5000000E-01   1.0126817E+07   3.2196621E+06   1.3316579E+07   1.8688255E-01   7.3816827E-06   1.4187931E-01
   2.0000000E-01   6.0958890E+06   1.8901878E+06   7.9720234E+06   1.8932243E-01   6.2814305E-06   1.4457320E-01
   2.5000000E-01   3.8480227E+06   1.1563816E+06   4.9969686E+06   1.9000706E-01   1.3607865E-05   1.4616007E-01
   3.0000000E-01   2.4955283E+06   7.3671762E+05   3.2287233E+06   1.9106448E-01   7.1778917E-06   1.4754241E-01
   3.5000000E-01   1.6587310E+06   4.7204447E+05   2.1289838E+06   1.9003454E-01   1.2202923E-05   1.4794272E-01
   4.0000000E-01   1.1138379E+06   3.0280024E+05   1.4157628E+06   1.8916778E-01   2.0262494E-05   1.4877746E-01
   4.5000000E-01   7.5673578E+05   1.9569692E+05   9.5202950E+05   1.8721897E-01   2.3669060E-05   1.4877477E-01
   5.0000000E-01   5.1483441E+05   1.2668097E+05   6.4128620E+05   1.8528790E-01   2.5775906E-05   1.4870460E-01
   5.5000000E-01   3.5396059E+05   8.1632017E+04   4.3540741E+05   1.8256528E-01   1.5087495E-05   1.4837062E-01
   6.0000000E-01   2.4474317E+05   5.3916390E+04   2.9862242E+05   1.8241973E-01   1.6160673E-05   1.4949464E-01
   6.5000000E-01   1.7129479E+05   3.5964120E+04   2.0722463E+05   1.7963520E-01   6.8994201E-05   1.4846788E-01
   7.0000000E-01   1.1803840E+05   2.3300284E+04   1.4130685E+05   1.8180803E-01   2.0631604E-04   1.5186555E-01
   7.5000000E-01   8.2081509E+04   1.5444396E+04   9.7521661E+04   1.8286560E-01   8.3196214E-05   1.5394139E-01
   8.0000000E-01   5.6360744E+04   1.0655423E+04   6.7020147E+04   1.8467919E-01   1.1399367E-04   1.5532448E-01
   8.5000000E-01   3.7927559E+04   6.9429003E+03   4.4870459E+04   1.8513230E-01   2.8443650E-04   1.5652574E-01
   9.0000000E-01   2.4318875E+04   4.3396248E+03   2.8658500E+04   2.0456450E-01   4.6838051E-04   1.7365916E-01
   9.5000000E-01   1.4099453E+04   2.3688957E+03   1.6468348E+04   2.1467933E-01   5.0221861E-06   1.8379895E-01
   1.0000000E+00   5.7657317E+03   9.3056520E+02   6.6962969E+03   2.2331835E-01   1.5723224E-05   1.9228661E-01
