   0.0000000E+00   1.4427485E+08   7.3668061E+08   8.7801020E+08   3.2710698E-02   4.5526326E-06   5.3297487E-03
   5.0000000E-02   2.0118267E+07   2.4669080E+07   4.4696183E+07   8.2228640E-02   1.5785073E-04   3.7001116E-02
   1.0000000E-01   1.2534789E+07   1.0390781E+07   2.2880083E+07   5.3811875E-02   1.7785917E-04   2.9504517E-02
   1.5000000E-01   9.4073516E+06   5.6447802E+06   1.5015590E+07   3.8379711E-02   2.7626719E-04   2.4092252E-02
   2.0000000E-01   7.5290156E+06   3.3707585E+06   1.0875201E+07   2.8374375E-02   3.4238354E-04   1.9718334E-02
   2.5000000E-01   6.2294136E+06   2.1090704E+06   8.3216390E+06   2.1806491E-02   4.5490560E-04   1.6413724E-02
   3.0000000E-01   5.2313275E+06   1.3701967E+06   6.5881022E+06   1.7188663E-02   4.9459938E-04   1.3726472E-02
   3.5000000E-01   4.4181412E+06   8.9818865E+05   5.3071444E+06   1.3560339E-02   7.9175135E-04   1.1400281E-02
   4.0000000E-01   3.7353824E+06   5.9235082E+05   4.3209135E+06   1.1349868E-02   8.0170353E-04   9.9092211E-03
   4.5000000E-01   3.1469247E+06   4.0186269E+05   3.5435813E+06   9.5071160E-03   7.7143485E-04   8.5184430E-03
   5.0000000E-01   2.6400877E+06   2.7480329E+05   2.9118606E+06   8.1035308E-03   1.0141497E-03   7.4431935E-03
   5.5000000E-01   2.1864475E+06   1.8580037E+05   2.3694004E+06   7.0155666E-03   1.4023807E-03   6.5785671E-03
   6.0000000E-01   1.7915170E+06   1.3039564E+05   1.9201354E+06   6.7779258E-03   1.7882364E-03   6.4388192E-03
   6.5000000E-01   1.4448820E+06   8.9606681E+04   1.5333428E+06   6.3417682E-03   1.9453191E-03   6.0776177E-03
   7.0000000E-01   1.1481074E+06   6.2784351E+04   1.2101187E+06   6.1896514E-03   2.4419488E-03   5.9926920E-03
   7.5000000E-01   8.9010903E+05   4.3892811E+04   9.3337371E+05   6.3723081E-03   2.6170620E-03   6.1948848E-03
   8.0000000E-01   6.7307421E+05   3.0832291E+04   7.0351657E+05   6.7913324E-03   4.3689103E-03   6.6891330E-03
   8.5000000E-01   4.9657091E+05   2.1023432E+04   5.1737714E+05   7.4452036E-03   5.2202762E-03   7.3574925E-03
   9.0000000E-01   3.4440422E+05   1.4009172E+04   3.5833205E+05   8.9350023E-03   6.3700506E-03   8.8371510E-03
   9.5000000E-01   2.1071109E+05   8.4703936E+03   2.1914798E+05   1.1064672E-02   6.2903392E-03   1.0870918E-02
   1.0000000E+00   9.8897703E+04   3.5524955E+03   1.0244391E+05   1.5317733E-02   1.3396227E-02   1.5253389E-02
