   0.0000000E+00   7.8184395E+08   4.0409567E+08   1.1840435E+09   2.4326023E-03   1.0384248E-05   1.6080168E-03
   5.0000000E-02   1.4986443E+08   8.1840655E+07   2.3110355E+08   7.0919970E-04   5.9583711E-05   4.8402071E-04
   1.0000000E-01   3.5478693E+07   2.1094683E+07   5.6505066E+07   8.7591207E-04   1.8008838E-04   6.0898341E-04
   1.5000000E-01   1.0773050E+07   6.8143356E+06   1.7577581E+07   7.5707656E-04   5.3072367E-04   6.3779230E-04
   2.0000000E-01   3.6501550E+06   2.3730479E+06   6.0215477E+06   1.1581799E-03   1.2176616E-03   1.1776577E-03
   2.5000000E-01   1.3909505E+06   8.5498035E+05   2.2456635E+06   4.5750890E-04   2.8688004E-03   9.3629233E-04
   3.0000000E-01   6.3022174E+05   3.1816134E+05   9.4833003E+05   1.0518972E-03   6.5030786E-03   2.8304439E-03
   3.5000000E-01   3.6564711E+05   1.2011196E+05   4.8574998E+05   1.0014435E-03   1.4080775E-02   2.7846165E-03
   4.0000000E-01   2.7333270E+05   4.7913596E+04   3.2124629E+05   1.5920657E-03   2.8003163E-02   2.9918564E-03
   4.5000000E-01   2.4552303E+05   1.9409830E+04   2.6492578E+05   1.6182074E-03   5.9975393E-02   3.0529974E-03
   5.0000000E-01   2.3929901E+05   9.0972965E+03   2.4838994E+05   1.6282466E-03   1.0947560E-01   2.4409050E-03
   5.5000000E-01   2.3480273E+05   4.3521643E+03   2.3914911E+05   1.5990269E-03   1.8351877E-01   1.7879770E-03
   6.0000000E-01   2.4171922E+05   2.5411739E+03   2.4426040E+05   1.5359921E-03   2.5349130E-01   1.1301327E-03
   6.5000000E-01   2.4984388E+05   1.7139763E+03   2.5154806E+05   1.4981380E-03   3.4110669E-01   8.3721766E-04
   7.0000000E-01   2.6230554E+05   1.1186319E+03   2.6339688E+05   1.3906040E-03   4.1153082E-01   3.6353933E-04
   7.5000000E-01   2.7902620E+05   8.7429115E+02   2.7989625E+05   1.2002841E-03   4.4123930E-01   2.0534572E-04
   8.0000000E-01   2.9931872E+05   7.0426062E+02   2.9999911E+05   1.1836614E-03   4.9309559E-01   3.8451013E-05
   8.5000000E-01   3.1548255E+05   5.1678546E+02   3.1598435E+05   9.9551973E-04   5.4208578E-01   1.1337795E-04
   9.0000000E-01   3.0856607E+05   4.3148673E+02   3.0896572E+05   1.0393388E-03   5.7246983E-01   2.3852005E-04
   9.5000000E-01   2.3937574E+05   1.7088215E+02   2.3953657E+05   1.0167780E-03   6.1057573E-01   5.8052005E-04
   1.0000000E+00   1.0478919E+05   7.5451232E+01   1.0486464E+05   1.3412777E-03   6.6561034E-01   8.6465583E-04
