   0.0000000E+00   7.1642184E+08   8.3888508E+08   1.5365338E+09   9.2614884E-03   5.0187521E-04   4.5309659E-03
   5.0000000E-02   2.0224710E+07   8.3994340E+06   2.8582955E+07   1.3016168E-01   1.8890711E-02   9.7491771E-02
   1.0000000E-01   1.0754800E+07   4.1548353E+06   1.4888149E+07   1.1764231E-01   1.7828447E-02   8.9847728E-02
   1.5000000E-01   7.3912404E+06   2.7187484E+06   1.0092970E+07   1.0934201E-01   1.7347595E-02   8.4618371E-02
   2.0000000E-01   5.5960470E+06   1.9644176E+06   7.5491328E+06   1.0324965E-01   1.6937949E-02   8.0813065E-02
   2.5000000E-01   4.4597889E+06   1.5198024E+06   5.9707932E+06   9.9453543E-02   1.6793426E-02   7.8444204E-02
   3.0000000E-01   3.6815191E+06   1.2130047E+06   4.8872876E+06   9.6472677E-02   1.7197790E-02   7.6840136E-02
   3.5000000E-01   3.0724271E+06   9.9090777E+05   4.0577326E+06   9.4832379E-02   1.7719538E-02   7.6045472E-02
   4.0000000E-01   2.6181545E+06   8.2196366E+05   3.4355584E+06   9.3224249E-02   1.7394164E-02   7.5117730E-02
   4.5000000E-01   2.2450467E+06   6.8883674E+05   2.9300779E+06   9.2600088E-02   1.9365023E-02   7.5422598E-02
   5.0000000E-01   1.9373677E+06   5.7598811E+05   2.5105992E+06   9.2998815E-02   1.9015754E-02   7.6069823E-02
   5.5000000E-01   1.6741711E+06   4.9268583E+05   2.1643278E+06   9.3720898E-02   2.0540428E-02   7.7105522E-02
   6.0000000E-01   1.4498697E+06   4.1760135E+05   1.8652588E+06   9.5603099E-02   2.1954574E-02   7.9158222E-02
   6.5000000E-01   1.2543956E+06   3.5614469E+05   1.6089928E+06   9.6781151E-02   2.3794016E-02   8.0624473E-02
   7.0000000E-01   1.0749370E+06   3.0069825E+05   1.3743302E+06   9.9640046E-02   2.5402264E-02   8.3408077E-02
   7.5000000E-01   9.1727148E+05   2.5127382E+05   1.1675182E+06   1.0357229E-01   2.6618368E-02   8.7023695E-02
   8.0000000E-01   7.6989214E+05   2.0757386E+05   9.7670603E+05   1.0803052E-01   2.9721268E-02   9.1407889E-02
   8.5000000E-01   6.3024608E+05   1.6729619E+05   7.9693187E+05   1.1280293E-01   3.2001679E-02   9.5870536E-02
   9.0000000E-01   4.9257040E+05   1.2899685E+05   6.2123126E+05   1.2054617E-01   3.6737180E-02   1.0315626E-01
   9.5000000E-01   3.4214292E+05   8.6798080E+04   4.2878352E+05   1.3146746E-01   4.2105877E-02   1.1339242E-01
   1.0000000E+00   1.6480435E+05   4.0517312E+04   2.0529023E+05   1.4325633E-01   4.6532098E-02   1.2417514E-01
