   0.0000000E+00   3.1006999E+09   1.6232475E+09   4.5216948E+09   3.2622525E-04   7.7274814E-10   2.1689750E-04
   5.0000000E-02   2.2403923E+06   5.5150371E+05   2.7914504E+06   1.8673222E-01   4.5566077E-06   1.4985353E-01
   1.0000000E-01   1.0411916E+06   2.5025523E+05   1.2910649E+06   1.9797015E-01   2.3069616E-06   1.5960480E-01
   1.5000000E-01   6.4417433E+05   1.6204095E+05   8.0608796E+05   2.1030612E-01   8.3440882E-06   1.6803842E-01
   2.0000000E-01   4.3931539E+05   1.1196550E+05   5.5121723E+05   2.2193555E-01   8.1718410E-07   1.7687697E-01
   2.5000000E-01   3.2648408E+05   8.3766430E+04   4.1013592E+05   2.3165464E-01   1.0854283E-05   1.8438050E-01
   3.0000000E-01   2.4630819E+05   6.3195123E+04   3.0947148E+05   2.3842281E-01   3.5615800E-06   1.8975343E-01
   3.5000000E-01   1.9691559E+05   4.9865517E+04   2.4675382E+05   2.4891019E-01   2.0332853E-05   1.9860389E-01
   4.0000000E-01   1.5445191E+05   4.0154792E+04   1.9457488E+05   2.6100078E-01   1.1070610E-05   2.0713964E-01
   4.5000000E-01   1.2213904E+05   3.2142225E+04   1.5426004E+05   2.7252644E-01   1.6416226E-05   2.1575074E-01
   5.0000000E-01   1.0056046E+05   2.6419721E+04   1.2697381E+05   2.8326869E-01   8.9015175E-06   2.2430279E-01
   5.5000000E-01   8.1452606E+04   2.1031602E+04   1.0248421E+05   2.8990486E-01   1.8337374E-05   2.3041494E-01
   6.0000000E-01   6.5497564E+04   1.7194039E+04   8.2686298E+04   3.0091901E-01   4.6173203E-06   2.3835369E-01
   6.5000000E-01   5.2697426E+04   1.4377813E+04   6.7075239E+04   3.1354272E-01   8.7110121E-06   2.4633187E-01
   7.0000000E-01   4.1416663E+04   1.1677426E+04   5.3094089E+04   3.2703238E-01   3.3132754E-06   2.5510615E-01
   7.5000000E-01   3.3944566E+04   9.2267426E+03   4.3162821E+04   3.3925687E-01   2.3663737E-06   2.6676797E-01
   8.0000000E-01   2.6196904E+04   7.5558809E+03   3.3752785E+04   3.5167904E-01   1.6634836E-05   2.7294863E-01
   8.5000000E-01   1.9929944E+04   5.4973990E+03   2.5427343E+04   3.6726004E-01   1.4024603E-04   2.8788863E-01
   9.0000000E-01   1.4210768E+04   4.0283884E+03   1.8239156E+04   3.8187239E-01   1.0375038E-06   2.9753043E-01
   9.5000000E-01   9.2276361E+03   2.5096222E+03   1.1737258E+04   4.0042876E-01   8.9831057E-06   3.1480847E-01
   1.0000000E+00   3.7348360E+03   9.9344123E+02   4.7282772E+03   4.1510708E-01   8.3392679E-08   3.2789045E-01
