   0.0000000E+00   5.4105500E+08   2.3858777E+08   7.7731885E+08   1.7187832E-02   3.7717061E-06   1.1928902E-02
   5.0000000E-02   1.3793023E+08   6.5167010E+07   2.0184170E+08   5.6027209E-03   1.0348106E-05   3.8154305E-03
   1.0000000E-01   4.4517388E+07   2.2287613E+07   6.6560030E+07   2.8323929E-03   2.2767705E-05   1.8965625E-03
   1.5000000E-01   1.8156544E+07   9.5691591E+06   2.7651092E+07   2.7512115E-03   4.3427091E-05   1.8023389E-03
   2.0000000E-01   8.0133559E+06   4.4577231E+06   1.2451105E+07   2.6324933E-03   9.8719534E-05   1.7335887E-03
   2.5000000E-01   3.6805536E+06   2.1581028E+06   5.8339199E+06   2.4930390E-03   1.7359434E-04   1.6365953E-03
   3.0000000E-01   1.7228416E+06   1.0682798E+06   2.7894662E+06   1.4705502E-03   3.2577719E-04   1.0332141E-03
   3.5000000E-01   8.2015725E+05   5.3735256E+05   1.3571915E+06   1.5300421E-03   4.4095899E-04   1.1070887E-03
   4.0000000E-01   3.9760088E+05   2.7090559E+05   6.6837914E+05   2.9907954E-03   1.0125133E-03   2.1816284E-03
   4.5000000E-01   1.9254211E+05   1.3651250E+05   3.2901925E+05   1.3214755E-03   1.5189822E-03   4.0364469E-04
   5.0000000E-01   9.5913135E+04   7.2409133E+04   1.6832227E+05   3.7338588E-03   2.7482518E-03   3.0978053E-03
   5.5000000E-01   4.7908532E+04   3.7057058E+04   8.4965590E+04   1.2608303E-03   4.5378814E-03   2.0111611E-03
   6.0000000E-01   2.5783101E+04   1.9257748E+04   4.5040849E+04   3.6095253E-03   7.0982859E-03   1.3205761E-03
   6.5000000E-01   1.3799958E+04   1.0278961E+04   2.4078919E+04   1.6120152E-02   1.3170074E-02   3.6236177E-03
   7.0000000E-01   7.6940047E+03   5.3157751E+03   1.3009780E+04   1.0308946E-02   2.1182940E-02   4.8409003E-03
   7.5000000E-01   5.5598127E+03   2.6907796E+03   8.2505922E+03   2.8426324E-02   2.2855325E-02   1.1706987E-02
   8.0000000E-01   3.5690496E+03   1.6233804E+03   5.1924300E+03   3.4795454E-02   4.3449149E-02   1.0369249E-02
   8.5000000E-01   2.8760234E+03   8.1637124E+02   3.6923947E+03   3.0178606E-02   7.2291485E-02   7.5250515E-03
   9.0000000E-01   2.2812209E+03   4.4563384E+02   2.7268547E+03   4.6134571E-02   1.0932358E-01   2.0739278E-02
   9.5000000E-01   1.3804597E+03   2.0103782E+02   1.5814975E+03   5.7395540E-02   1.5304329E-01   3.0656736E-02
   1.0000000E+00   6.7277349E+02   5.6588424E+01   7.2936191E+02   7.0831625E-02   7.1824495E-02   5.9783709E-02
