   0.0000000E+00   8.0420865E+07   4.1676695E+07   1.2207821E+08   2.7417934E-03   2.2112108E-03   2.5581912E-03
   5.0000000E-02   3.1073156E+07   1.5572993E+07   4.6626605E+07   7.3566201E-04   5.4312374E-04   6.6855846E-04
   1.0000000E-01   1.6058447E+07   8.0427677E+06   2.4090743E+07   1.9851451E-04   5.9735955E-04   3.2661069E-04
   1.5000000E-01   1.0586478E+07   5.3124859E+06   1.5890327E+07   1.1139322E-04   3.6401056E-04   1.9633880E-04
   2.0000000E-01   7.7296145E+06   3.8843196E+06   1.1608205E+07   2.0694071E-04   3.1059493E-04   2.3398936E-04
   2.5000000E-01   5.9426419E+06   2.9733199E+06   8.9115436E+06   2.3201647E-04   1.3058901E-04   1.9670188E-04
   3.0000000E-01   4.7438783E+06   2.3655624E+06   7.1050480E+06   2.4808067E-04   1.3667219E-04   2.0899720E-04
   3.5000000E-01   3.8532867E+06   1.9290943E+06   5.7798709E+06   4.0557606E-05   2.4936221E-04   5.5976471E-05
   4.0000000E-01   3.1849769E+06   1.5901489E+06   4.7730567E+06   3.8535970E-04   4.4763102E-04   4.0234519E-04
   4.5000000E-01   2.6684908E+06   1.3368520E+06   4.0037442E+06   9.7704982E-05   4.1718807E-04   1.7392662E-04
   5.0000000E-01   2.2487575E+06   1.1254483E+06   3.3731681E+06   3.6079859E-04   1.8638120E-04   2.9233792E-04
   5.5000000E-01   1.9075154E+06   9.5633022E+05   2.8627923E+06   4.8413970E-04   6.4951572E-04   5.1666580E-04
   6.0000000E-01   1.6171628E+06   8.1048063E+05   2.4268635E+06   4.3766750E-04   3.1349386E-04   3.8972748E-04
   6.5000000E-01   1.3748098E+06   6.8901358E+05   2.0633043E+06   4.1940903E-04   5.2173713E-04   4.5171243E-04
   7.0000000E-01   1.1640956E+06   5.8370757E+05   1.7473621E+06   5.6247574E-04   1.0512793E-03   7.2885670E-04
   7.5000000E-01   9.7685909E+05   4.8749371E+05   1.4639369E+06   8.8881133E-04   5.6225495E-04   7.8570189E-04
   8.0000000E-01   8.1373933E+05   4.0456789E+05   1.2181162E+06   1.0892885E-03   1.7446640E-03   1.2633941E-03
   8.5000000E-01   6.5226564E+05   3.2755585E+05   9.7963425E+05   1.7785535E-03   1.6754733E-03   1.6252114E-03
   9.0000000E-01   5.0557159E+05   2.5219692E+05   7.5767656E+05   2.2848140E-03   2.6446896E-03   2.3980040E-03
   9.5000000E-01   3.4591238E+05   1.7198786E+05   5.1783993E+05   4.2787158E-03   3.0226479E-03   3.8506470E-03
   1.0000000E+00   1.8875383E+05   9.4559257E+04   2.8330051E+05   8.0772350E-03   9.4893425E-03   8.5454264E-03
