   0.0000000E+00   3.2537677E+09   1.6638282E+09   4.6753351E+09   6.7063094E-06   1.2199685E-06   5.0559316E-06
   5.0000000E-02   5.5194934E+04   1.5215213E+04   7.0410147E+04   1.6551784E-01   5.5469669E-02   1.4173709E-01
   1.0000000E-01   2.6865354E+04   7.9895781E+03   3.4854933E+04   1.6980972E-01   4.8169702E-02   1.4192694E-01
   1.5000000E-01   1.7889016E+04   4.0955872E+03   2.1984603E+04   1.7740293E-01   6.9670367E-02   1.5733306E-01
   2.0000000E-01   1.1777466E+04   3.4218313E+03   1.5199297E+04   1.8303342E-01   6.6407552E-02   1.5677733E-01
   2.5000000E-01   9.6511557E+03   2.6483383E+03   1.2299494E+04   1.8985936E-01   4.2913016E-02   1.5821417E-01
   3.0000000E-01   7.3529584E+03   1.9629110E+03   9.3158693E+03   2.0378403E-01   6.0531400E-02   1.7359982E-01
   3.5000000E-01   5.9569422E+03   1.8007245E+03   7.7576667E+03   2.0582719E-01   5.4129571E-02   1.7061484E-01
   4.0000000E-01   4.7826060E+03   1.3289438E+03   6.1115498E+03   2.1485038E-01   5.6727209E-02   1.8046682E-01
   4.5000000E-01   4.1380285E+03   1.1671362E+03   5.3051648E+03   2.1968796E-01   6.7795503E-02   1.8627153E-01
   5.0000000E-01   3.7878876E+03   8.5943669E+02   4.6473243E+03   2.1832495E-01   5.9859515E-02   1.8901964E-01
   5.5000000E-01   2.8821513E+03   7.8130608E+02   3.6634574E+03   2.3204919E-01   4.4278482E-02   1.9200331E-01
   6.0000000E-01   2.6472772E+03   7.4272307E+02   3.3900003E+03   2.3814826E-01   7.0761534E-02   2.0147510E-01
   6.5000000E-01   2.2575517E+03   5.2888412E+02   2.7864358E+03   2.5627607E-01   4.0621643E-02   2.1534342E-01
   7.0000000E-01   1.8234609E+03   5.3203224E+02   2.3554932E+03   2.5678325E-01   3.9626067E-02   2.0773409E-01
   7.5000000E-01   1.5957936E+03   3.7772773E+02   1.9735213E+03   2.5833961E-01   4.9076044E-02   2.1828702E-01
   8.0000000E-01   1.3050705E+03   3.6605637E+02   1.6711269E+03   2.8511052E-01   6.2439978E-02   2.3633507E-01
   8.5000000E-01   1.0185916E+03   2.3217898E+02   1.2507706E+03   2.9852693E-01   5.8996777E-02   2.5406325E-01
   9.0000000E-01   7.9577472E+02   1.7330205E+02   9.6907676E+02   3.0911912E-01   7.0063691E-02   2.6636833E-01
   9.5000000E-01   4.9254267E+02   1.4072648E+02   6.3326914E+02   2.8762722E-01   3.7655517E-02   2.3207795E-01
   1.0000000E+00   2.0120329E+02   6.9163630E+01   2.7036692E+02   3.7098879E-01   1.5457674E-01   3.1562757E-01
