   0.0000000E+00   8.4822709E+07   4.4202293E+07   1.2901736E+08   7.9269574E-04   4.0492179E-04   6.3860391E-04
   5.0000000E-02   3.2400509E+07   1.6309498E+07   4.8695492E+07   2.7571734E-04   2.5292558E-04   2.5655168E-04
   1.0000000E-01   1.6540528E+07   8.3016492E+06   2.4835333E+07   7.1151468E-05   1.0759228E-04   7.1047947E-05
   1.5000000E-01   1.0839407E+07   5.4133477E+06   1.6247640E+07   8.3045445E-05   6.8569366E-05   3.8258421E-05
   2.0000000E-01   7.8344976E+06   3.9195247E+06   1.1750234E+07   3.6554953E-04   1.8347545E-04   3.0227403E-04
   2.5000000E-01   5.9942208E+06   2.9994468E+06   8.9911084E+06   5.3154448E-05   1.4311235E-04   2.0271178E-05
   3.0000000E-01   4.7440905E+06   2.3778067E+06   7.1200935E+06   5.5992793E-05   2.8009624E-04   5.4287458E-05
   3.5000000E-01   3.8467750E+06   1.9265660E+06   5.7720132E+06   2.2003518E-04   1.2670969E-04   1.4417723E-04
   4.0000000E-01   3.1732790E+06   1.5866554E+06   4.7586134E+06   2.8121542E-04   1.4668781E-04   2.3277858E-04
   4.5000000E-01   2.6441790E+06   1.3173078E+06   3.9606238E+06   3.7172226E-04   1.9761987E-04   2.0309924E-04
   5.0000000E-01   2.2211982E+06   1.1123212E+06   3.3328573E+06   2.6891421E-04   2.4206758E-04   2.2187200E-04
   5.5000000E-01   1.8849270E+06   9.4040315E+05   2.8247803E+06   3.2965200E-04   2.1760110E-04   2.8299534E-04
   6.0000000E-01   1.5957830E+06   7.9347758E+05   2.3887300E+06   2.2037836E-04   3.6576588E-04   2.6860544E-04
   6.5000000E-01   1.3453441E+06   6.7415585E+05   2.0190592E+06   2.1326514E-04   2.6970174E-04   2.2519122E-04
   7.0000000E-01   1.1356069E+06   5.6966101E+05   1.7050087E+06   4.0839468E-04   2.3953925E-04   3.4030676E-04
   7.5000000E-01   9.5111418E+05   4.7639106E+05   1.4273058E+06   4.4404633E-04   6.8896320E-04   3.7238856E-04
   8.0000000E-01   7.8255690E+05   3.9123070E+05   1.1736284E+06   1.0313650E-03   7.2803025E-04   8.7137474E-04
   8.5000000E-01   6.2813026E+05   3.1548255E+05   9.4350421E+05   8.9270921E-04   1.3381438E-03   1.0366453E-03
   9.0000000E-01   4.7929334E+05   2.4143098E+05   7.2069956E+05   4.1103356E-04   1.9440788E-03   9.2054938E-04
   9.5000000E-01   3.2597613E+05   1.6271666E+05   4.8867604E+05   1.9894695E-03   2.4059888E-03   2.1275289E-03
   1.0000000E+00   1.6815565E+05   8.3725717E+04   2.5187508E+05   4.5327378E-03   4.2389546E-03   4.2178184E-03
