   0.0000000E+00   1.3133008E+08   6.7704258E+07   1.9898239E+08   9.9475503E-04   7.2167121E-04   8.9715841E-04
   5.0000000E-02   4.6702490E+07   2.3391957E+07   7.0037406E+07   3.1399408E-04   1.3836559E-04   2.4428337E-04
   1.0000000E-01   2.2380082E+07   1.1223798E+07   3.3582839E+07   1.4961998E-04   1.7190949E-04   1.2074093E-04
   1.5000000E-01   1.3776027E+07   6.8890960E+06   2.0649463E+07   1.2503552E-04   1.3528351E-04   1.2373213E-04
   2.0000000E-01   9.4001684E+06   4.6951186E+06   1.4086008E+07   6.0868388E-05   6.7416445E-05   5.6181086E-05
   2.5000000E-01   6.7489081E+06   3.3787703E+06   1.0122000E+07   7.2174233E-05   2.4710097E-04   9.5439306E-05
   3.0000000E-01   5.0298373E+06   2.5212583E+06   7.5468303E+06   1.3670295E-04   1.1338529E-04   1.2750701E-04
   3.5000000E-01   3.8230563E+06   1.9202544E+06   5.7406824E+06   2.1795014E-04   1.8547530E-04   1.9511045E-04
   4.0000000E-01   2.9608629E+06   1.4868812E+06   4.4456034E+06   4.7949071E-05   2.6988261E-04   8.3168457E-05
   4.5000000E-01   2.3288471E+06   1.1603810E+06   3.4878912E+06   2.0153577E-04   2.2592219E-04   1.7800170E-04
   5.0000000E-01   1.8375520E+06   9.1879512E+05   2.7555323E+06   6.0663188E-05   1.5390944E-04   9.1461982E-05
   5.5000000E-01   1.4616558E+06   7.3152242E+05   2.1923738E+06   3.1008627E-04   2.4881255E-04   1.9916356E-04
   6.0000000E-01   1.1697358E+06   5.8691568E+05   1.7562164E+06   2.9382780E-04   2.3162140E-04   2.7453300E-04
   6.5000000E-01   9.3317195E+05   4.6949729E+05   1.4023803E+06   6.2954157E-05   5.7789851E-04   2.3736778E-04
   7.0000000E-01   7.4179845E+05   3.7239528E+05   1.1139482E+06   1.3937880E-04   4.7885314E-04   2.2027169E-04
   7.5000000E-01   5.8727750E+05   2.9583721E+05   8.8297889E+05   3.8293187E-04   6.2512187E-04   4.4200290E-04
   8.0000000E-01   4.6035965E+05   2.2985555E+05   6.9012766E+05   1.1422699E-03   9.6883983E-04   1.0591791E-03
   8.5000000E-01   3.5343257E+05   1.7542994E+05   5.2881758E+05   8.0906427E-04   1.1003330E-03   7.6163622E-04
   9.0000000E-01   2.5577968E+05   1.2808082E+05   3.8384635E+05   1.9320134E-03   1.6445034E-03   1.8061215E-03
   9.5000000E-01   1.6436517E+05   8.2475767E+04   2.4683759E+05   2.0809919E-03   2.1096954E-03   2.0408885E-03
   1.0000000E+00   8.3845182E+04   4.1636505E+04   1.2548169E+05   6.8325311E-03   6.0491346E-03   6.5193986E-03
