   0.0000000E+00   4.6873041E+07   2.4323459E+07   7.1191916E+07   1.3360905E-02   3.5263085E-03   9.9807286E-03
   5.0000000E-02   2.0435686E+07   1.0298980E+07   3.0728363E+07   2.6775141E-03   1.8829276E-03   2.3967290E-03
   1.0000000E-01   1.1480292E+07   5.7645284E+06   1.7239186E+07   4.9434612E-04   1.1284311E-03   7.0643595E-04
   1.5000000E-01   8.0580784E+06   4.0549921E+06   1.2109336E+07   1.9032655E-04   7.2278635E-04   3.6188166E-04
   2.0000000E-01   6.2607894E+06   3.1310234E+06   9.3891390E+06   2.8135236E-04   6.6064468E-04   3.3106089E-04
   2.5000000E-01   5.0999483E+06   2.5540039E+06   7.6514566E+06   3.6462296E-04   4.9308284E-04   3.3722309E-04
   3.0000000E-01   4.2676655E+06   2.1395517E+06   6.4050528E+06   2.5154018E-04   3.7451030E-04   1.9114120E-04
   3.5000000E-01   3.6690216E+06   1.8372847E+06   5.5044055E+06   3.3088225E-04   5.1886912E-04   3.0803136E-04
   4.0000000E-01   3.1827408E+06   1.5930534E+06   4.7742504E+06   3.1082847E-04   8.1856589E-04   4.6797596E-04
   4.5000000E-01   2.8047416E+06   1.3938083E+06   4.1970715E+06   2.0035545E-04   8.4356933E-04   2.3584379E-04
   5.0000000E-01   2.4722301E+06   1.2392059E+06   3.7104110E+06   6.8749167E-04   2.0293973E-04   4.2976414E-04
   5.5000000E-01   2.1990410E+06   1.1006230E+06   3.2985701E+06   6.4433129E-04   7.6517751E-04   6.7935326E-04
   6.0000000E-01   1.9444649E+06   9.7691957E+05   2.9204667E+06   3.9343311E-04   2.3004440E-04   2.8303387E-04
   6.5000000E-01   1.7242553E+06   8.6558252E+05   2.5890738E+06   9.4076153E-04   7.5364049E-04   8.7222098E-04
   7.0000000E-01   1.5221488E+06   7.6300244E+05   2.2846146E+06   9.8369581E-04   1.1675228E-03   9.9145894E-04
   7.5000000E-01   1.3270636E+06   6.6438064E+05   1.9909095E+06   1.1612321E-03   1.1631893E-03   1.1592704E-03
   8.0000000E-01   1.1446424E+06   5.7193522E+05   1.7161717E+06   1.2529498E-03   1.0573141E-03   1.1902609E-03
   8.5000000E-01   9.5895534E+05   4.8093628E+05   1.4395733E+06   1.7399462E-03   8.3462278E-04   1.4087303E-03
   9.0000000E-01   7.6745928E+05   3.8437687E+05   1.1516664E+06   2.6815108E-03   1.8292185E-03   2.3866095E-03
   9.5000000E-01   5.4659504E+05   2.7167581E+05   8.1815023E+05   3.9281667E-03   4.0670480E-03   3.9696109E-03
   1.0000000E+00   3.1134322E+05   1.5600800E+05   4.6733236E+05   6.9309487E-03   9.8706949E-03   7.9062364E-03
