   0.0000000E+00   3.2377300E+09   1.6608794E+09   4.6833830E+09   1.1485692E-05   1.1592913E-06   7.8150289E-06
   5.0000000E-02   9.0336346E+04   2.3172960E+04   1.1350931E+05   1.7739505E-01   4.3206098E-02   1.5000033E-01
   1.0000000E-01   4.2398877E+04   9.9312684E+03   5.2330145E+04   1.8101893E-01   2.7991029E-02   1.5197714E-01
   1.5000000E-01   2.6610706E+04   5.9417845E+03   3.2552491E+04   1.8045614E-01   2.1422138E-02   1.5142775E-01
   2.0000000E-01   1.8541551E+04   4.3290145E+03   2.2870565E+04   1.8747931E-01   3.6807093E-02   1.5895959E-01
   2.5000000E-01   1.4196621E+04   2.8902538E+03   1.7086875E+04   1.9220791E-01   1.9457622E-02   1.6298710E-01
   3.0000000E-01   1.0981691E+04   2.1963382E+03   1.3178029E+04   1.9226634E-01   1.1630657E-02   1.6216039E-01
   3.5000000E-01   9.0672845E+03   1.7006842E+03   1.0767969E+04   1.9146447E-01   1.2923270E-02   1.6326582E-01
   4.0000000E-01   6.9630288E+03   1.2573241E+03   8.2203528E+03   1.8319744E-01   1.1255922E-02   1.5689854E-01
   4.5000000E-01   5.5244449E+03   9.1956189E+02   6.4440068E+03   1.6763370E-01   8.2284286E-03   1.4488651E-01
   5.0000000E-01   4.6536905E+03   8.2123951E+02   5.4749300E+03   1.7091175E-01   5.4995076E-03   1.4609991E-01
   5.5000000E-01   4.3463768E+03   6.0768251E+02   4.9540593E+03   1.7695216E-01   7.5512335E-03   1.5617284E-01
   6.0000000E-01   3.2838970E+03   4.5624417E+02   3.7401412E+03   1.6479953E-01   8.3483721E-03   1.4571471E-01
   6.5000000E-01   2.8990685E+03   3.4279526E+02   3.2418638E+03   1.5485711E-01   3.0476608E-03   1.3880475E-01
   7.0000000E-01   2.2554529E+03   2.4100606E+02   2.4964590E+03   1.6315270E-01   4.2555715E-06   1.4740249E-01
   7.5000000E-01   1.8461973E+03   2.2918312E+02   2.0753805E+03   1.4863705E-01   4.0735289E-05   1.3221864E-01
   8.0000000E-01   1.5875706E+03   1.5119720E+02   1.7387678E+03   1.3893959E-01   4.8401951E-05   1.2685368E-01
   8.5000000E-01   1.1571501E+03   1.3106878E+02   1.2882188E+03   1.2747392E-01   1.0259915E-05   1.1450315E-01
   9.0000000E-01   1.0433491E+03   9.9029742E+01   1.1423788E+03   1.1936446E-01   3.2965585E-06   1.0901679E-01
   9.5000000E-01   6.0311347E+02   3.6856934E+01   6.3997040E+02   1.1698612E-01   2.0154613E-06   1.1024882E-01
   1.0000000E+00   3.2695534E+02   6.2876027E+00   3.3324294E+02   7.3307555E-02   2.4358096E-06   7.1924440E-02
