   0.0000000E+00   2.1965929E+06   4.2292383E+08   4.2462743E+08   3.8607739E-04   2.2112810E-06   3.6175566E-06
   5.0000000E-02   2.1389788E+06   9.3645686E+07   9.5572480E+07   2.2932335E-04   4.8860289E-06   7.9896729E-06
   1.0000000E-01   2.1406976E+06   2.0383578E+07   2.2493655E+07   1.1775212E-04   1.9645165E-05   2.8291415E-05
   1.5000000E-01   2.1283260E+06   5.2903527E+06   7.4114849E+06   2.0088547E-04   5.3214886E-05   9.5535560E-05
   2.0000000E-01   2.1676426E+06   1.4377739E+06   3.6031406E+06   1.2033137E-04   1.4561976E-04   1.3040659E-04
   2.5000000E-01   2.2141254E+06   3.9980995E+05   2.6126112E+06   3.5144096E-05   4.1144756E-04   8.7826889E-05
   3.0000000E-01   2.2867488E+06   1.1434752E+05   2.3993987E+06   2.8473689E-05   7.9490443E-04   5.3688167E-05
   3.5000000E-01   2.3839228E+06   3.2167488E+04   2.4145624E+06   2.9710951E-05   2.7802718E-03   6.3844018E-05
   4.0000000E-01   2.5469009E+06   9.8914797E+03   2.5548904E+06   6.1348308E-06   6.7421443E-03   2.7241801E-05
   4.5000000E-01   2.7452318E+06   3.0133336E+03   2.7457411E+06   8.6441023E-06   1.3719548E-02   2.2515339E-05
   5.0000000E-01   3.0364599E+06   9.1673247E+02   3.0345691E+06   1.9352970E-06   4.0679300E-02   1.2906425E-05
   5.5000000E-01   3.4269937E+06   3.2988479E+02   3.4225431E+06   3.9059324E-06   8.4062884E-02   4.4533695E-06
   6.0000000E-01   3.8809880E+06   1.4854461E+02   3.8744998E+06   3.6455717E-06   1.9198906E-01   4.8315445E-06
   6.5000000E-01   4.1958581E+06   8.3250278E+01   4.1897367E+06   7.1645284E-06   3.8646736E-01   1.2840091E-06
   7.0000000E-01   3.9565964E+06   1.3641852E+01   3.9483249E+06   4.4773740E-06   5.5952600E-01   2.3869855E-06
   7.5000000E-01   2.9771184E+06   2.5464791E+01   2.9720000E+06   2.3795132E-06   6.0838042E-01   4.6384788E-06
   8.0000000E-01   1.6748670E+06   3.1830989E+01   1.6730766E+06   3.5253434E-06   6.3556092E-01   8.9336424E-06
   8.5000000E-01   7.3610097E+05   2.2468933E+01   7.3575645E+05   2.6082442E-05   6.4992211E-01   4.1769054E-05
   9.0000000E-01   2.7388444E+05   1.0610330E+01   2.7384200E+05   4.3554851E-05   7.1803597E-01   7.1381287E-05
   9.5000000E-01   8.6727717E+04   6.7012608E+00   8.6731067E+04   7.5388261E-05   7.5099186E-01   1.3337805E-04
   1.0000000E+00   2.2069485E+04   6.2876027E+00   2.2075773E+04   8.2653869E-05   7.3581012E-01   2.9090064E-04
