   0.0000000E+00   9.8381182E+07   5.1649726E+07   1.4999424E+08   5.2694408E-03   3.9575420E-03   4.8108207E-03
   5.0000000E-02   3.8364490E+07   1.9261186E+07   5.7573155E+07   1.8478975E-03   1.5363834E-03   1.7441068E-03
   1.0000000E-01   1.9288561E+07   9.6542115E+06   2.8918421E+07   5.8129427E-04   8.7817985E-04   6.7773817E-04
   1.5000000E-01   1.2327993E+07   6.1763365E+06   1.8487226E+07   4.9006123E-04   2.8638511E-04   4.2200384E-04
   2.0000000E-01   8.6805971E+06   4.3443729E+06   1.3013654E+07   3.8920397E-04   9.8096490E-05   2.9082051E-04
   2.5000000E-01   6.4682351E+06   3.2262490E+06   9.6862717E+06   3.7931257E-04   3.6010685E-04   3.0597213E-04
   3.0000000E-01   4.9623238E+06   2.4848967E+06   7.4412363E+06   1.8175489E-04   5.2115345E-04   2.4854264E-04
   3.5000000E-01   3.9061534E+06   1.9506303E+06   5.8525456E+06   1.7214638E-04   4.5841807E-04   2.6308837E-04
   4.0000000E-01   3.1159753E+06   1.5637769E+06   4.6767123E+06   5.2259010E-04   2.0284489E-04   4.0495592E-04
   4.5000000E-01   2.5234193E+06   1.2606274E+06   3.7818256E+06   7.6615623E-04   1.3265136E-04   5.1984436E-04
   5.0000000E-01   2.0568294E+06   1.0263839E+06   3.0819145E+06   3.0368088E-04   6.1884579E-04   4.0367303E-04
   5.5000000E-01   1.6968174E+06   8.4286143E+05   2.5383824E+06   7.1172827E-04   6.0229234E-04   6.7920347E-04
   6.0000000E-01   1.3883935E+06   6.9497128E+05   2.0823939E+06   6.3467696E-04   6.7025513E-04   6.1832681E-04
   6.5000000E-01   1.1432173E+06   5.6806562E+05   1.7106610E+06   8.0096821E-04   1.5060979E-03   1.0274549E-03
   7.0000000E-01   9.3852306E+05   4.6912056E+05   1.4070979E+06   7.1793074E-04   5.4799611E-04   6.1570840E-04
   7.5000000E-01   7.6056115E+05   3.8089385E+05   1.1411622E+06   1.1171882E-03   1.4996572E-03   1.2378475E-03
   8.0000000E-01   6.1501051E+05   3.1043967E+05   9.2517564E+05   1.6270188E-03   1.7504739E-03   1.6563053E-03
   8.5000000E-01   4.8143434E+05   2.4060857E+05   7.2190435E+05   2.2112572E-03   2.4355895E-03   2.2892135E-03
   9.0000000E-01   3.6535255E+05   1.8191764E+05   5.4718884E+05   3.7352977E-03   4.1185713E-03   3.8585831E-03
   9.5000000E-01   2.4477695E+05   1.2290782E+05   3.6764457E+05   6.2514788E-03   6.4800888E-03   6.3226641E-03
   1.0000000E+00   1.3689997E+05   6.8899550E+04   2.0579952E+05   1.0801217E-02   1.0849391E-02   1.0816396E-02
