   0.0000000E+00   1.2866850E+07   8.0791123E+07   9.3653389E+07   3.7359825E-05   3.8906955E-05   3.6487058E-05
   5.0000000E-02   1.1523200E+07   2.5698303E+07   3.7216601E+07   2.7649762E-04   6.4873920E-05   1.0214670E-04
   1.0000000E-01   9.9780600E+06   1.1730038E+07   2.1705074E+07   1.5100610E-04   1.5710181E-04   1.5327021E-04
   1.5000000E-01   8.6478218E+06   7.0398688E+06   1.5685102E+07   7.2481309E-05   1.9319875E-05   3.4903552E-05
   2.0000000E-01   7.4030603E+06   4.6815745E+06   1.2082311E+07   5.2980987E-05   2.1181695E-04   1.0132145E-04
   2.5000000E-01   6.3604681E+06   3.2993966E+06   9.6580694E+06   1.5538359E-04   9.4625113E-05   1.3521626E-04
   3.0000000E-01   5.4342713E+06   2.4351343E+06   7.8679838E+06   8.7020743E-05   2.2453713E-04   1.2899364E-04
   3.5000000E-01   4.6325093E+06   1.8180497E+06   6.4496313E+06   6.2569335E-05   5.2906869E-04   1.1769489E-04
   4.0000000E-01   3.9362280E+06   1.4058474E+06   5.3412399E+06   2.8696052E-04   1.7684603E-04   2.3846473E-04
   4.5000000E-01   3.3185998E+06   1.0936420E+06   4.4116689E+06   1.1987744E-04   3.4212283E-04   1.0096408E-04
   5.0000000E-01   2.8053287E+06   8.6616576E+05   3.6711507E+06   5.5171676E-05   4.7091916E-04   1.4638064E-04
   5.5000000E-01   2.3590756E+06   6.9147325E+05   3.0500858E+06   1.8652501E-04   5.3939280E-04   2.5287552E-04
   6.0000000E-01   1.9684443E+06   5.5220399E+05   2.5203724E+06   1.2079265E-04   6.3773275E-04   2.3225325E-04
   6.5000000E-01   1.6343597E+06   4.4163293E+05   2.0758310E+06   2.5169285E-04   8.5712033E-04   3.7818323E-04
   7.0000000E-01   1.3447229E+06   3.5665713E+05   1.7012481E+06   4.1569342E-04   7.7189647E-04   4.8914011E-04
   7.5000000E-01   1.1003294E+06   2.8273557E+05   1.3829546E+06   3.5534964E-04   1.2890287E-03   5.4280884E-04
   8.0000000E-01   8.7993187E+05   2.2104632E+05   1.1009225E+06   3.6162632E-04   3.2519341E-04   3.5236972E-04
   8.5000000E-01   6.8786392E+05   1.7187985E+05   8.5966887E+05   3.3576928E-04   4.5499946E-04   3.1240988E-04
   9.0000000E-01   5.0911898E+05   1.2500383E+05   6.3411573E+05   6.5220278E-04   1.7929673E-03   7.3825528E-04
   9.5000000E-01   3.3123327E+05   7.9182097E+04   4.1040196E+05   9.4664658E-04   1.9861068E-03   7.3975461E-04
   1.0000000E+00   1.6647686E+05   3.9366680E+04   2.0584354E+05   1.5843343E-03   1.3435216E-03   1.1485613E-03
