   0.0000000E+00   3.4691703E+07   1.9508067E+07   5.4194168E+07   4.5229348E-02   1.2949312E-02   3.3610705E-02
   5.0000000E-02   1.6718336E+07   8.7374791E+06   2.5440408E+07   2.5299478E-02   1.0719588E-02   2.0293736E-02
   1.0000000E-01   1.0202023E+07   5.1846314E+06   1.5377933E+07   1.2260699E-02   7.4112954E-03   1.0621318E-02
   1.5000000E-01   7.4753591E+06   3.7825188E+06   1.1248074E+07   7.3730903E-03   6.0902057E-03   6.9435074E-03
   2.0000000E-01   5.9451692E+06   2.9891208E+06   8.9268893E+06   5.3327372E-03   4.6915879E-03   5.1237219E-03
   2.5000000E-01   4.9364006E+06   2.4782716E+06   7.4085225E+06   4.0988801E-03   3.4650224E-03   3.8890271E-03
   3.0000000E-01   4.2009584E+06   2.0952218E+06   6.2909387E+06   3.7295929E-03   3.0841328E-03   3.5053991E-03
   3.5000000E-01   3.6596179E+06   1.8225151E+06   5.4769490E+06   3.3778897E-03   2.5828046E-03   3.1035543E-03
   4.0000000E-01   3.1968419E+06   1.5979793E+06   4.7903330E+06   3.1398345E-03   2.3414409E-03   2.8774512E-03
   4.5000000E-01   2.8327599E+06   1.4162597E+06   4.2451363E+06   3.2309563E-03   2.3703440E-03   2.9380585E-03
   5.0000000E-01   2.5244711E+06   1.2600551E+06   3.7817188E+06   3.3640144E-03   3.3855158E-03   3.3506063E-03
   5.5000000E-01   2.2490330E+06   1.1242995E+06   3.3706413E+06   3.9124711E-03   3.8834782E-03   3.9031626E-03
   6.0000000E-01   2.0115275E+06   1.0021881E+06   3.0112274E+06   4.0659571E-03   4.0512856E-03   4.0636295E-03
   6.5000000E-01   1.7951208E+06   8.9341750E+05   2.6864424E+06   4.7021862E-03   4.5927932E-03   4.6658737E-03
   7.0000000E-01   1.5926953E+06   7.9139568E+05   2.3821266E+06   5.8119824E-03   5.6837091E-03   5.7652819E-03
   7.5000000E-01   1.4019471E+06   6.9776922E+05   2.0980866E+06   7.1174399E-03   6.9125412E-03   7.0425576E-03
   8.0000000E-01   1.2182873E+06   6.0627290E+05   1.8232910E+06   7.7143552E-03   7.9047554E-03   7.7743419E-03
   8.5000000E-01   1.0399296E+06   5.1638102E+05   1.5553333E+06   9.5176349E-03   9.4810120E-03   9.5078812E-03
   9.0000000E-01   8.5414214E+05   4.2374119E+05   1.2773634E+06   1.2726409E-02   1.2944129E-02   1.2792251E-02
   9.5000000E-01   6.4276818E+05   3.1940554E+05   9.6177500E+05   1.6973767E-02   1.7003706E-02   1.6984281E-02
   1.0000000E+00   4.0026250E+05   1.9860022E+05   5.9877469E+05   2.7790231E-02   2.7579535E-02   2.7716135E-02
