   0.0000000E+00   6.9396648E+06   9.4010508E+08   9.4649674E+08   4.9858729E-05   2.6647886E-05   2.6789787E-05
   5.0000000E-02   6.8852338E+06   8.3487336E+07   9.0320367E+07   7.4799874E-05   2.6220522E-04   2.4649475E-04
   1.0000000E-01   7.0930583E+06   4.8753615E+06   1.1965300E+07   5.3175745E-05   2.9893370E-03   1.2019592E-03
   1.5000000E-01   7.4412363E+06   3.4774294E+05   7.7871331E+06   4.1849791E-05   2.5779326E-02   1.1117016E-03
   2.0000000E-01   8.0422584E+06   4.0536764E+04   8.0805989E+06   8.8605949E-06   1.4895524E-01   7.5249414E-04
   2.5000000E-01   9.1428149E+06   1.2515945E+04   9.1525551E+06   4.5431082E-05   3.2435853E-01   4.0205016E-04
   3.0000000E-01   1.1255480E+07   7.1513621E+03   1.1255024E+07   5.9978686E-05   3.8976980E-01   1.8807502E-04
   3.5000000E-01   1.4165536E+07   4.9292560E+03   1.4158005E+07   5.2614959E-05   4.1935930E-01   9.3714019E-05
   4.0000000E-01   1.2004930E+07   3.5491552E+03   1.1998174E+07   9.9407219E-06   4.6207680E-01   1.3714264E-04
   4.5000000E-01   3.7159708E+06   2.7728328E+03   3.7175977E+06   2.5160066E-04   4.6683425E-01   5.9905502E-04
   5.0000000E-01   4.8362094E+05   1.7507044E+03   4.8536528E+05   3.1003707E-03   4.9963703E-01   4.8910865E-03
   5.5000000E-01   5.3678622E+04   1.4237133E+03   5.5102335E+04   2.7434297E-02   5.2971569E-01   4.0409665E-02
   6.0000000E-01   8.5147895E+03   1.2520189E+03   9.7668083E+03   1.5098284E-01   5.4596244E-01   2.0160142E-01
   6.5000000E-01   3.6728064E+03   8.5698816E+02   4.5297945E+03   2.9458878E-01   5.9996128E-01   3.5213197E-01
   7.0000000E-01   2.2236219E+03   6.0933607E+02   2.8329580E+03   3.7935787E-01   6.0461607E-01   4.2775650E-01
   7.5000000E-01   1.6255025E+03   5.1353995E+02   2.1390424E+03   4.3771208E-01   6.7216939E-01   4.9377432E-01
   8.0000000E-01   1.1896832E+03   3.1035214E+02   1.5000353E+03   4.9147139E-01   6.7989408E-01   5.3026490E-01
   8.5000000E-01   8.6505393E+02   3.5950293E+02   1.2245569E+03   5.3229633E-01   7.4602884E-01   5.9503967E-01
   9.0000000E-01   5.4466358E+02   1.9452271E+02   7.3918629E+02   5.9806675E-01   8.0294063E-01   6.5145387E-01
   9.5000000E-01   3.0155673E+02   1.3067458E+02   4.3223132E+02   6.2235947E-01   8.1344648E-01   6.7966961E-01
   1.0000000E+00   1.5719007E+02   3.1438013E+01   1.8862808E+02   7.1884396E-01   8.7123805E-01   7.4419715E-01
