   0.0000000E+00   5.3084922E+07   2.6267441E+07   7.9344214E+07   1.6017294E-02   1.0724816E-02   1.4255341E-02
   5.0000000E-02   2.0897808E+07   1.0494741E+07   3.1384845E+07   3.4000660E-03   2.8901431E-03   3.2189275E-03
   1.0000000E-01   1.1474339E+07   5.7489312E+06   1.7218910E+07   1.3755010E-03   7.3534956E-04   1.1519518E-03
   1.5000000E-01   8.0653147E+06   4.0303125E+06   1.2091935E+07   1.2010209E-03   4.9524882E-04   9.6815158E-04
   2.0000000E-01   6.2311707E+06   3.1169063E+06   9.3449416E+06   2.2349653E-04   9.4186324E-04   4.5899359E-04
   2.5000000E-01   5.0590773E+06   2.5470520E+06   7.6037611E+06   4.0111058E-04   7.8216024E-04   1.7819570E-04
   3.0000000E-01   4.2412034E+06   2.1368779E+06   6.3760229E+06   6.0926882E-04   1.3743445E-04   4.2825662E-04
   3.5000000E-01   3.6420653E+06   1.8301272E+06   5.4704191E+06   6.3030462E-04   3.4059223E-04   5.3191559E-04
   4.0000000E-01   3.1779900E+06   1.5920667E+06   4.7682662E+06   5.7352586E-04   1.1692150E-03   5.4193642E-04
   4.5000000E-01   2.7917616E+06   1.3989295E+06   4.1893401E+06   2.1944195E-04   6.9649208E-04   3.2870424E-04
   5.0000000E-01   2.4695754E+06   1.2379517E+06   3.7067123E+06   6.5237817E-04   5.5762690E-04   4.2107953E-04
   5.5000000E-01   2.1883863E+06   1.0969595E+06   3.2843909E+06   6.6092743E-04   6.0435845E-04   6.1528412E-04
   6.0000000E-01   1.9482157E+06   9.7624051E+05   2.9235755E+06   9.3159312E-04   2.2956675E-04   6.6781058E-04
   6.5000000E-01   1.7215129E+06   8.6194400E+05   2.5826783E+06   2.4042947E-04   6.0074916E-04   3.3241157E-04
   7.0000000E-01   1.5177834E+06   7.6145182E+05   2.2786622E+06   7.0669765E-04   3.1268565E-05   4.7770080E-04
   7.5000000E-01   1.3308536E+06   6.6449099E+05   1.9948693E+06   1.0030622E-03   1.0871187E-03   1.0243208E-03
   8.0000000E-01   1.1440336E+06   5.7119913E+05   1.7148627E+06   1.3154946E-03   1.8659856E-03   1.5049131E-03
   8.5000000E-01   9.5609430E+05   4.8095126E+05   1.4367385E+06   1.1994629E-03   1.4282571E-03   1.2661564E-03
   9.0000000E-01   7.6518867E+05   3.8457493E+05   1.1495479E+06   2.2114072E-03   2.4972791E-03   2.3070456E-03
   9.5000000E-01   5.4073813E+05   2.7052655E+05   8.1112395E+05   2.8270135E-03   3.6826288E-03   3.1096219E-03
   1.0000000E+00   3.0424452E+05   1.5243035E+05   4.5665601E+05   7.6356969E-03   5.9254623E-03   7.0300777E-03
