   0.0000000E+00   1.2033774E+09   9.3928256E+08   2.1030042E+09   5.6582233E-03   4.6757742E-04   3.3906788E-03
   5.0000000E-02   1.8100819E+07   6.1757847E+06   2.4247001E+07   1.5053526E-01   3.0201112E-02   1.1992146E-01
   1.0000000E-01   9.2022433E+06   3.1209011E+06   1.2308566E+07   1.4444819E-01   2.9899966E-02   1.1543533E-01
   1.5000000E-01   6.1619064E+06   2.0876460E+06   8.2386662E+06   1.4202407E-01   3.0758078E-02   1.1390066E-01
   2.0000000E-01   4.5968881E+06   1.5664189E+06   6.1550469E+06   1.4088023E-01   3.0501733E-02   1.1284616E-01
   2.5000000E-01   3.6173881E+06   1.2288544E+06   4.8400546E+06   1.4136122E-01   3.2169042E-02   1.1368533E-01
   3.0000000E-01   2.9495655E+06   1.0059017E+06   3.9504273E+06   1.4242544E-01   3.3240842E-02   1.1469260E-01
   3.5000000E-01   2.4650736E+06   8.4424876E+05   3.3050025E+06   1.4447357E-01   3.4823564E-02   1.1652071E-01
   4.0000000E-01   2.0917814E+06   7.1590281E+05   2.8045568E+06   1.4647882E-01   3.5851152E-02   1.1828038E-01
   4.5000000E-01   1.7874232E+06   6.1356706E+05   2.3980194E+06   1.5000331E-01   3.7313923E-02   1.2123818E-01
   5.0000000E-01   1.5396140E+06   5.3330275E+05   2.0708796E+06   1.5336027E-01   4.0046598E-02   1.2421440E-01
   5.5000000E-01   1.3362591E+06   4.6305407E+05   1.7972066E+06   1.5825766E-01   4.1827406E-02   1.2832747E-01
   6.0000000E-01   1.1546479E+06   4.0267262E+05   1.5556441E+06   1.6409473E-01   4.3922694E-02   1.3305264E-01
   6.5000000E-01   9.9979176E+05   3.4990092E+05   1.3484488E+06   1.7038577E-01   4.6501536E-02   1.3830120E-01
   7.0000000E-01   8.5877279E+05   3.0275363E+05   1.1604533E+06   1.7790454E-01   4.8968431E-02   1.4431288E-01
   7.5000000E-01   7.4083018E+05   2.6035627E+05   1.0002273E+06   1.8545593E-01   5.2892327E-02   1.5102405E-01
   8.0000000E-01   6.2144037E+05   2.2102245E+05   8.4173468E+05   1.9505276E-01   5.5231430E-02   1.5840813E-01
   8.5000000E-01   5.1167378E+05   1.8177367E+05   6.9302054E+05   2.0629940E-01   6.0060703E-02   1.6799410E-01
   9.0000000E-01   4.0095021E+05   1.4240123E+05   5.4304728E+05   2.1958669E-01   6.4678973E-02   1.7899365E-01
   9.5000000E-01   2.7281503E+05   9.7798200E+04   3.7049260E+05   2.3510232E-01   7.1337755E-02   1.9188714E-01
   1.0000000E+00   1.2942401E+05   4.6886653E+04   1.7629809E+05   2.4937759E-01   7.8672125E-02   2.0398977E-01
