   0.0000000E+00   1.5477143E+08   7.8525266E+07   2.3325443E+08   5.0447705E-04   1.9125667E-04   3.9408831E-04
   5.0000000E-02   5.1146351E+07   2.5697539E+07   7.6802446E+07   1.5671477E-04   2.1646943E-04   1.1392507E-04
   1.0000000E-01   2.3854461E+07   1.1942955E+07   3.5780610E+07   1.1954949E-04   6.9643761E-05   7.3702401E-05
   1.5000000E-01   1.4367829E+07   7.2113317E+06   2.1569102E+07   1.5150308E-04   1.1107777E-04   7.7369213E-05
   2.0000000E-01   9.6234469E+06   4.8284267E+06   1.4446240E+07   6.7305321E-05   2.1425839E-04   3.0234627E-05
   2.5000000E-01   6.8077445E+06   3.4093153E+06   1.0213979E+07   7.2244612E-05   1.8953748E-04   1.0572433E-04
   3.0000000E-01   4.9896772E+06   2.5036134E+06   7.4909457E+06   7.9227841E-05   4.4885799E-05   6.7241810E-05
   3.5000000E-01   3.7322107E+06   1.8689792E+06   5.5997166E+06   5.5866029E-05   2.9037159E-04   1.0440874E-04
   4.0000000E-01   2.8528364E+06   1.4313043E+06   4.2830505E+06   1.1968602E-04   1.5189943E-04   1.2815955E-04
   4.5000000E-01   2.2127064E+06   1.1141624E+06   3.3261898E+06   2.9397811E-04   4.2675736E-04   2.3788042E-04
   5.0000000E-01   1.7259208E+06   8.6274712E+05   2.5882923E+06   1.1223174E-04   5.1898796E-04   2.2903140E-04
   5.5000000E-01   1.3525392E+06   6.7616544E+05   2.0284674E+06   1.9463665E-04   1.5749420E-04   1.6774470E-04
   6.0000000E-01   1.0634786E+06   5.3617709E+05   1.5994382E+06   1.8914970E-04   1.1492857E-04   1.6288411E-04
   6.5000000E-01   8.3736068E+05   4.2004173E+05   1.2572457E+06   4.0741656E-04   5.9408064E-04   4.6282117E-04
   7.0000000E-01   6.6135700E+05   3.3217001E+05   9.9345425E+05   7.9837819E-05   7.6138409E-04   2.0006932E-04
   7.5000000E-01   5.1446517E+05   2.5723259E+05   7.7163834E+05   4.3216939E-04   5.2199486E-04   2.2603055E-04
   8.0000000E-01   3.9782767E+05   1.9954449E+05   5.9731646E+05   3.3458436E-04   1.3670988E-03   4.6179515E-04
   8.5000000E-01   2.9695691E+05   1.4964684E+05   4.4659252E+05   2.8557509E-04   5.7320045E-04   5.5844875E-05
   9.0000000E-01   2.1247892E+05   1.0727751E+05   3.1974228E+05   9.1923545E-04   1.3930161E-03   1.0660132E-03
   9.5000000E-01   1.3292621E+05   6.6258716E+04   1.9917822E+05   5.0545796E-04   2.1158500E-04   3.9826780E-04
   1.0000000E+00   6.3511075E+04   3.2041623E+04   9.5552698E+04   3.4057203E-03   4.7397032E-03   3.7984139E-03
