   0.0000000E+00   6.1014658E+07   3.0706973E+07   9.1716028E+07   4.1346048E-03   2.6229573E-03   3.6220494E-03
   5.0000000E-02   2.2837397E+07   1.1458074E+07   3.4290442E+07   7.5925710E-04   1.3154240E-03   9.0174059E-04
   1.0000000E-01   1.2249901E+07   6.1114225E+06   1.8358141E+07   4.5412739E-04   5.8058477E-04   4.3453084E-04
   1.5000000E-01   8.4299280E+06   4.2158022E+06   1.2643163E+07   2.5593034E-04   3.8810562E-04   2.6841682E-04
   2.0000000E-01   6.4142148E+06   3.2222669E+06   9.6345081E+06   1.6307272E-04   2.9000270E-04   2.0185043E-04
   2.5000000E-01   5.1852808E+06   2.5869172E+06   7.7703008E+06   3.7647400E-04   2.2229951E-04   2.4979018E-04
   3.0000000E-01   4.3152635E+06   2.1652181E+06   6.4791659E+06   4.5853599E-04   7.0136793E-04   3.2904777E-04
   3.5000000E-01   3.6717227E+06   1.8439783E+06   5.5145915E+06   5.3628315E-04   5.3677011E-04   2.1869024E-04
   4.0000000E-01   3.1731039E+06   1.5977406E+06   4.7698736E+06   2.2335514E-04   2.1558834E-04   1.7885185E-04
   4.5000000E-01   2.7654692E+06   1.3839902E+06   4.1486247E+06   3.7512115E-04   2.6733648E-04   1.8642725E-04
   5.0000000E-01   2.4413986E+06   1.2197062E+06   3.6604109E+06   2.8012382E-04   1.8621823E-04   2.3987803E-04
   5.5000000E-01   2.1525040E+06   1.0769755E+06   3.2288082E+06   1.9135419E-04   2.0831580E-04   1.7669090E-04
   6.0000000E-01   1.9012490E+06   9.4843083E+05   2.8491281E+06   8.5767773E-04   4.4646031E-04   5.6687308E-04
   6.5000000E-01   1.6754902E+06   8.3944193E+05   2.5144522E+06   8.1598955E-04   4.4828634E-04   6.0236134E-04
   7.0000000E-01   1.4661581E+06   7.3229918E+05   2.1980844E+06   5.8094982E-04   3.9618819E-04   2.6112126E-04
   7.5000000E-01   1.2761892E+06   6.3552054E+05   1.9113914E+06   5.4218062E-04   7.4293841E-04   4.4622886E-04
   8.0000000E-01   1.0899448E+06   5.4590941E+05   1.6355518E+06   8.8056126E-04   5.8263783E-04   7.4412701E-04
   8.5000000E-01   9.1045241E+05   4.5646387E+05   1.3667702E+06   6.9364537E-04   1.1457203E-03   7.3141245E-04
   9.0000000E-01   7.1834760E+05   3.5932942E+05   1.0775674E+06   8.6553502E-04   1.1555754E-03   9.4087768E-04
   9.5000000E-01   4.9783666E+05   2.5044287E+05   7.4823262E+05   2.0777993E-03   1.1996177E-03   1.7440124E-03
   1.0000000E+00   2.6101096E+05   1.3189504E+05   3.9289972E+05   3.6741415E-03   3.3956423E-03   3.5206779E-03
