   0.0000000E+00   4.0464011E+08   2.8156929E+08   6.8559773E+08   9.1444767E-06   9.8116887E-06   2.8049451E-06
   5.0000000E-02   1.4507298E+08   7.0386083E+07   2.1500324E+08   2.1063381E-05   1.7737697E-05   2.0123793E-05
   1.0000000E-01   4.7973470E+07   2.2505814E+07   7.0395727E+07   5.2163319E-05   5.1097675E-05   5.1712167E-05
   1.5000000E-01   1.9242597E+07   9.0028434E+06   2.8222649E+07   1.1123497E-04   1.4798941E-04   1.2309966E-04
   2.0000000E-01   8.3286100E+06   3.9045164E+06   1.2226744E+07   2.5619258E-04   2.6624123E-04   2.5914098E-04
   2.5000000E-01   3.7438208E+06   1.7457897E+06   5.4881208E+06   4.4795642E-04   4.5445746E-04   4.4967421E-04
   3.0000000E-01   1.7189477E+06   7.9677209E+05   2.5152211E+06   7.4648774E-04   9.4810382E-04   8.1039705E-04
   3.5000000E-01   7.9996731E+05   3.7270450E+05   1.1725900E+06   1.7489917E-03   1.8411781E-03   1.7780812E-03
   4.0000000E-01   3.7726088E+05   1.7640734E+05   5.5363639E+05   2.8584733E-03   3.2392001E-03   2.9792910E-03
   4.5000000E-01   1.7654174E+05   8.4217722E+04   2.6075239E+05   5.7570059E-03   5.1599036E-03   5.5634535E-03
   5.0000000E-01   8.6370205E+04   3.8999327E+04   1.2536953E+05   8.4198943E-03   1.1021399E-02   9.2287233E-03
   5.5000000E-01   4.1079338E+04   1.9428478E+04   6.0507816E+04   1.4650783E-02   1.8474938E-02   1.5875361E-02
   6.0000000E-01   2.0520377E+04   9.6076534E+03   3.0128031E+04   2.8636360E-02   3.2339895E-02   2.9798109E-02
   6.5000000E-01   1.0396491E+04   4.7795454E+03   1.5176036E+04   5.1565254E-02   4.2864961E-02   4.8823864E-02
   7.0000000E-01   5.2884914E+03   2.3373040E+03   7.6257954E+03   7.9538071E-02   1.0850121E-01   8.8415205E-02
   7.5000000E-01   2.6186293E+03   1.2435306E+03   3.8621600E+03   1.2745306E-01   1.3901122E-01   1.3117446E-01
   8.0000000E-01   1.4761621E+03   6.5253527E+02   2.1286974E+03   2.0665226E-01   2.2322275E-01   2.1172619E-01
   8.5000000E-01   7.6768855E+02   4.0818562E+02   1.1758742E+03   2.8416003E-01   2.2027121E-01   2.6196588E-01
   9.0000000E-01   4.8807516E+02   2.5111113E+02   7.3918629E+02   3.7046379E-01   4.3945183E-01   3.9386592E-01
   9.5000000E-01   2.5129728E+02   1.5412900E+02   4.0542628E+02   4.7807241E-01   5.9025379E-01   5.1989374E-01
   1.0000000E+00   9.4314040E+01   6.2876027E+01   1.5719007E+02   4.7508188E-01   5.8303215E-01   5.1746421E-01
