   0.0000000E+00   2.1810186E+08   1.1143342E+08   3.2945939E+08   1.0568991E-05   6.7110173E-05   2.7009844E-05
   5.0000000E-02   7.0100304E+07   3.5048210E+07   1.0508250E+08   1.3491700E-05   2.6651912E-05   1.7137564E-05
   1.0000000E-01   3.0537759E+07   1.5238672E+07   4.5754659E+07   5.1658099E-05   1.8403548E-05   3.8633358E-05
   1.5000000E-01   1.7146208E+07   8.5731463E+06   2.5707301E+07   3.2177201E-05   2.0173269E-05   2.6969479E-05
   2.0000000E-01   1.0690660E+07   5.3575055E+06   1.6041131E+07   8.3656499E-05   4.0925789E-05   6.8574630E-05
   2.5000000E-01   7.0262833E+06   3.5172097E+06   1.0540463E+07   4.1552191E-05   5.7350004E-05   4.0597324E-05
   3.0000000E-01   4.7810039E+06   2.3877910E+06   7.1668850E+06   6.4420746E-05   6.9447300E-05   6.5743765E-05
   3.5000000E-01   3.3215637E+06   1.6597678E+06   4.9803856E+06   9.9825469E-05   1.0659201E-04   5.3128773E-05
   4.0000000E-01   2.3435247E+06   1.1697013E+06   3.5126530E+06   1.8824767E-04   1.8708870E-04   1.7516600E-04
   4.5000000E-01   1.6653903E+06   8.3068270E+05   2.4956910E+06   2.5338021E-04   2.0415029E-04   2.3204719E-04
   5.0000000E-01   1.1969407E+06   5.9737853E+05   1.7941409E+06   4.0961141E-04   2.4418340E-04   3.5481763E-04
   5.5000000E-01   8.7291567E+05   4.3193494E+05   1.3046886E+06   3.0000063E-04   4.4059287E-04   3.2891390E-04
   6.0000000E-01   6.3007850E+05   3.1526472E+05   9.4525304E+05   6.4773018E-05   2.3145475E-04   7.2058694E-05
   6.5000000E-01   4.5686773E+05   2.2813025E+05   6.8495880E+05   4.2124141E-04   4.5948421E-04   4.2011081E-04
   7.0000000E-01   3.3558502E+05   1.6764472E+05   5.0320700E+05   6.0760861E-04   2.6040520E-04   4.8645379E-04
   7.5000000E-01   2.4034518E+05   1.2028718E+05   3.6061115E+05   1.0511427E-03   6.7561616E-04   9.1078963E-04
   8.0000000E-01   1.7467653E+05   8.7594902E+04   2.6227143E+05   1.2778421E-03   3.9470369E-04   9.6541410E-04
   8.5000000E-01   1.2125360E+05   6.0988174E+04   1.8223803E+05   1.8940710E-03   7.4578662E-04   1.4759012E-03
   9.0000000E-01   8.0079694E+04   4.0177781E+04   1.2025748E+05   1.7464474E-03   2.6636514E-03   2.0301478E-03
   9.5000000E-01   4.6613970E+04   2.3052337E+04   6.9666307E+04   1.2045678E-03   3.7243961E-03   2.0383691E-03
   1.0000000E+00   2.0529023E+04   1.0437420E+04   3.0966443E+04   7.6250924E-03   8.3401152E-03   5.0865102E-03
