   0.0000000E+00   9.6421412E+07   4.9080838E+07   1.4548188E+08   7.8875374E-04   4.7039136E-04   6.6655824E-04
   5.0000000E-02   3.4494860E+07   1.7220756E+07   5.1698937E+07   1.2849097E-04   2.0300738E-04   1.4380787E-04
   1.0000000E-01   1.7208883E+07   8.6535089E+06   2.5855039E+07   1.2426820E-04   2.6974442E-04   1.7037260E-04
   1.5000000E-01   1.1193983E+07   5.5977128E+06   1.6785350E+07   6.4389852E-05   1.3353152E-04   8.2453776E-05
   2.0000000E-01   8.0164594E+06   4.0083013E+06   1.2020527E+07   6.7598521E-05   2.6143323E-04   1.0033510E-04
   2.5000000E-01   6.0814377E+06   3.0491031E+06   9.1276251E+06   1.3044327E-04   1.0175784E-04   9.4873552E-05
   3.0000000E-01   4.7801020E+06   2.3894250E+06   7.1672670E+06   2.5678329E-04   1.3023303E-04   2.1390767E-04
   3.5000000E-01   3.8406998E+06   1.9275846E+06   5.7666019E+06   1.5331804E-04   4.7999329E-04   2.6230093E-04
   4.0000000E-01   3.1448460E+06   1.5772334E+06   4.7207027E+06   5.3986052E-05   1.7547057E-04   7.7469995E-05
   4.5000000E-01   2.6022965E+06   1.3039388E+06   3.9050611E+06   2.0251084E-04   1.8623631E-04   1.7377585E-04
   5.0000000E-01   2.1785065E+06   1.0877158E+06   3.2654966E+06   1.9852909E-04   2.6578367E-04   1.5221008E-04
   5.5000000E-01   1.8299925E+06   9.1983455E+05   2.7492483E+06   2.0354980E-04   1.7589107E-04   1.9517478E-04
   6.0000000E-01   1.5310069E+06   7.6822499E+05   2.2987916E+06   1.0254061E-04   3.1315097E-04   1.6347859E-04
   6.5000000E-01   1.2916525E+06   6.4680079E+05   1.9381644E+06   2.5419641E-04   7.9808759E-04   4.3222727E-04
   7.0000000E-01   1.0819262E+06   5.4174069E+05   1.6235168E+06   5.9122970E-04   8.2588596E-04   6.6923324E-04
   7.5000000E-01   9.0012518E+05   4.5017506E+05   1.3501729E+06   1.9785805E-04   3.9290353E-04   1.0164271E-04
   8.0000000E-01   7.3619904E+05   3.7017848E+05   1.1062422E+06   8.0349032E-04   6.4903453E-04   6.8814709E-04
   8.5000000E-01   5.9060340E+05   2.9469878E+05   8.8518983E+05   9.6396435E-04   1.8293099E-03   9.9433610E-04
   9.0000000E-01   4.4941112E+05   2.2491777E+05   6.7428291E+05   2.0536465E-04   1.9019834E-03   7.7365484E-04
   9.5000000E-01   2.9613541E+05   1.4906620E+05   4.4516810E+05   1.8419340E-03   1.7153652E-03   1.6721225E-03
   1.0000000E+00   1.5257497E+05   7.5117989E+04   2.2768038E+05   3.0604166E-03   5.2684432E-03   3.5862659E-03
