   0.0000000E+00   2.2987383E+09   1.4460365E+09   3.6251931E+09   3.1745278E-03   4.3895436E-06   1.9642826E-03
   5.0000000E-02   1.5672624E+07   4.6876224E+06   2.0337010E+07   1.8589788E-01   4.6161260E-04   1.4319552E-01
   1.0000000E-01   7.0443251E+06   2.0485469E+06   9.0835137E+06   1.9465319E-01   5.0014026E-04   1.5094007E-01
   1.5000000E-01   4.1587399E+06   1.1992643E+06   5.3528051E+06   2.0085237E-01   3.5585130E-04   1.5601339E-01
   2.0000000E-01   2.7552426E+06   7.6634697E+05   3.5186771E+06   2.0497228E-01   2.4155387E-04   1.6045503E-01
   2.5000000E-01   1.9460575E+06   5.2452376E+05   2.4688497E+06   2.0597207E-01   2.8680659E-04   1.6230005E-01
   3.0000000E-01   1.4235985E+06   3.6506961E+05   1.7874055E+06   2.0320981E-01   2.6391877E-04   1.6181621E-01
   3.5000000E-01   1.0745687E+06   2.6057757E+05   1.3346461E+06   1.9642693E-01   4.2928000E-04   1.5820001E-01
   4.0000000E-01   8.3523718E+05   1.8612375E+05   1.0209710E+06   1.8804310E-01   3.4793708E-04   1.5386012E-01
   4.5000000E-01   6.5961589E+05   1.3211982E+05   7.9138204E+05   1.7570237E-01   3.9655689E-04   1.4647359E-01
   5.0000000E-01   5.3650495E+05   9.5155557E+04   6.3145679E+05   1.6099354E-01   6.4401308E-04   1.3685582E-01
   5.5000000E-01   4.4297161E+05   6.8332451E+04   5.1114780E+05   1.4474298E-01   5.0158253E-04   1.2546385E-01
   6.0000000E-01   3.7282576E+05   4.8255779E+04   4.2092769E+05   1.2734715E-01   3.3214627E-04   1.1281750E-01
   6.5000000E-01   3.1779080E+05   3.4137511E+04   3.5185975E+05   1.1014694E-01   7.3421076E-04   9.9531115E-02
   7.0000000E-01   2.7471962E+05   2.4691753E+04   2.9937045E+05   9.5067763E-02   1.0472773E-03   8.7313981E-02
   7.5000000E-01   2.3506973E+05   1.6972283E+04   2.5198684E+05   7.9901463E-02   2.7167957E-04   7.4552050E-02
   8.0000000E-01   2.0055512E+05   1.1112994E+04   2.1163231E+05   6.7111791E-02   1.2638930E-03   6.3650854E-02
   8.5000000E-01   1.7000369E+05   7.5757753E+03   1.7754576E+05   5.7210405E-02   2.0428957E-03   5.4863514E-02
   9.0000000E-01   1.3403322E+05   4.8312367E+03   1.3884677E+05   4.9103255E-02   1.5654327E-03   4.7453550E-02
   9.5000000E-01   9.4095753E+04   2.6369461E+03   9.6725998E+04   4.3643925E-02   2.6230779E-03   4.2528297E-02
   1.0000000E+00   4.3868604E+04   9.3685280E+02   4.4805457E+04   4.1716211E-02   6.0193939E-03   4.0965308E-02
