   0.0000000E+00   2.1848852E+09   1.1030166E+09   3.2814194E+09   1.0790092E-03   8.7800366E-05   7.4920756E-04
   5.0000000E-02   1.2197011E+08   6.4975006E+07   1.8677934E+08   9.0042855E-03   1.6599916E-03   6.4440170E-03
   1.0000000E-01   5.6468810E+06   2.4283225E+06   8.0744714E+06   8.7630155E-02   2.6508215E-02   6.9250795E-02
   1.5000000E-01   1.3814861E+06   4.0926163E+05   1.7907053E+06   1.6266973E-01   9.2362087E-02   1.4659885E-01
   2.0000000E-01   6.6372386E+05   1.8877368E+05   8.5248162E+05   1.6650944E-01   1.2957904E-01   1.5832816E-01
   2.5000000E-01   3.9275620E+05   1.0765240E+05   5.0039587E+05   1.5359885E-01   1.5361931E-01   1.5360119E-01
   3.0000000E-01   2.4757082E+05   6.9179349E+04   3.1675017E+05   1.3748470E-01   1.7549049E-01   1.4578510E-01
   3.5000000E-01   1.7010480E+05   4.6445960E+04   2.1655076E+05   1.1799784E-01   1.9624506E-01   1.3478006E-01
   4.0000000E-01   1.2013811E+05   3.2992820E+04   1.5313093E+05   1.0018745E-01   2.1525906E-01   1.2498010E-01
   4.5000000E-01   8.9409710E+04   2.3901536E+04   1.1331125E+05   7.8732229E-02   2.3654703E-01   1.1202118E-01
   5.0000000E-01   6.8073752E+04   1.7577072E+04   8.5650824E+04   5.5974548E-02   2.6064365E-01   9.7975706E-02
   5.5000000E-01   5.2428532E+04   1.3617876E+04   6.6046408E+04   3.4742384E-02   2.7721634E-01   8.4737232E-02
   6.0000000E-01   4.1518219E+04   1.0270799E+04   5.1789018E+04   1.0565606E-02   3.0081188E-01   6.8126792E-02
   6.5000000E-01   3.4019981E+04   7.8793940E+03   4.1899375E+04   1.0837020E-02   3.2176678E-01   5.1714936E-02
   7.0000000E-01   2.7588373E+04   6.4798798E+03   3.4068252E+04   3.2774954E-02   3.5101872E-01   4.0223889E-02
   7.5000000E-01   2.3075345E+04   4.9571460E+03   2.8032491E+04   5.6222293E-02   3.7737331E-01   2.0452947E-02
   8.0000000E-01   1.9305495E+04   3.8754229E+03   2.3180917E+04   7.7750674E-02   4.0135176E-01   2.4187207E-03
   8.5000000E-01   1.5263895E+04   2.8647890E+03   1.8128684E+04   9.4690670E-02   4.3081401E-01   1.1683145E-02
   9.0000000E-01   1.1505134E+04   1.9523006E+03   1.3457435E+04   1.1647584E-01   4.6148355E-01   3.2630990E-02
   9.5000000E-01   7.5054121E+03   1.1224612E+03   8.6278732E+03   1.3333180E-01   4.9481728E-01   5.1612229E-02
   1.0000000E+00   3.1060757E+03   5.2187102E+02   3.6279468E+03   1.5574096E-01   5.2138703E-01   5.8338607E-02
