   0.0000000E+00   5.8933166E+07   2.9908906E+07   8.8835451E+07   4.3897944E-03   1.9743225E-03   3.5730841E-03
   5.0000000E-02   2.2911373E+07   1.1459220E+07   3.4363335E+07   8.8341937E-04   1.6817800E-04   6.3111483E-04
   1.0000000E-01   1.2354689E+07   6.1783631E+06   1.8529200E+07   5.5839664E-04   3.4123425E-04   4.5483095E-04
   1.5000000E-01   8.5277553E+06   4.2762387E+06   1.2801044E+07   3.2910831E-04   4.0396594E-04   2.7481485E-04
   2.0000000E-01   6.4993627E+06   3.2633130E+06   9.7604315E+06   1.5588553E-04   4.8555704E-04   1.7083393E-04
   2.5000000E-01   5.2311683E+06   2.6084222E+06   7.8380881E+06   2.0380332E-04   6.6368357E-04   2.9163597E-04
   3.0000000E-01   4.3525694E+06   2.1744279E+06   6.5255543E+06   3.9371941E-04   4.6927114E-04   3.9168278E-04
   3.5000000E-01   3.6896117E+06   1.8491440E+06   5.5374734E+06   4.0912191E-04   5.7142584E-04   1.8881799E-04
   4.0000000E-01   3.1900698E+06   1.5941516E+06   4.7833302E+06   1.4813400E-04   6.4843812E-04   1.4500971E-04
   4.5000000E-01   2.7684189E+06   1.3860698E+06   4.1534984E+06   2.1813041E-04   4.5440320E-04   2.9016457E-04
   5.0000000E-01   2.4354017E+06   1.2238569E+06   3.6585902E+06   6.4993445E-04   5.2403832E-04   5.9332270E-04
   5.5000000E-01   2.1465893E+06   1.0697354E+06   3.2156591E+06   1.8499346E-04   2.2519593E-04   5.6653636E-05
   6.0000000E-01   1.8818799E+06   9.4717351E+05   2.8284645E+06   4.9288901E-04   3.0361921E-04   3.5181103E-04
   6.5000000E-01   1.6668762E+06   8.3090633E+05   2.4973369E+06   2.1323990E-04   4.5674782E-04   2.8238889E-04
   7.0000000E-01   1.4588551E+06   7.2685608E+05   2.1853520E+06   9.0241116E-04   4.0568681E-04   7.0637605E-04
   7.5000000E-01   1.2635417E+06   6.3278732E+05   1.8959301E+06   7.5391404E-04   6.8233529E-04   7.0298573E-04
   8.0000000E-01   1.0795002E+06   5.4216529E+05   1.6214188E+06   2.1539555E-04   4.7783179E-04   3.0131125E-04
   8.5000000E-01   8.9620336E+05   4.4769724E+05   1.3437021E+06   5.7432664E-04   5.6372892E-04   5.6633064E-04
   9.0000000E-01   7.1244472E+05   3.5578557E+05   1.0681207E+06   1.4266793E-03   7.2485299E-04   1.1979969E-03
   9.5000000E-01   4.9135654E+05   2.4610715E+05   7.3741344E+05   2.2824987E-03   1.7888151E-03   2.1133671E-03
   1.0000000E+00   2.6528025E+05   1.3307711E+05   3.9833849E+05   5.3464864E-03   4.0709953E-03   4.7257751E-03
