   0.0000000E+00   3.7341060E+07   3.1021718E+07   6.8357175E+07   5.3376341E-03   2.5788661E-04   3.0313148E-03
   5.0000000E-02   2.1900484E+07   1.2387793E+07   3.4275800E+07   9.3865172E-04   2.1026634E-04   5.2641517E-04
   1.0000000E-01   1.3335115E+07   6.7675228E+06   2.0095826E+07   2.2861916E-04   1.7372374E-04   2.0725766E-04
   1.5000000E-01   9.3503741E+06   4.6432075E+06   1.3988064E+07   7.4290050E-05   5.7346766E-05   6.3496885E-05
   2.0000000E-01   7.0993609E+06   3.5150324E+06   1.0610192E+07   7.5522358E-05   2.7058477E-04   8.3345774E-05
   2.5000000E-01   5.6332828E+06   2.7812263E+06   8.4108040E+06   8.7371812E-05   1.3796091E-04   6.2572062E-05
   3.0000000E-01   4.6208091E+06   2.2731994E+06   6.8908149E+06   3.6298493E-04   3.9910234E-04   2.8323601E-04
   3.5000000E-01   3.8612626E+06   1.9009103E+06   5.7600993E+06   3.3299935E-04   5.5829104E-04   3.6614887E-04
   4.0000000E-01   3.2709603E+06   1.6125101E+06   4.8816959E+06   1.8103680E-04   3.6956468E-04   2.2520283E-04
   4.5000000E-01   2.8152246E+06   1.3862113E+06   4.1999292E+06   2.7116748E-04   1.1053563E-04   1.4518769E-04
   5.0000000E-01   2.4243563E+06   1.1929491E+06   3.6163441E+06   4.5038744E-04   4.6050886E-04   3.2049147E-04
   5.5000000E-01   2.0947742E+06   1.0333728E+06   3.1270300E+06   2.7679770E-04   5.8754838E-04   3.3762282E-04
   6.0000000E-01   1.8233586E+06   8.9523594E+05   2.7177722E+06   6.2532470E-04   1.6054238E-03   9.5052171E-04
   6.5000000E-01   1.5839688E+06   7.7988860E+05   2.3632061E+06   5.1065301E-04   3.6409459E-04   4.6290136E-04
   7.0000000E-01   1.3715609E+06   6.7560364E+05   2.0467053E+06   6.8441995E-04   7.7209460E-04   7.1354747E-04
   7.5000000E-01   1.1728361E+06   5.7625124E+05   1.7485271E+06   1.2024321E-03   6.3438404E-04   1.0059377E-03
   8.0000000E-01   9.8949811E+05   4.8841867E+05   1.4776184E+06   1.1597900E-03   9.1060551E-04   1.0728326E-03
   8.5000000E-01   8.2137432E+05   4.0445203E+05   1.2255792E+06   1.9471733E-03   2.5443231E-03   2.1236364E-03
   9.0000000E-01   6.5169705E+05   3.2023036E+05   9.7178947E+05   2.8707106E-03   1.9742724E-03   2.5587929E-03
   9.5000000E-01   4.6219601E+05   2.2757482E+05   6.8971051E+05   4.4114474E-03   4.1132496E-03   4.3106797E-03
   1.0000000E+00   2.7830187E+05   1.3707603E+05   4.1537161E+05   8.7088538E-03   9.8051435E-03   8.9613365E-03
