   0.0000000E+00   2.3906906E+08   1.2459413E+08   3.6359698E+08   1.1573753E-05   3.0499705E-05   1.6635676E-05
   5.0000000E-02   7.7198105E+07   3.8490222E+07   1.1562931E+08   3.2752857E-05   1.5583336E-05   2.6472108E-05
   1.0000000E-01   3.2719869E+07   1.6316310E+07   4.9017558E+07   5.0228157E-05   2.1496606E-05   4.0016130E-05
   1.5000000E-01   1.7938014E+07   8.9598928E+06   2.6888124E+07   7.8266080E-05   2.3567891E-05   5.9159248E-05
   2.0000000E-01   1.0882601E+07   5.4274700E+06   1.6305535E+07   1.2045805E-04   7.3670310E-05   1.0471344E-04
   2.5000000E-01   6.9412818E+06   3.4663055E+06   1.0405334E+07   1.2492539E-04   1.0627189E-04   1.1895814E-04
   3.0000000E-01   4.5915246E+06   2.2974440E+06   6.8877379E+06   1.8518973E-04   2.2319640E-04   1.9806112E-04
   3.5000000E-01   3.0963276E+06   1.5444850E+06   4.6399850E+06   2.1832097E-04   1.6664132E-04   2.0106909E-04
   4.0000000E-01   2.1152567E+06   1.0560726E+06   3.1708041E+06   3.1826775E-04   2.9537256E-04   3.0976712E-04
   4.5000000E-01   1.4684555E+06   7.3059900E+05   2.1988352E+06   4.7522466E-04   5.3893495E-04   4.8935023E-04
   5.0000000E-01   1.0245759E+06   5.1160038E+05   1.5360871E+06   2.8770469E-04   2.7623681E-04   2.8280690E-04
   5.5000000E-01   7.2093138E+05   3.5878154E+05   1.0796550E+06   8.5378476E-04   6.8335201E-04   7.8886877E-04
   6.0000000E-01   5.0594826E+05   2.5445162E+05   7.6039457E+05   9.6197048E-04   7.9876113E-04   9.0734248E-04
   6.5000000E-01   3.5577251E+05   1.7917419E+05   5.3491242E+05   1.1288627E-03   1.0146489E-03   1.0773377E-03
   7.0000000E-01   2.5234698E+05   1.2748766E+05   3.7982555E+05   1.0130918E-03   2.0899053E-03   1.3581701E-03
   7.5000000E-01   1.7880952E+05   8.9763388E+04   2.6856442E+05   1.9388592E-03   1.8345153E-03   1.8995373E-03
   8.0000000E-01   1.2621385E+05   6.1425850E+04   1.8763970E+05   2.7290896E-03   3.6148713E-03   2.9973119E-03
   8.5000000E-01   8.4217306E+04   4.2294022E+04   1.2651133E+05   3.0934409E-03   2.9673835E-03   2.9855754E-03
   9.0000000E-01   5.4498189E+04   2.6999752E+04   8.1494404E+04   4.4625648E-03   3.5969417E-03   4.1623765E-03
   9.5000000E-01   3.0644865E+04   1.5319082E+04   4.5960597E+04   4.6667847E-03   5.5331479E-03   4.8347435E-03
   1.0000000E+00   1.2562630E+04   6.5956952E+03   1.9158325E+04   6.3347023E-03   1.0333742E-02   6.0236607E-03
