   0.0000000E+00   7.0659702E+06   2.0206566E+08   2.0897630E+08   6.7456074E-05   2.9312814E-06   1.1643348E-06
   5.0000000E-02   7.0285369E+06   6.1900769E+07   6.8787276E+07   7.1771419E-05   2.0468413E-06   6.2387909E-06
   1.0000000E-01   7.0541290E+06   2.2357418E+07   2.9354315E+07   5.2373118E-05   4.8492503E-06   1.3486084E-05
   1.5000000E-01   7.0922414E+06   1.0045733E+07   1.7099268E+07   5.7747936E-06   9.0594228E-06   4.9633933E-06
   2.0000000E-01   7.1405184E+06   4.8500877E+06   1.1966176E+07   3.0532854E-05   1.4068339E-05   1.8247221E-05
   2.5000000E-01   7.0825096E+06   2.4357072E+06   9.5011045E+06   2.7018325E-05   9.6174199E-06   1.8119689E-05
   3.0000000E-01   6.8735094E+06   1.2554779E+06   8.1136553E+06   1.9953714E-05   2.6846596E-05   1.8990331E-05
   3.5000000E-01   6.4607267E+06   6.4954315E+05   7.0967735E+06   2.2417960E-05   9.7692132E-05   2.7337278E-05
   4.0000000E-01   5.8029006E+06   3.3912735E+05   6.1308314E+06   1.3303186E-05   1.6655062E-04   2.1937119E-05
   4.5000000E-01   4.9124057E+06   1.7901748E+05   5.0833240E+06   1.8682820E-05   1.4472557E-04   2.3178276E-05
   5.0000000E-01   3.8915230E+06   9.4652628E+04   3.9817766E+06   2.2359693E-05   2.2425349E-04   2.7077334E-05
   5.5000000E-01   2.8679316E+06   5.1045331E+04   2.9157301E+06   3.2326482E-05   6.2729099E-04   4.0982036E-05
   6.0000000E-01   1.9714576E+06   2.7151833E+04   1.9968693E+06   1.9743834E-05   7.6135062E-04   2.9619352E-05
   6.5000000E-01   1.2913636E+06   1.4759785E+04   1.3055651E+06   4.7486071E-05   9.9874671E-04   5.6299982E-05
   7.0000000E-01   8.0060848E+05   8.0441456E+03   8.0825246E+05   2.6639209E-05   2.2798029E-03   4.9075408E-05
   7.5000000E-01   4.8556688E+05   4.3502351E+03   4.8976857E+05   7.2345057E-05   2.8382694E-03   9.3781057E-05
   8.0000000E-01   2.8832509E+05   2.2759157E+03   2.9055326E+05   6.7294562E-05   2.2678176E-03   8.0021248E-05
   8.5000000E-01   1.6525900E+05   1.2620051E+03   1.6650228E+05   1.2621145E-04   5.3290738E-03   1.6565975E-04
   9.0000000E-01   8.9678505E+04   5.4112681E+02   9.0216095E+04   1.0687144E-04   4.1065402E-06   1.0623941E-04
   9.5000000E-01   4.2482643E+04   2.6805043E+02   4.2747342E+04   1.4688392E-04   4.5072823E-02   3.7618528E-04
   1.0000000E+00   1.6813050E+04   1.3203966E+02   1.6945089E+04   3.4586705E-04   4.0151375E-02   2.7758717E-04
