   0.0000000E+00   8.2237014E+07   4.2680517E+07   1.2489512E+08   3.5466885E-03   2.3524174E-03   3.1381764E-03
   5.0000000E-02   3.1622623E+07   1.5931091E+07   4.7529077E+07   7.7245268E-04   9.2670793E-04   8.2164935E-04
   1.0000000E-01   1.6351420E+07   8.1682455E+06   2.4506137E+07   3.2345379E-04   2.7034585E-04   2.7947073E-04
   1.5000000E-01   1.0735744E+07   5.3628637E+06   1.6088994E+07   1.7561313E-04   6.0997074E-04   2.7189604E-04
   2.0000000E-01   7.7876424E+06   3.9057578E+06   1.1686206E+07   3.1323021E-04   2.8426003E-04   2.5393217E-04
   2.5000000E-01   5.9886949E+06   3.0086014E+06   8.9927890E+06   3.5357839E-04   4.2062866E-04   3.7650181E-04
   3.0000000E-01   4.7449924E+06   2.3851809E+06   7.1262262E+06   1.2092013E-04   2.9529979E-04   1.5798899E-04
   3.5000000E-01   3.8533594E+06   1.9316044E+06   5.7823446E+06   2.4975935E-04   1.2272449E-04   1.3602319E-04
   4.0000000E-01   3.1782446E+06   1.5898544E+06   4.7658709E+06   1.1695527E-04   4.4420682E-04   1.9665942E-04
   4.5000000E-01   2.6610636E+06   1.3268783E+06   3.9861452E+06   1.8001221E-04   2.7109775E-04   1.5310513E-04
   5.0000000E-01   2.2361715E+06   1.1216795E+06   3.3567178E+06   1.5231595E-04   4.5703074E-04   2.6092707E-04
   5.5000000E-01   1.8903845E+06   9.4532249E+05   2.8345437E+06   4.7088867E-04   5.9174787E-04   5.0674331E-04
   6.0000000E-01   1.6034436E+06   8.0343537E+05   2.4060567E+06   2.6423099E-04   7.1710435E-04   2.0233248E-04
   6.5000000E-01   1.3538013E+06   6.7694719E+05   2.0301315E+06   7.8389151E-04   2.5786361E-04   5.7202575E-04
   7.0000000E-01   1.1476436E+06   5.7276226E+05   1.7198874E+06   1.1840168E-03   1.0102747E-03   1.1159115E-03
   7.5000000E-01   9.5848624E+05   4.8278697E+05   1.4408615E+06   1.0723106E-03   9.8413582E-04   1.0418441E-03
   8.0000000E-01   7.9557179E+05   3.9851204E+05   1.1937695E+06   8.5497368E-04   8.9020204E-04   8.7284898E-04
   8.5000000E-01   6.3878428E+05   3.1915996E+05   9.5770457E+05   1.4640044E-03   1.7745809E-03   1.5680930E-03
   9.0000000E-01   4.9053322E+05   2.4529667E+05   7.3574147E+05   2.5280136E-03   2.5918981E-03   2.5287704E-03
   9.5000000E-01   3.3614194E+05   1.6867073E+05   5.0475571E+05   3.1527076E-03   4.1416617E-03   3.4889783E-03
   1.0000000E+00   1.8388723E+05   9.2987356E+04   2.7685572E+05   7.5188840E-03   9.5601673E-03   8.1921654E-03
