   0.0000000E+00   5.5568757E+07   4.3601834E+07   9.9141052E+07   1.5668983E-03   8.3792557E-05   9.1361380E-04
   5.0000000E-02   3.0705318E+07   1.7105719E+07   4.7775194E+07   3.2382311E-04   1.2103186E-04   2.4931932E-04
   1.0000000E-01   1.7572552E+07   8.8691957E+06   2.6420198E+07   2.2484847E-04   9.0595595E-05   1.2462063E-04
   1.5000000E-01   1.1752850E+07   5.8406257E+06   1.7577900E+07   5.6709901E-05   5.4322134E-05   5.6295434E-05
   2.0000000E-01   8.5097761E+06   4.1950537E+06   1.2693912E+07   1.4659073E-04   2.3183090E-04   1.7520440E-04
   2.5000000E-01   6.4618307E+06   3.1589455E+06   9.6134551E+06   2.3469774E-04   5.8527081E-05   1.7142284E-04
   3.0000000E-01   5.0340815E+06   2.4763342E+06   7.5041662E+06   2.2187730E-04   9.2543481E-05   1.7663778E-04
   3.5000000E-01   4.0223547E+06   1.9592974E+06   5.9770957E+06   2.5392449E-04   2.4251703E-05   1.7762511E-04
   4.0000000E-01   3.2625172E+06   1.5959262E+06   4.8554910E+06   3.1486019E-04   1.5726718E-04   2.4020599E-04
   4.5000000E-01   2.6679744E+06   1.3063650E+06   3.9719556E+06   3.1487236E-04   4.3552755E-04   3.3580276E-04
   5.0000000E-01   2.2028954E+06   1.0787522E+06   3.2801133E+06   2.3610907E-04   2.9049766E-04   2.4213589E-04
   5.5000000E-01   1.8261438E+06   8.9102461E+05   2.7156521E+06   6.7735758E-04   6.1084303E-04   5.8097726E-04
   6.0000000E-01   1.5178925E+06   7.4648443E+05   2.2633424E+06   4.6380461E-04   6.3528450E-04   5.0820950E-04
   6.5000000E-01   1.2675345E+06   6.1771217E+05   1.8845561E+06   8.7274390E-04   7.7631063E-04   8.3673269E-04
   7.0000000E-01   1.0552928E+06   5.1395224E+05   1.5686084E+06   5.4827128E-04   1.1620370E-03   7.4705433E-04
   7.5000000E-01   8.7219880E+05   4.2621694E+05   1.2979234E+06   1.1084528E-03   9.6397810E-04   1.0452593E-03
   8.0000000E-01   7.0795302E+05   3.4731985E+05   1.0548869E+06   1.5049771E-03   2.9222845E-03   1.9647090E-03
   8.5000000E-01   5.6433721E+05   2.7710561E+05   8.4124435E+05   2.4406977E-03   2.1650028E-03   2.3487900E-03
   9.0000000E-01   4.3487850E+05   2.1058321E+05   6.4534854E+05   4.0019691E-03   3.7558755E-03   3.9180002E-03
   9.5000000E-01   3.0398594E+05   1.4815482E+05   4.5208380E+05   6.0095001E-03   5.7720028E-03   5.9218189E-03
   1.0000000E+00   1.8168028E+05   8.9428573E+04   2.7109628E+05   1.2528570E-02   1.2996429E-02   1.2592323E-02
