   0.0000000E+00   1.0356938E+08   5.2754898E+07   1.5631154E+08   5.6556554E-04   4.5368860E-04   5.2127043E-04
   5.0000000E-02   3.5941388E+07   1.8026844E+07   5.3955563E+07   1.0113245E-04   1.0468932E-04   9.9753358E-05
   1.0000000E-01   1.7805268E+07   8.8894084E+06   2.6688470E+07   9.9092201E-05   6.6222309E-05   6.8854128E-05
   1.5000000E-01   1.1429574E+07   5.7284108E+06   1.7153783E+07   1.1220917E-04   3.3417522E-05   8.2641330E-05
   2.0000000E-01   8.1333587E+06   4.0675706E+06   1.2198096E+07   1.0890166E-04   1.3539950E-05   7.6050077E-05
   2.5000000E-01   6.1345063E+06   3.0684436E+06   9.2009892E+06   1.0781147E-04   6.1141615E-05   8.8939722E-05
   3.0000000E-01   4.7862560E+06   2.4042052E+06   7.1888802E+06   1.6099668E-04   2.0846435E-04   7.2317522E-05
   3.5000000E-01   3.8274126E+06   1.9191085E+06   5.7453116E+06   1.8246753E-04   2.0287376E-04   1.5267051E-04
   4.0000000E-01   3.1273548E+06   1.5687187E+06   4.6951663E+06   2.0101218E-04   1.5425333E-04   1.2470446E-04
   4.5000000E-01   2.5742923E+06   1.2898624E+06   3.8635393E+06   1.1218913E-04   1.7659263E-04   1.0678143E-04
   5.0000000E-01   2.1379538E+06   1.0749261E+06   3.2123897E+06   6.4342763E-05   2.5060195E-04   1.1724664E-04
   5.5000000E-01   1.7838896E+06   8.9432924E+05   2.6778253E+06   7.5097426E-05   2.7342342E-04   1.2423279E-04
   6.0000000E-01   1.4940246E+06   7.5281349E+05   2.2464561E+06   2.0210277E-04   5.1353392E-05   1.2964929E-04
   6.5000000E-01   1.2578774E+06   6.2736430E+05   1.8849822E+06   2.3559860E-04   4.3910461E-04   3.0076701E-04
   7.0000000E-01   1.0472759E+06   5.2346061E+05   1.5705728E+06   5.2759991E-04   4.6406903E-04   5.0541429E-04
   7.5000000E-01   8.6602359E+05   4.3658111E+05   1.3024349E+06   6.2554534E-04   3.9880359E-04   3.2704224E-04
   8.0000000E-01   7.0694238E+05   3.5517813E+05   1.0620409E+06   6.3478212E-04   3.0740670E-04   3.3750654E-04
   8.5000000E-01   5.6503750E+05   2.8155820E+05   8.4653578E+05   6.3723524E-04   1.9470413E-04   4.4005463E-04
   9.0000000E-01   4.2425403E+05   2.1207927E+05   6.3629085E+05   2.4569214E-04   1.5187401E-03   6.0533013E-04
   9.5000000E-01   2.8081298E+05   1.3969448E+05   4.2048736E+05   8.3295510E-04   8.4884188E-04   8.2797342E-04
   1.0000000E+00   1.3955963E+05   7.0006168E+04   2.0955951E+05   8.9784959E-04   4.3525756E-03   2.0514671E-03
