   0.0000000E+00   3.2158430E+09   1.6553250E+09   4.6521346E+09   6.7400876E-05   9.4369992E-07   4.5327412E-05
   5.0000000E-02   4.6371384E+05   1.1013522E+05   5.7372174E+05   1.8446120E-01   4.5596980E-03   1.4991967E-01
   1.0000000E-01   2.1406340E+05   5.1311554E+04   2.6537495E+05   1.9550817E-01   3.4725237E-03   1.5837703E-01
   1.5000000E-01   1.3163175E+05   3.1767327E+04   1.6337785E+05   2.0536326E-01   4.0505118E-03   1.6624653E-01
   2.0000000E-01   9.2739585E+04   2.2886481E+04   1.1562607E+05   2.1436735E-01   3.6160452E-03   1.7265222E-01
   2.5000000E-01   6.7468963E+04   1.5609917E+04   8.3078880E+04   2.2446622E-01   2.8313486E-03   1.8282264E-01
   3.0000000E-01   5.0674934E+04   1.2021503E+04   6.2696437E+04   2.2920214E-01   1.5986141E-03   1.8556112E-01
   3.5000000E-01   3.9324913E+04   1.0022214E+04   4.9347127E+04   2.3396114E-01   1.6975920E-03   1.8678930E-01
   4.0000000E-01   3.1655918E+04   7.1699302E+03   3.8825848E+04   2.4133044E-01   1.3855556E-03   1.9702006E-01
   4.5000000E-01   2.5266731E+04   5.7295780E+03   3.0996309E+04   2.4261421E-01   3.1962214E-03   1.9835838E-01
   5.0000000E-01   2.0881129E+04   4.4754370E+03   2.5356566E+04   2.4974238E-01   7.1883730E-04   2.0578707E-01
   5.5000000E-01   1.7130859E+04   3.5477084E+03   2.0678568E+04   2.4609615E-01   5.1274353E-04   2.0396275E-01
   6.0000000E-01   1.4117043E+04   2.7746012E+03   1.6891645E+04   2.4048650E-01   3.5858569E-06   2.0098389E-01
   6.5000000E-01   1.1013522E+04   2.4289493E+03   1.3442471E+04   2.4594993E-01   1.1955044E-06   2.0150849E-01
   7.0000000E-01   9.6129586E+03   1.7052315E+03   1.1318190E+04   2.3515992E-01   4.0695624E-04   1.9979008E-01
   7.5000000E-01   7.6564138E+03   1.4939344E+03   9.1503482E+03   2.3209691E-01   1.7742402E-06   1.9420382E-01
   8.0000000E-01   6.2786625E+03   1.0663381E+03   7.3450006E+03   2.2065664E-01   7.5668139E-06   1.8862308E-01
   8.5000000E-01   4.7072415E+03   6.9279211E+02   5.4000336E+03   2.2128886E-01   1.9698711E-05   1.9289629E-01
   9.0000000E-01   3.6039753E+03   5.6234747E+02   4.1663227E+03   2.0792137E-01   1.2848881E-05   1.7985902E-01
   9.5000000E-01   2.5029209E+03   3.1495926E+02   2.8178802E+03   2.0424223E-01   3.0069049E-05   1.8141036E-01
   1.0000000E+00   1.1506313E+03   1.1946445E+02   1.2700957E+03   1.6556097E-01   5.9479136E-05   1.4999400E-01
