   0.0000000E+00   3.9573915E+08   5.5118336E+08   9.4091027E+08   1.8214524E-02   1.3594432E-04   7.6798448E-03
   5.0000000E-02   2.0028886E+07   8.5806796E+06   2.8572259E+07   1.4109110E-01   3.4926865E-03   9.9820315E-02
   1.0000000E-01   1.0830080E+07   4.4164542E+06   1.5224284E+07   1.2496737E-01   3.9789826E-03   8.9931306E-02
   1.5000000E-01   7.5917332E+06   3.0149676E+06   1.0590509E+07   1.1601113E-01   4.4417665E-03   8.4307552E-02
   2.0000000E-01   5.8142961E+06   2.2917357E+06   8.0931403E+06   1.0992214E-01   5.3015754E-03   8.0374836E-02
   2.5000000E-01   4.7085162E+06   1.8287412E+06   6.5280392E+06   1.0557121E-01   6.1901899E-03   7.7773066E-02
   3.0000000E-01   3.9318910E+06   1.5061893E+06   5.4295815E+06   1.0368725E-01   6.8671882E-03   7.6934978E-02
   3.5000000E-01   3.3534310E+06   1.2801150E+06   4.6257884E+06   1.0264725E-01   7.3959308E-03   7.6377393E-02
   4.0000000E-01   2.8937472E+06   1.0906888E+06   3.9782051E+06   1.0271195E-01   8.7392933E-03   7.6996012E-02
   4.5000000E-01   2.5224785E+06   9.4453154E+05   3.4613654E+06   1.0364925E-01   9.4915975E-03   7.8017760E-02
   5.0000000E-01   2.2052318E+06   8.2340401E+05   3.0248988E+06   1.0487517E-01   1.0316500E-02   7.9198894E-02
   5.5000000E-01   1.9338194E+06   7.2272549E+05   2.6529798E+06   1.0775173E-01   1.1273497E-02   8.1513937E-02
   6.0000000E-01   1.7010586E+06   6.3530940E+05   2.3329515E+06   1.1098093E-01   1.3136174E-02   8.4384783E-02
   6.5000000E-01   1.4942299E+06   5.5461335E+05   2.0461988E+06   1.1578681E-01   1.4297144E-02   8.8333451E-02
   7.0000000E-01   1.3040747E+06   4.8500423E+05   1.7867825E+06   1.2053583E-01   1.6170882E-02   9.2263753E-02
   7.5000000E-01   1.1281497E+06   4.1801303E+05   1.5444311E+06   1.2703795E-01   1.7705659E-02   9.7509960E-02
   8.0000000E-01   9.6299881E+05   3.5694873E+05   1.3184953E+06   1.3557680E-01   1.9804200E-02   1.0430265E-01
   8.5000000E-01   8.0824123E+05   2.9678839E+05   1.1040635E+06   1.4364121E-01   2.2272733E-02   1.1109288E-01
   9.0000000E-01   6.4339977E+05   2.3891279E+05   8.8174668E+05   1.5600263E-01   2.5861137E-02   1.2077815E-01
   9.5000000E-01   4.5928431E+05   1.6768900E+05   6.2661144E+05   1.7179969E-01   2.9649214E-02   1.3379106E-01
   1.0000000E+00   2.2695731E+05   8.0506465E+04   3.0739461E+05   1.8915282E-01   3.7693916E-02   1.4950133E-01
