   0.0000000E+00   1.4569527E+08   8.2962252E+07   2.2853631E+08   4.3097676E-04   7.3244624E-05   2.9629167E-04
   5.0000000E-02   5.7957227E+07   2.9447484E+07   8.7269748E+07   1.1717310E-04   9.7196288E-05   1.0925886E-04
   1.0000000E-01   2.7562485E+07   1.3698179E+07   4.1210021E+07   7.3150104E-05   5.1396841E-05   6.5339098E-05
   1.5000000E-01   1.6307546E+07   8.0981006E+06   2.4373073E+07   2.0447144E-05   8.4488066E-05   4.1734441E-05
   2.0000000E-01   1.0619104E+07   5.2532431E+06   1.5853694E+07   2.2606776E-05   5.5455935E-05   2.4249137E-05
   2.5000000E-01   7.2606994E+06   3.6050886E+06   1.0855488E+07   6.2537710E-05   1.0682523E-04   8.3831407E-06
   3.0000000E-01   5.1034200E+06   2.5377043E+06   7.6342594E+06   7.3103604E-05   1.3154394E-04   9.1967099E-05
   3.5000000E-01   3.6820360E+06   1.8269532E+06   5.5052422E+06   9.8886622E-05   1.2304385E-04   9.1150325E-05
   4.0000000E-01   2.6941669E+06   1.3339253E+06   4.0256174E+06   1.0605094E-04   2.1778679E-04   9.2854637E-05
   4.5000000E-01   1.9855888E+06   9.9060866E+05   2.9747757E+06   1.8209289E-04   1.0394143E-04   1.4397329E-04
   5.0000000E-01   1.4835278E+06   7.3076947E+05   2.2135715E+06   2.4600084E-04   3.0431493E-04   2.2859427E-04
   5.5000000E-01   1.1106642E+06   5.5474468E+05   1.6648302E+06   1.3053661E-04   6.3469665E-05   1.0602021E-04
   6.0000000E-01   8.3335120E+05   4.1230149E+05   1.2452707E+06   2.7478250E-04   3.3970638E-04   2.9237185E-04
   6.5000000E-01   6.3337791E+05   3.1224731E+05   9.4542933E+05   8.0532467E-04   2.6675069E-04   6.0299397E-04
   7.0000000E-01   4.7756487E+05   2.3678618E+05   7.1420099E+05   4.6042560E-04   6.3198591E-04   3.4950244E-04
   7.5000000E-01   3.5596807E+05   1.7629275E+05   5.3216744E+05   4.1040901E-04   8.1992032E-04   5.3712854E-04
   8.0000000E-01   2.6238284E+05   1.3215033E+05   3.9449338E+05   8.3053956E-04   8.7948749E-04   5.4528796E-04
   8.5000000E-01   1.9034931E+05   9.5170911E+04   2.8549775E+05   1.1278051E-03   1.7195152E-03   1.2861188E-03
   9.0000000E-01   1.3267156E+05   6.6173089E+04   1.9883050E+05   2.1764063E-03   9.8754554E-04   1.7865278E-03
   9.5000000E-01   8.1922913E+04   4.0606290E+04   1.2252585E+05   3.3271105E-03   3.8304199E-03   3.4926808E-03
   1.0000000E+00   4.2661384E+04   2.0591899E+04   6.3253283E+04   7.8424710E-03   7.1029111E-03   7.5401796E-03
