   0.0000000E+00   1.6733525E+08   1.0303360E+08   2.7019824E+08   2.2545964E-05   1.8876511E-05   1.2630969E-05
   5.0000000E-02   7.0124114E+07   3.5594430E+07   1.0551419E+08   8.1364031E-06   8.7919277E-06   6.5383367E-06
   1.0000000E-01   3.2291806E+07   1.5888342E+07   4.8106905E+07   9.2319981E-06   1.4761359E-05   1.0016421E-05
   1.5000000E-01   1.8296495E+07   9.0007638E+06   2.7253926E+07   3.5850298E-05   1.7575151E-05   2.8685590E-05
   2.0000000E-01   1.1294526E+07   5.5591867E+06   1.6831893E+07   2.4530582E-05   2.5250530E-05   2.4510801E-05
   2.5000000E-01   7.3305876E+06   3.6165223E+06   1.0936020E+07   4.2294207E-05   3.2228832E-05   2.3790771E-05
   3.0000000E-01   4.9108213E+06   2.4190066E+06   7.3236951E+06   6.2396455E-05   1.0158248E-04   6.8568997E-05
   3.5000000E-01   3.3390616E+06   1.6513098E+06   4.9872429E+06   8.3316351E-05   3.2071274E-05   6.3979686E-05
   4.0000000E-01   2.3091393E+06   1.1405362E+06   3.4477735E+06   1.0753479E-04   1.5629178E-04   1.1234615E-04
   4.5000000E-01   1.6173467E+06   7.9451562E+05   2.4109003E+06   6.0943246E-05   1.1853391E-04   7.7601124E-05
   5.0000000E-01   1.1372894E+06   5.5986889E+05   1.6966172E+06   2.4102515E-04   1.0552789E-04   1.7835761E-04
   5.5000000E-01   8.0501149E+05   3.9620321E+05   1.2009543E+06   2.1632611E-04   3.5935246E-04   1.7321153E-04
   6.0000000E-01   5.7276150E+05   2.8097214E+05   8.5360101E+05   1.9260937E-04   2.9837946E-04   4.1768238E-05
   6.5000000E-01   4.0709876E+05   2.0203863E+05   6.0906393E+05   2.5632589E-04   4.3280398E-04   2.9833583E-04
   7.0000000E-01   2.8983934E+05   1.4323035E+05   4.3300603E+05   4.3090267E-04   9.6685229E-04   6.0619148E-04
   7.5000000E-01   2.0714759E+05   1.0177853E+05   3.0890065E+05   4.5706664E-04   6.7843974E-04   4.5625575E-04
   8.0000000E-01   1.4485885E+05   7.1949971E+04   2.1680086E+05   1.3073203E-03   6.9330482E-04   1.0937175E-03
   8.5000000E-01   9.9960539E+04   4.9229433E+04   1.4918623E+05   1.6874147E-03   8.5385223E-04   1.2981063E-03
   9.0000000E-01   6.4924606E+04   3.2545417E+04   9.7459414E+04   1.7594295E-03   2.7339835E-03   2.0267789E-03
   9.5000000E-01   3.8173732E+04   1.8666362E+04   5.6840094E+04   4.4331537E-03   3.5423260E-03   4.0454425E-03
   1.0000000E+00   1.8781069E+04   9.5005677E+03   2.8281637E+04   3.4367128E-03   8.9677195E-03   5.2917692E-03
