   0.0000000E+00   2.3898732E+09   1.4247790E+09   3.6923005E+09   2.1084731E-03   3.9362047E-06   1.3319488E-03
   5.0000000E-02   1.1408863E+07   3.1282222E+06   1.4523843E+07   1.8051080E-01   4.7417472E-04   1.4176764E-01
   1.0000000E-01   5.3833841E+06   1.4590689E+06   6.8371054E+06   1.8718342E-01   5.3008695E-04   1.4739317E-01
   1.5000000E-01   3.3786685E+06   9.2273792E+05   4.2982445E+06   1.9355465E-01   5.2065429E-04   1.5215882E-01
   2.0000000E-01   2.3887884E+06   6.4483217E+05   3.0315834E+06   1.9926152E-01   4.7660191E-04   1.5702391E-01
   2.5000000E-01   1.7657159E+06   4.7982032E+05   2.2439956E+06   2.0624901E-01   3.3583220E-04   1.6226375E-01
   3.0000000E-01   1.3675123E+06   3.7167984E+05   1.7381524E+06   2.1154117E-01   4.2768278E-04   1.6642735E-01
   3.5000000E-01   1.0892746E+06   2.9570988E+05   1.3843115E+06   2.1692940E-01   6.0259426E-04   1.7076586E-01
   4.0000000E-01   8.7983240E+05   2.3885178E+05   1.1181351E+06   2.2424856E-01   4.3516733E-04   1.7647258E-01
   4.5000000E-01   7.1329001E+05   1.9236527E+05   9.0523795E+05   2.2958818E-01   3.6741824E-04   1.8091498E-01
   5.0000000E-01   5.8723081E+05   1.5637291E+05   7.4329815E+05   2.3594820E-01   3.4515418E-04   1.8642070E-01
   5.5000000E-01   4.8277771E+05   1.2983571E+05   6.1239928E+05   2.4186104E-01   5.6636026E-04   1.9074370E-01
   6.0000000E-01   3.9901736E+05   1.0553034E+05   5.0439385E+05   2.4824353E-01   6.2648057E-04   1.9645668E-01
   6.5000000E-01   3.3020978E+05   8.5052402E+04   4.1516914E+05   2.5446279E-01   8.4012755E-04   2.0251355E-01
   7.0000000E-01   2.7207310E+05   7.0864875E+04   3.4283794E+05   2.6100723E-01   7.3928125E-04   2.0721863E-01
   7.5000000E-01   2.2247739E+05   5.6994446E+04   2.7939120E+05   2.6746632E-01   6.6869605E-04   2.1306727E-01
   8.0000000E-01   1.7728269E+05   4.4770285E+04   2.2199329E+05   2.7464361E-01   7.5299948E-04   2.1944083E-01
   8.5000000E-01   1.4015372E+05   3.4089116E+04   1.7421287E+05   2.8236193E-01   8.9690407E-04   2.2731590E-01
   9.0000000E-01   1.0347193E+05   2.5457717E+04   1.2892258E+05   2.8928374E-01   8.5529519E-04   2.3233513E-01
   9.5000000E-01   6.7431436E+04   1.5995909E+04   8.3427346E+04   2.9836269E-01   1.6067552E-03   2.4147531E-01
   1.0000000E+00   3.0595475E+04   6.8534869E+03   3.7448962E+04   3.0920566E-01   3.4492330E-04   2.5267942E-01
