   0.0000000E+00   7.8770747E+07   5.9616641E+07   1.3829215E+08   1.1483406E-01   2.7997144E-06   6.5355754E-02
   5.0000000E-02   2.9605493E+07   1.3716419E+07   4.3254112E+07   1.0396253E-01   7.3830894E-06   7.1069380E-02
   1.0000000E-01   1.5653398E+07   7.3038750E+06   2.2923659E+07   7.7191559E-02   3.4194320E-06   5.2643748E-02
   1.5000000E-01   1.0447228E+07   4.9240630E+06   1.5344913E+07   6.1101101E-02   3.2072512E-06   4.1511626E-02
   2.0000000E-01   7.6864676E+06   3.6678530E+06   1.1334904E+07   5.1800430E-02   8.1134562E-06   3.5089546E-02
   2.5000000E-01   5.9421198E+06   2.8728358E+06   8.8006317E+06   4.5114492E-02   5.5715666E-06   3.0408109E-02
   3.0000000E-01   4.7523560E+06   2.3220070E+06   7.0633494E+06   4.0389393E-02   2.3083521E-06   2.7128871E-02
   3.5000000E-01   3.8797883E+06   1.9108779E+06   5.7813624E+06   3.6900932E-02   4.3730490E-06   2.4725063E-02
   4.0000000E-01   3.2248850E+06   1.6034065E+06   4.8208748E+06   3.4285559E-02   1.1328310E-05   2.2905895E-02
   4.5000000E-01   2.6990273E+06   1.3473350E+06   4.0408520E+06   3.3492819E-02   4.6377673E-06   2.2337665E-02
   5.0000000E-01   2.2766351E+06   1.1470615E+06   3.4196477E+06   3.3387121E-02   4.4507372E-06   2.2202461E-02
   5.5000000E-01   1.9201668E+06   9.8254738E+05   2.8990507E+06   3.2698632E-02   6.8881428E-06   2.1633679E-02
   6.0000000E-01   1.6314071E+06   8.3645472E+05   2.4649387E+06   3.3901960E-02   5.6126869E-06   2.2411288E-02
   6.5000000E-01   1.3862738E+06   7.1434615E+05   2.0985191E+06   3.4691983E-02   1.0454415E-05   2.2924267E-02
   7.0000000E-01   1.1691158E+06   6.0680323E+05   1.7741547E+06   3.7109718E-02   2.5429753E-06   2.4442312E-02
   7.5000000E-01   9.8325075E+05   5.1452883E+05   1.4964342E+06   4.0073166E-02   3.5144908E-06   2.6313749E-02
   8.0000000E-01   8.1506827E+05   4.3086824E+05   1.2449816E+06   4.3661993E-02   5.9511013E-06   2.8566103E-02
   8.5000000E-01   6.6256016E+05   3.4960537E+05   1.0114690E+06   4.9793095E-02   5.6021359E-06   3.2585123E-02
   9.0000000E-01   5.2244909E+05   2.7743890E+05   7.9947065E+05   5.7251404E-02   7.0439843E-06   3.7393514E-02
   9.5000000E-01   3.7282129E+05   1.9812948E+05   5.7072292E+05   7.0362067E-02   1.2402872E-05   4.5946327E-02
   1.0000000E+00   2.1594771E+05   1.0653085E+05   3.2244713E+05   9.1883612E-02   6.1763904E-06   6.1529652E-02
