   0.0000000E+00   1.0163813E+08   5.3174048E+07   1.5478111E+08   1.8606368E-03   1.2087679E-03   1.6360728E-03
   5.0000000E-02   3.8468450E+07   1.9420022E+07   5.7848047E+07   4.6384750E-04   4.1357968E-04   4.4466946E-04
   1.0000000E-01   1.9255552E+07   9.6387735E+06   2.8877455E+07   1.6145240E-04   4.1438375E-04   2.4335473E-04
   1.5000000E-01   1.2263037E+07   6.1304574E+06   1.8380062E+07   1.2380467E-04   1.3038044E-04   1.0520070E-04
   2.0000000E-01   8.6295083E+06   4.3157568E+06   1.2936480E+07   1.8789069E-04   1.7310501E-04   6.9584561E-05
   2.5000000E-01   6.4270204E+06   3.1968117E+06   9.6175804E+06   1.6845296E-04   1.1207773E-04   1.5071773E-04
   3.0000000E-01   4.9390235E+06   2.4729071E+06   7.4072302E+06   1.6540332E-04   1.3551854E-04   9.4971420E-05
   3.5000000E-01   3.8898196E+06   1.9387891E+06   5.8254256E+06   1.0512969E-04   2.6983982E-04   4.1172257E-05
   4.0000000E-01   3.1185217E+06   1.5567184E+06   4.6728926E+06   1.3264945E-04   1.4707530E-04   1.3711011E-04
   4.5000000E-01   2.5177817E+06   1.2631031E+06   3.7793711E+06   1.4329565E-04   6.8612214E-04   3.2644523E-04
   5.0000000E-01   2.0557344E+06   1.0311267E+06   3.0860143E+06   1.5586073E-04   1.9419867E-04   1.4913181E-04
   5.5000000E-01   1.6938369E+06   8.4840581E+05   2.5413167E+06   5.8038370E-04   5.4868933E-04   5.4271811E-04
   6.0000000E-01   1.3956032E+06   6.9457339E+05   2.0894391E+06   1.0688845E-04   7.1035304E-04   2.9790053E-04
   6.5000000E-01   1.1459450E+06   5.7258562E+05   1.7180360E+06   5.7675793E-04   8.3816000E-04   6.4605849E-04
   7.0000000E-01   9.4485742E+05   4.7478193E+05   1.4192301E+06   6.7421070E-04   9.4994250E-04   7.5963110E-04
   7.5000000E-01   7.7051364E+05   3.8493851E+05   1.1551720E+06   7.8834002E-04   8.1953819E-04   7.8367448E-04
   8.0000000E-01   6.2020692E+05   3.0949668E+05   9.2953251E+05   8.3106630E-04   1.6368636E-03   1.0631851E-03
   8.5000000E-01   4.8743729E+05   2.4394895E+05   7.3128888E+05   1.3830399E-03   1.7222283E-03   1.4919171E-03
   9.0000000E-01   3.6622613E+05   1.8247645E+05   5.4865660E+05   1.4905338E-03   2.8393135E-03   1.9411646E-03
   9.5000000E-01   2.4484732E+05   1.2056238E+05   3.6538624E+05   2.5905466E-03   4.2296410E-03   3.1285039E-03
   1.0000000E+00   1.3282561E+05   6.5290466E+04   1.9811607E+05   8.2853509E-03   5.4445425E-03   7.2866825E-03
