   0.0000000E+00   1.0395390E+08   1.3606704E+08   2.3990329E+08   3.4429963E-06   6.1864056E-06   4.9930193E-06
   5.0000000E-02   6.6559361E+07   4.2105331E+07   1.0848746E+08   3.7650744E-06   1.1434276E-05   2.4325827E-06
   1.0000000E-01   3.6406948E+07   1.7510545E+07   5.3836356E+07   1.7214113E-05   1.0591061E-05   1.3419135E-05
   1.5000000E-01   2.0981354E+07   9.4248374E+06   3.0365638E+07   1.6504051E-05   1.7532752E-05   1.4818314E-05
   2.0000000E-01   1.2708856E+07   5.5599347E+06   1.8249533E+07   3.6807560E-05   2.1086640E-05   3.1935999E-05
   2.5000000E-01   7.9360384E+06   3.4370210E+06   1.1364172E+07   3.0992533E-05   3.9829391E-05   3.2799341E-05
   3.0000000E-01   5.0673236E+06   2.1959350E+06   7.2587599E+06   1.1134486E-04   9.0295644E-05   1.0465236E-04
   3.5000000E-01   3.2974903E+06   1.4154240E+06   4.7107499E+06   8.6140526E-05   1.4815461E-04   1.0454467E-04
   4.0000000E-01   2.1731812E+06   9.3615733E+05   3.1081448E+06   1.9002495E-04   9.5542335E-05   1.6048423E-04
   4.5000000E-01   1.4351249E+06   6.1617720E+05   2.0507150E+06   1.4441592E-04   1.2333152E-04   1.3833879E-04
   5.0000000E-01   9.5848836E+05   4.1103356E+05   1.3692291E+06   2.3326388E-04   2.6283506E-04   2.4195191E-04
   5.5000000E-01   6.4487268E+05   2.7492714E+05   9.1967829E+05   2.9133376E-04   4.0490334E-04   3.2168943E-04
   6.0000000E-01   4.3820130E+05   1.8630147E+05   6.2444972E+05   6.8664835E-04   5.2688389E-04   6.4014563E-04
   6.5000000E-01   2.9450031E+05   1.2448855E+05   4.1894968E+05   4.2757011E-04   5.1832233E-04   4.5301417E-04
   7.0000000E-01   1.9842529E+05   8.5143347E+04   2.8356864E+05   1.4544518E-03   9.4665743E-04   1.2655537E-03
   7.5000000E-01   1.3352039E+05   5.7749902E+04   1.9126180E+05   1.2717611E-03   1.0813565E-03   1.1744279E-03
   8.0000000E-01   8.9906627E+04   3.8786060E+04   1.2869667E+05   1.1815443E-03   1.9692188E-03   1.1872796E-03
   8.5000000E-01   5.9273046E+04   2.5539687E+04   8.4812733E+04   1.6359924E-03   1.2851840E-03   1.4243776E-03
   9.0000000E-01   3.6835527E+04   1.5979156E+04   5.2818220E+04   4.7473159E-03   4.2746034E-03   4.6009345E-03
   9.5000000E-01   2.0820817E+04   9.1103640E+03   2.9931181E+04   3.3560645E-03   3.6261739E-03   3.3734762E-03
   1.0000000E+00   9.9532751E+03   4.1561054E+03   1.4109380E+04   8.5550189E-03   1.0322570E-02   8.8135948E-03
