   0.0000000E+00   3.2399475E+09   1.6605010E+09   4.6797639E+09   9.9546070E-06   2.5161678E-06   7.5804495E-06
   5.0000000E-02   8.0086767E+04   2.6356059E+04   1.0644283E+05   1.6864930E-01   5.0392891E-02   1.3936805E-01
   1.0000000E-01   4.0711834E+04   1.3018874E+04   5.3730709E+04   1.7050803E-01   5.5307845E-02   1.4259519E-01
   1.5000000E-01   2.5761880E+04   8.1275124E+03   3.3889393E+04   1.7930565E-01   6.3723895E-02   1.5158629E-01
   2.0000000E-01   1.9082678E+04   5.4430991E+03   2.4525777E+04   1.8274493E-01   5.8019412E-02   1.5506412E-01
   2.5000000E-01   1.4171156E+04   4.0743665E+03   1.8245523E+04   2.0022287E-01   6.7492309E-02   1.7058308E-01
   3.0000000E-01   1.1193898E+04   3.4165261E+03   1.4610424E+04   2.0120310E-01   5.7779160E-02   1.6766461E-01
   3.5000000E-01   8.7489746E+03   2.8738835E+03   1.1622858E+04   2.1649359E-01   7.1271458E-02   1.8058538E-01
   4.0000000E-01   8.2362683E+03   2.3475354E+03   1.0583804E+04   2.2248018E-01   7.8085661E-02   1.9045282E-01
   4.5000000E-01   6.0620349E+03   1.8461973E+03   7.9082323E+03   2.3682325E-01   7.4130350E-02   1.9884216E-01
   5.0000000E-01   5.4049019E+03   1.5724508E+03   6.9773527E+03   2.3973229E-01   5.7286726E-02   1.9861546E-01
   5.5000000E-01   4.6820491E+03   1.2674521E+03   5.9495011E+03   2.4934111E-01   7.0241349E-02   2.1118659E-01
   6.0000000E-01   4.0425356E+03   1.1246949E+03   5.1672305E+03   2.5661418E-01   7.5323649E-02   2.1715464E-01
   6.5000000E-01   3.2516579E+03   1.1214302E+03   4.3730881E+03   2.7088174E-01   7.8170685E-02   2.2146307E-01
   7.0000000E-01   2.8375053E+03   8.5034212E+02   3.6878474E+03   2.8555811E-01   8.9746389E-02   2.4040554E-01
   7.5000000E-01   2.3470049E+03   6.7906109E+02   3.0260660E+03   2.9673445E-01   6.4609603E-02   2.4464226E-01
   8.0000000E-01   1.9615847E+03   6.2468315E+02   2.5862678E+03   2.9752297E-01   7.3185578E-02   2.4333686E-01
   8.5000000E-01   1.7038941E+03   4.8682688E+02   2.1907210E+03   3.1696925E-01   9.3209774E-02   2.6724492E-01
   9.0000000E-01   1.0857904E+03   4.1733963E+02   1.5031300E+03   3.3732136E-01   6.0453077E-02   2.6044969E-01
   9.5000000E-01   6.9358049E+02   2.8145295E+02   9.7503344E+02   3.4996722E-01   8.2091061E-02   2.7264213E-01
   1.0000000E+00   3.8354376E+02   9.4314040E+01   4.7785780E+02   3.4574807E-01   2.8271093E-02   2.8308814E-01
