   0.0000000E+00   3.2250139E+09   1.6595180E+09   4.6720237E+09   4.5704670E-05   4.1849825E-06   3.2008394E-05
   5.0000000E-02   3.4765806E+05   9.1673247E+04   4.3926764E+05   1.7632474E-01   3.4565242E-02   1.4673417E-01
   1.0000000E-01   1.6326114E+05   3.8992961E+04   2.0225410E+05   1.8100835E-01   3.0353614E-02   1.5196324E-01
   1.5000000E-01   1.0230480E+05   2.2048265E+04   1.2435306E+05   1.8185753E-01   2.5031640E-02   1.5405154E-01
   2.0000000E-01   6.8595780E+04   1.4132959E+04   8.2728739E+04   1.8615153E-01   1.2810060E-02   1.5653875E-01
   2.5000000E-01   5.1133300E+04   9.4092402E+03   6.0529808E+04   1.7886319E-01   1.2628447E-02   1.5297738E-01
   3.0000000E-01   3.8833806E+04   6.7800006E+03   4.5613807E+04   1.7875433E-01   1.3660242E-02   1.5421487E-01
   3.5000000E-01   2.9830184E+04   4.9747288E+03   3.4804912E+04   1.6526088E-01   7.7251245E-03   1.4274378E-01
   4.0000000E-01   2.5066904E+04   3.4536623E+03   2.8520566E+04   1.5601981E-01   9.8416792E-03   1.3831855E-01
   4.5000000E-01   2.0456715E+04   2.6879501E+03   2.3144666E+04   1.4924471E-01   9.1037189E-03   1.3296917E-01
   5.0000000E-01   1.6030086E+04   2.0180847E+03   1.8048171E+04   1.3516349E-01   8.5009286E-03   1.2100052E-01
   5.5000000E-01   1.4092447E+04   1.3947760E+03   1.5487223E+04   1.2824817E-01   2.9209994E-03   1.1696123E-01
   6.0000000E-01   1.1443240E+04   9.2309867E+02   1.2366339E+04   1.0694604E-01   5.0000234E-03   9.9336172E-02
   6.5000000E-01   9.2603692E+03   7.4435543E+02   1.0004725E+04   1.0586269E-01   1.0447776E-02   9.8759724E-02
   7.0000000E-01   7.5803226E+03   5.7750508E+02   8.1578277E+03   8.3714174E-02   8.8739349E-06   7.7788548E-02
   7.5000000E-01   6.1624794E+03   3.6923947E+02   6.5317189E+03   7.6837521E-02   1.2683666E-05   7.2494596E-02
   8.0000000E-01   5.1128525E+03   3.0239439E+02   5.4152469E+03   7.0905821E-02   1.0672567E-02   6.7542318E-02
   8.5000000E-01   4.0069597E+03   1.4230324E+02   4.1492630E+03   6.1360086E-02   1.1123024E-05   5.9256061E-02
   9.0000000E-01   2.8860096E+03   1.1317685E+02   2.9991865E+03   4.5385451E-02   1.1410883E-05   4.3672362E-02
   9.5000000E-01   1.8897555E+03   5.3610086E+01   1.9433656E+03   4.8737021E-02   2.4742138E-06   4.7392483E-02
   1.0000000E+00   7.4193712E+02   1.8862808E+01   7.6079993E+02   2.5194301E-02   1.8237518E-05   2.4570101E-02
