   0.0000000E+00   4.7822011E+08   1.0378945E+09   1.5016653E+09   2.0022377E-02   7.8315705E-06   6.2912922E-03
   5.0000000E-02   2.6335496E+07   1.9614510E+07   4.5838852E+07   1.3431894E-01   1.6634977E-04   7.7050453E-02
   1.0000000E-01   1.3428507E+07   7.9474657E+06   2.1331569E+07   1.0814953E-01   2.1700701E-04   6.8033640E-02
   1.5000000E-01   8.8677739E+06   4.1130730E+06   1.2953472E+07   8.7147608E-02   4.0708999E-04   5.9691327E-02
   2.0000000E-01   6.5768393E+06   2.3229778E+06   8.8825647E+06   6.8680728E-02   4.1644130E-04   5.0871997E-02
   2.5000000E-01   5.2245475E+06   1.3798224E+06   6.5948970E+06   5.3313824E-02   7.2155474E-04   4.2336008E-02
   3.0000000E-01   4.3072633E+06   8.3031134E+05   5.1300201E+06   4.0442596E-02   8.8430444E-04   3.4068486E-02
   3.5000000E-01   3.6245583E+06   5.1029622E+05   4.1292159E+06   3.1202744E-02   1.0023374E-03   2.7479574E-02
   4.0000000E-01   3.0968130E+06   3.1542918E+05   3.4079848E+06   2.3479169E-02   9.9075250E-04   2.1411193E-02
   4.5000000E-01   2.6652440E+06   1.9779069E+05   2.8593919E+06   1.7911239E-02   1.3960276E-03   1.6768769E-02
   5.0000000E-01   2.2725098E+06   1.2444643E+05   2.3947153E+06   1.4150876E-02   1.7536380E-03   1.3507228E-02
   5.5000000E-01   1.9194260E+06   8.0196729E+04   1.9975739E+06   1.1194257E-02   2.1500730E-03   1.0829046E-02
   6.0000000E-01   1.5921224E+06   5.1783713E+04   1.6422721E+06   9.5469602E-03   2.4634021E-03   9.3308694E-03
   6.5000000E-01   1.2911384E+06   3.4318703E+04   1.3245854E+06   8.3929675E-03   3.0599954E-03   8.2570570E-03
   7.0000000E-01   1.0260765E+06   2.2640927E+04   1.0480444E+06   7.6762914E-03   2.1056234E-03   7.5607195E-03
   7.5000000E-01   7.9283353E+05   1.5181260E+04   8.0752672E+05   7.0663630E-03   1.6230770E-03   6.9532632E-03
   8.0000000E-01   5.9270892E+05   9.8795431E+03   6.0224230E+05   6.8246381E-03   3.1015802E-03   6.7652018E-03
   8.5000000E-01   4.2629558E+05   6.5384595E+03   4.3268425E+05   7.0384084E-03   4.8986306E-03   7.0066052E-03
   9.0000000E-01   2.8428610E+05   4.0036310E+03   2.8821545E+05   7.4017057E-03   4.1656840E-03   7.3590415E-03
   9.5000000E-01   1.7005119E+05   2.2415717E+03   1.7225591E+05   9.0628814E-03   6.8589737E-03   9.0264676E-03
   1.0000000E+00   7.3533513E+04   8.6768917E+02   7.4401203E+04   1.0639715E-02   4.6395688E-03   1.0561103E-02
