   0.0000000E+00   9.8391368E+07   6.5864682E+07   1.6417303E+08   1.5750038E-03   3.8567484E-04   1.0979274E-03
   5.0000000E-02   4.6601459E+07   2.4724657E+07   7.1205922E+07   5.9243770E-04   2.7707721E-04   4.8249293E-04
   1.0000000E-01   2.4190469E+07   1.2096349E+07   3.6226212E+07   2.0803565E-04   1.6983243E-04   1.9512862E-04
   1.5000000E-01   1.5062933E+07   7.4450985E+06   2.2472423E+07   1.8344200E-04   1.3762164E-04   1.5811399E-04
   2.0000000E-01   1.0179821E+07   5.0047068E+06   1.5163726E+07   7.4636167E-05   1.6296418E-04   9.4862291E-05
   2.5000000E-01   7.2146591E+06   3.5398224E+06   1.0741163E+07   1.3012080E-04   2.4330577E-04   1.5124899E-04
   3.0000000E-01   5.2692806E+06   2.5837320E+06   7.8440150E+06   1.1943130E-04   1.3626559E-04   1.2424833E-04
   3.5000000E-01   3.9391394E+06   1.9272572E+06   5.8605124E+06   1.2312679E-04   1.0420791E-04   1.1633544E-04
   4.0000000E-01   2.9903304E+06   1.4588620E+06   4.4452135E+06   1.3937560E-04   4.2501892E-05   9.3984944E-05
   4.5000000E-01   2.2798981E+06   1.1184561E+06   3.3960765E+06   1.5655150E-04   3.1981403E-04   1.9459418E-04
   5.0000000E-01   1.7635641E+06   8.6424317E+05   2.6265277E+06   3.5850228E-04   1.8844525E-04   3.0305524E-04
   5.5000000E-01   1.3691261E+06   6.6990341E+05   2.0378025E+06   1.7735359E-04   1.6795680E-04   1.7010621E-04
   6.0000000E-01   1.0623752E+06   5.2006530E+05   1.5817137E+06   6.3353187E-04   5.3576872E-04   5.8916029E-04
   6.5000000E-01   8.3116588E+05   4.0475306E+05   1.2354831E+06   5.5578268E-04   6.1755002E-04   5.6964998E-04
   7.0000000E-01   6.4885197E+05   3.1676381E+05   9.6529292E+05   7.6919316E-04   4.6576814E-04   6.3797548E-04
   7.5000000E-01   5.0010303E+05   2.4587104E+05   7.4580431E+05   1.5329824E-03   1.0160695E-03   1.3489574E-03
   8.0000000E-01   3.8534595E+05   1.8664896E+05   5.7186360E+05   9.6666015E-04   2.2127182E-03   1.3688347E-03
   8.5000000E-01   2.8890180E+05   1.4058437E+05   4.2941127E+05   2.0378488E-03   3.3738988E-03   2.4722908E-03
   9.0000000E-01   2.0693679E+05   1.0226589E+05   3.0917793E+05   3.9687168E-03   4.0661808E-03   3.9556558E-03
   9.5000000E-01   1.3692016E+05   6.6235261E+04   2.0313867E+05   6.2596858E-03   5.8739349E-03   6.1318687E-03
   1.0000000E+00   7.5998254E+04   3.7335785E+04   1.1333404E+05   1.1626806E-02   1.4226043E-02   1.2446763E-02
