   0.0000000E+00   1.1612454E+07   1.2442657E+08   1.3598096E+08   1.2370933E-02   1.2462312E-05   1.0519907E-03
   5.0000000E-02   9.5617743E+06   3.0477726E+07   3.9988634E+07   5.1970291E-03   6.3724227E-07   1.2409049E-03
   1.0000000E-01   8.5731357E+06   1.4119622E+07   2.2658921E+07   2.0867585E-03   1.9430338E-05   8.0037162E-04
   1.5000000E-01   7.6970301E+06   8.2296687E+06   1.5897436E+07   1.2708990E-03   2.5292984E-05   6.1935146E-04
   2.0000000E-01   6.9512195E+06   5.2979020E+06   1.2226028E+07   9.9380586E-04   6.4738070E-05   5.9220894E-04
   2.5000000E-01   6.2106333E+06   3.5697690E+06   9.7631881E+06   9.8320743E-04   3.1960311E-06   6.2854585E-04
   3.0000000E-01   5.4904423E+06   2.4630713E+06   7.9395929E+06   8.8495676E-04   6.1077057E-05   6.2308890E-04
   3.5000000E-01   4.8052879E+06   1.7402729E+06   6.5343927E+06   9.5463536E-04   7.6598980E-05   7.2460415E-04
   4.0000000E-01   4.1610344E+06   1.2456660E+06   5.3976524E+06   8.4883863E-04   1.6234119E-04   6.8428009E-04
   4.5000000E-01   3.5753345E+06   9.0056940E+05   4.4692476E+06   9.5730124E-04   1.7444476E-04   7.9822109E-04
   5.0000000E-01   3.0338243E+06   6.6011741E+05   3.6899182E+06   8.9438552E-04   1.6652831E-04   7.6508331E-04
   5.5000000E-01   2.5431050E+06   4.8198483E+05   3.0214727E+06   9.9348245E-04   2.9267891E-04   8.8650213E-04
   6.0000000E-01   2.1110842E+06   3.5967956E+05   2.4684242E+06   1.0489732E-03   1.5478922E-04   9.1788691E-04
   6.5000000E-01   1.7181780E+06   2.6464284E+05   1.9813811E+06   1.2994281E-03   3.4878339E-04   1.1695759E-03
   7.0000000E-01   1.3858667E+06   1.9663366E+05   1.5811634E+06   1.4708779E-03   4.6844276E-04   1.3466852E-03
   7.5000000E-01   1.0957330E+06   1.4502198E+05   1.2400292E+06   1.7241803E-03   7.6324497E-04   1.6132216E-03
   8.0000000E-01   8.4551064E+05   1.0521335E+05   9.5016297E+05   2.0490311E-03   7.5796547E-04   1.8960087E-03
   8.5000000E-01   6.3961189E+05   7.6068573E+04   7.1541458E+05   2.3252856E-03   1.0965230E-03   2.1927932E-03
   9.0000000E-01   4.6139018E+05   5.1014464E+04   5.1225964E+05   3.0320469E-03   1.6997008E-03   2.8955098E-03
   9.5000000E-01   3.0012602E+05   3.2373791E+04   3.3244620E+05   4.5857385E-03   2.5550238E-03   4.3780187E-03
   1.0000000E+00   1.5981829E+05   1.6511245E+04   1.7629180E+05   7.1049237E-03   3.3272872E-03   6.7592754E-03
