   0.0000000E+00   1.7572386E+08   9.1125754E+07   2.6681448E+08   1.5702013E-05   2.6985012E-05   3.6312608E-06
   5.0000000E-02   5.8599386E+07   2.9399356E+07   8.7967356E+07   3.2615862E-05   1.4894616E-06   2.2283398E-05
   1.0000000E-01   2.6570536E+07   1.3296472E+07   3.9855613E+07   4.6759024E-05   4.5707265E-05   4.4152319E-05
   1.5000000E-01   1.5563932E+07   7.7844805E+06   2.3340794E+07   7.5044366E-05   7.3296846E-05   7.4176176E-05
   2.0000000E-01   1.0108678E+07   5.0677958E+06   1.5172655E+07   5.8231448E-05   4.8688479E-05   5.2532333E-05
   2.5000000E-01   6.9566880E+06   3.4663437E+06   1.0420829E+07   9.4239452E-05   3.7658242E-05   7.4649238E-05
   3.0000000E-01   4.9340048E+06   2.4790823E+06   7.4118457E+06   6.5778985E-05   2.4663800E-04   7.2910600E-05
   3.5000000E-01   3.6122624E+06   1.8001697E+06   5.4115409E+06   9.4194732E-05   1.8582800E-04   1.2358486E-04
   4.0000000E-01   2.6702618E+06   1.3386920E+06   4.0085003E+06   1.9309652E-04   1.8458715E-04   1.8983825E-04
   4.5000000E-01   2.0099077E+06   1.0088867E+06   3.0184902E+06   1.9252941E-04   2.8624890E-04   2.2325474E-04
   5.0000000E-01   1.5251818E+06   7.5683268E+05   2.2818299E+06   3.0520876E-04   2.8806142E-04   2.9902555E-04
   5.5000000E-01   1.1571838E+06   5.8290064E+05   1.7399166E+06   3.5933642E-04   9.7727529E-04   5.6249131E-04
   6.0000000E-01   8.8449829E+05   4.4426511E+05   1.3286944E+06   3.9271322E-04   4.1047828E-04   3.9112662E-04
   6.5000000E-01   6.8129579E+05   3.4107639E+05   1.0222742E+06   5.8463893E-04   5.6669196E-04   5.6459161E-04
   7.0000000E-01   5.2278761E+05   2.5902694E+05   7.8177363E+05   3.7768569E-04   2.0413929E-04   3.0746461E-04
   7.5000000E-01   3.9547669E+05   1.9868054E+05   5.9413601E+05   6.9235721E-04   4.3401264E-04   6.0383927E-04
   8.0000000E-01   2.9717411E+05   1.4822498E+05   4.4539113E+05   1.1355967E-03   1.2145235E-03   1.1591387E-03
   8.5000000E-01   2.1787376E+05   1.0868597E+05   3.2654850E+05   1.2342479E-03   2.0799278E-03   1.5028259E-03
   9.0000000E-01   1.4964101E+05   7.5000883E+04   2.2464190E+05   1.8056129E-03   1.6201291E-03   1.6146820E-03
   9.5000000E-01   9.0319593E+04   4.4878343E+04   1.3519794E+05   2.7351358E-03   2.1517665E-03   2.5000349E-03
   1.0000000E+00   4.1554766E+04   2.0227218E+04   6.1781984E+04   3.5663445E-03   2.4143908E-03   3.1105282E-03
