   0.0000000E+00   3.2210806E+09   1.6538353E+09   4.6580297E+09   1.5941224E-04   2.7720903E-09   1.0692615E-04
   5.0000000E-02   1.0015302E+06   2.3860509E+05   1.2401353E+06   2.0909435E-01   2.2090426E-06   1.6886450E-01
   1.0000000E-01   3.9820567E+05   9.9408177E+04   4.9761385E+05   2.3947776E-01   8.8535077E-06   1.9163559E-01
   1.5000000E-01   1.9955908E+05   5.2606014E+04   2.5214387E+05   2.5905007E-01   1.4922193E-05   2.0499357E-01
   2.0000000E-01   1.1136071E+05   2.8472819E+04   1.3983353E+05   2.8029358E-01   1.5852643E-06   2.2322070E-01
   2.5000000E-01   6.4706034E+04   1.7736227E+04   8.2442261E+04   3.0238575E-01   4.3467400E-06   2.3733101E-01
   3.0000000E-01   3.7539346E+04   1.0005541E+04   4.7544887E+04   3.1607608E-01   9.1525153E-06   2.4956166E-01
   3.5000000E-01   2.2090706E+04   5.8114291E+03   2.7902135E+04   3.2584122E-01   2.4391719E-06   2.5797584E-01
   4.0000000E-01   1.2788100E+04   3.2785918E+03   1.6066692E+04   3.3352364E-01   1.5943385E-05   2.6546759E-01
   4.5000000E-01   6.8896406E+03   1.9664477E+03   8.8560884E+03   3.4401409E-01   2.3732448E-06   2.6762810E-01
   5.0000000E-01   3.8961130E+03   1.0122254E+03   4.9083384E+03   3.4846213E-01   3.7858720E-06   2.7660107E-01
   5.5000000E-01   1.9040719E+03   6.5976958E+02   2.5638414E+03   3.4988261E-01   6.3114566E-06   2.5984348E-01
   6.0000000E-01   1.0610330E+03   2.5995307E+02   1.3209860E+03   3.5053563E-01   5.1706240E-06   2.8155370E-01
   6.5000000E-01   5.6316364E+02   1.6160348E+02   7.2476713E+02   3.2675736E-01   2.4324129E-05   2.5389388E-01
   7.0000000E-01   3.3195174E+02   7.7303830E+01   4.0925557E+02   2.9041455E-01   4.5265842E-06   2.3555761E-01
   7.5000000E-01   1.8249767E+02   3.8197186E+01   2.2069485E+02   2.6598771E-01   2.5978903E-06   2.1995182E-01
   8.0000000E-01   1.7507044E+02   1.9894368E+01   1.9496481E+02   1.7071067E-01   1.1877769E-04   1.5327910E-01
   8.5000000E-01   1.2732395E+02   7.4896444E+00   1.3481360E+02   1.1887390E-01   1.7348836E-05   1.1227076E-01
   9.0000000E-01   1.0964007E+02   3.5367765E+00   1.1317685E+02   6.5882810E-02   1.4648422E-05   6.3824201E-02
   9.5000000E-01   1.4742774E+02   3.3506304E+00   1.5077837E+02   2.6418121E-02   1.3179161E-04   2.5833962E-02
   1.0000000E+00   3.7725616E+01   0.0000000E+00   3.7725616E+01   8.8936737E-06   0.0000000E+00   8.8936737E-06
