   0.0000000E+00   8.7160886E+07   4.6455418E+07   1.3360714E+08   4.2501786E-03   6.4886064E-05   2.7766569E-03
   5.0000000E-02   2.3032712E+07   1.1141037E+07   3.4169611E+07   1.3233962E-03   2.9383658E-05   8.9347500E-04
   1.0000000E-01   1.2167586E+07   5.9952394E+06   1.8161043E+07   1.8010356E-03   4.3410476E-05   1.1929483E-03
   1.5000000E-01   8.3575868E+06   4.1376465E+06   1.2493514E+07   5.8437234E-04   5.3483309E-05   3.7867566E-04
   2.0000000E-01   6.3568872E+06   3.1550398E+06   9.5104469E+06   8.0715000E-04   3.5413290E-05   5.3381775E-04
   2.5000000E-01   5.1081607E+06   2.5443782E+06   7.6515203E+06   4.7416156E-04   3.7392096E-05   3.0186276E-04
   3.0000000E-01   4.2666682E+06   2.1257265E+06   6.3915776E+06   4.4650976E-04   1.3001820E-05   3.0063531E-04
   3.5000000E-01   3.6259589E+06   1.8119927E+06   5.4370966E+06   3.8140249E-04   4.2609254E-05   2.6227158E-04
   4.0000000E-01   3.1443685E+06   1.5724031E+06   4.7162623E+06   7.0889639E-04   3.6287086E-05   4.5825196E-04
   4.5000000E-01   2.7435058E+06   1.3727786E+06   4.1157398E+06   9.4576813E-04   1.5591153E-05   6.2267110E-04
   5.0000000E-01   2.4171689E+06   1.2101378E+06   3.6268292E+06   8.0871303E-04   5.0859944E-05   5.2005126E-04
   5.5000000E-01   2.1393550E+06   1.0692955E+06   3.2081759E+06   8.2364064E-05   4.2940308E-05   6.8516403E-05
   6.0000000E-01   1.8847341E+06   9.5090304E+05   2.8352127E+06   2.3883669E-04   3.1855434E-05   1.6610203E-04
   6.5000000E-01   1.6673757E+06   8.4028913E+05   2.5073710E+06   4.2186482E-04   6.2548975E-05   2.6479600E-04
   7.0000000E-01   1.4632023E+06   7.3570055E+05   2.1986437E+06   1.6930973E-03   2.2456637E-05   1.1264604E-03
   7.5000000E-01   1.2715376E+06   6.4069414E+05   1.9119856E+06   9.5126812E-04   4.6583642E-05   6.1827019E-04
   8.0000000E-01   1.0858943E+06   5.4956202E+05   1.6353131E+06   2.1827747E-04   1.9414695E-05   1.4338187E-04
   8.5000000E-01   9.0279799E+05   4.5981923E+05   1.3624824E+06   1.1537100E-03   4.9452460E-05   7.5139848E-04
   9.0000000E-01   7.1366138E+05   3.6295108E+05   1.0765523E+06   1.3942676E-03   2.2493461E-05   9.2039144E-04
   9.5000000E-01   4.8693036E+05   2.5014466E+05   7.3704152E+05   2.6970788E-03   6.3822248E-05   1.7587244E-03
   1.0000000E+00   2.4313531E+05   1.2900274E+05   3.7213805E+05   2.9558059E-03   1.0009394E-04   1.9604232E-03
