   0.0000000E+00   2.8276104E+06   6.5876039E+08   6.6146322E+08   9.3537458E-05   9.5288238E-06   9.2040154E-06
   5.0000000E-02   2.7988988E+06   9.5502515E+07   9.8267928E+07   7.2773115E-05   1.1270929E-04   1.0906437E-04
   1.0000000E-01   2.8294566E+06   1.2893174E+07   1.5719129E+07   6.1623953E-05   6.3671151E-04   5.3333310E-04
   1.5000000E-01   2.9092675E+06   2.0982563E+06   5.0067811E+06   7.6246420E-05   2.9754170E-03   1.2068549E-03
   2.0000000E-01   2.9823249E+06   3.7137214E+05   3.3533469E+06   7.9404288E-05   1.1849742E-02   1.2778342E-03
   2.5000000E-01   3.1015606E+06   7.2256344E+04   3.1734986E+06   4.9245923E-05   4.5481207E-02   1.0494543E-03
   3.0000000E-01   3.2509731E+06   1.8759063E+04   3.2692972E+06   6.5154435E-05   1.3039388E-01   7.0473761E-04
   3.5000000E-01   3.4915502E+06   7.0028175E+03   3.4978619E+06   3.8614863E-05   2.5444325E-01   4.7421703E-04
   4.0000000E-01   3.8281857E+06   4.5757046E+03   3.8318224E+06   7.0253149E-05   3.4355820E-01   3.4540480E-04
   4.5000000E-01   4.3705221E+06   2.9708923E+03   4.3722268E+06   6.8605661E-05   3.9330897E-01   2.1275602E-04
   5.0000000E-01   5.1560727E+06   2.1008452E+03   5.1565056E+06   5.8137147E-05   4.1763530E-01   1.1213716E-04
   5.5000000E-01   5.9541427E+06   1.4873753E+03   5.9525627E+06   7.0972823E-05   4.5938065E-01   4.3887705E-05
   6.0000000E-01   5.8322382E+06   1.2520189E+03   5.8302541E+06   2.8866498E-05   4.9792866E-01   8.5463783E-05
   6.5000000E-01   3.8365107E+06   9.9900334E+02   3.8363834E+06   4.2087394E-05   5.2601392E-01   1.7714847E-04
   7.0000000E-01   1.4657352E+06   8.3670027E+02   1.4662990E+06   2.3513849E-04   5.5730031E-01   5.5216907E-04
   7.5000000E-01   3.9304905E+05   6.1964325E+02   3.9362625E+05   1.1039082E-03   5.6655496E-01   1.9914213E-03
   8.0000000E-01   9.4776769E+04   4.4165497E+02   9.5214445E+04   4.5968141E-03   6.1346900E-01   7.4051876E-03
   8.5000000E-01   2.1843548E+04   3.5950293E+02   2.2203051E+04   1.6646685E-02   6.5640311E-01   2.7003747E-02
   9.0000000E-01   5.5173714E+03   2.7233179E+02   5.7897032E+03   6.1704892E-02   6.9123990E-01   9.1135834E-02
   9.5000000E-01   1.6619127E+03   1.8428467E+02   1.8461973E+03   1.4559481E-01   7.6061765E-01   2.0697483E-01
   1.0000000E+00   4.1498178E+02   9.4314040E+01   5.0929582E+02   2.4477996E-01   7.8602659E-01   3.4451025E-01
