   0.0000000E+00   7.5727195E+07   3.8970297E+07   1.1469291E+08   8.6821087E-04   5.5451354E-04   6.2152602E-04
   5.0000000E-02   2.8315956E+07   1.4204515E+07   4.2513468E+07   1.8237303E-04   1.4887534E-04   1.7035270E-04
   1.0000000E-01   1.4681916E+07   7.3443322E+06   2.2023033E+07   2.7469410E-04   1.8854608E-04   2.4242672E-04
   1.5000000E-01   9.7405796E+06   4.8989589E+06   1.4637056E+07   1.5741526E-04   4.3790028E-04   1.8387104E-04
   2.0000000E-01   7.2253161E+06   3.6073741E+06   1.0830828E+07   4.8921565E-05   4.5264210E-04   1.7859119E-04
   2.5000000E-01   5.6399292E+06   2.8287690E+06   8.4673613E+06   1.0558383E-04   5.9547338E-05   8.9416800E-05
   3.0000000E-01   4.5689458E+06   2.2847329E+06   6.8526707E+06   1.5943013E-04   1.0482556E-04   7.0132645E-05
   3.5000000E-01   3.7834131E+06   1.8949897E+06   5.6774024E+06   1.6259458E-04   4.2945338E-04   2.3500673E-04
   4.0000000E-01   3.1862740E+06   1.5930853E+06   4.7785635E+06   3.8284688E-04   2.6345876E-04   3.1743759E-04
   4.5000000E-01   2.7072751E+06   1.3558233E+06   4.0623344E+06   2.3324647E-04   3.5597630E-04   2.2290998E-04
   5.0000000E-01   2.3207210E+06   1.1637091E+06   3.4840036E+06   1.0708910E-04   3.9320098E-04   2.0107825E-04
   5.5000000E-01   2.0035177E+06   1.0049969E+06   3.0080631E+06   2.8317252E-04   2.7759595E-04   1.7058250E-04
   6.0000000E-01   1.7300567E+06   8.6524054E+05   2.5949736E+06   5.9243651E-04   4.3156320E-04   5.2794472E-04
   6.5000000E-01   1.4903857E+06   7.4599595E+05   2.2361955E+06   2.8526854E-04   2.2873567E-04   1.9215916E-04
   7.0000000E-01   1.2793647E+06   6.4128074E+05   1.9203954E+06   1.2561023E-04   1.1410941E-03   3.0437853E-04
   7.5000000E-01   1.0909329E+06   5.4539640E+05   1.6361213E+06   3.6139267E-04   6.7702600E-04   4.4524620E-04
   8.0000000E-01   9.1523244E+05   4.5721634E+05   1.3722936E+06   5.1013178E-04   2.1335186E-04   2.9934618E-04
   8.5000000E-01   7.4420102E+05   3.7081978E+05   1.1149309E+06   4.3609993E-04   6.8581477E-04   4.2199235E-04
   9.0000000E-01   5.7365454E+05   2.8908550E+05   8.6266931E+05   1.2608630E-03   9.1120397E-04   1.0531291E-03
   9.5000000E-01   3.9069690E+05   1.9593481E+05   5.8659821E+05   1.1711860E-03   1.7291578E-03   1.3008334E-03
   1.0000000E+00   1.9911580E+05   9.9928870E+04   2.9904467E+05   2.3056393E-03   2.3646257E-03   2.0302903E-03
