   0.0000000E+00   1.6495582E+08   3.6120074E+08   5.2486907E+08   3.4188506E-02   1.7393726E-05   1.0720685E-02
   5.0000000E-02   1.7916263E+07   1.2534216E+07   3.0412600E+07   1.1906903E-01   3.3721688E-04   7.0184152E-02
   1.0000000E-01   1.0293473E+07   6.3492000E+06   1.6621092E+07   9.5563257E-02   6.3024638E-04   5.9351433E-02
   1.5000000E-01   7.4799216E+06   4.1917804E+06   1.1654556E+07   8.0555901E-02   5.0651812E-04   5.1814587E-02
   2.0000000E-01   5.9142613E+06   3.0857438E+06   8.9856812E+06   7.1482388E-02   9.2834163E-04   4.7289415E-02
   2.5000000E-01   4.9000369E+06   2.3759541E+06   7.2646974E+06   6.4273536E-02   1.1156804E-03   4.3660821E-02
   3.0000000E-01   4.1794194E+06   1.9066868E+06   6.0763978E+06   6.0502649E-02   1.3080811E-03   4.1961811E-02
   3.5000000E-01   3.6089884E+06   1.5556077E+06   5.1566565E+06   5.6910814E-02   1.3837538E-03   4.0191442E-02
   4.0000000E-01   3.1527241E+06   1.2918686E+06   4.4379719E+06   5.4441254E-02   1.4429054E-03   3.9045494E-02
   4.5000000E-01   2.7761574E+06   1.0874527E+06   3.8579441E+06   5.3472727E-02   2.0433561E-03   3.8984920E-02
   5.0000000E-01   2.4471409E+06   9.1549743E+05   3.3582584E+06   5.2792175E-02   2.3710350E-03   3.9067828E-02
   5.5000000E-01   2.1663303E+06   7.7560544E+05   2.9380523E+06   5.3448194E-02   2.1287468E-03   3.9921933E-02
   6.0000000E-01   1.9233291E+06   6.6016940E+05   2.5801722E+06   5.3928778E-02   2.9690587E-03   4.0914751E-02
   6.5000000E-01   1.6945986E+06   5.6209608E+05   2.2539964E+06   5.5468142E-02   3.1909992E-03   4.2440919E-02
   7.0000000E-01   1.4861479E+06   4.7298121E+05   1.9565736E+06   5.8118612E-02   4.0498655E-03   4.5069323E-02
   7.5000000E-01   1.2904453E+06   3.9848154E+05   1.6870254E+06   6.1242651E-02   4.1496899E-03   4.7770958E-02
   8.0000000E-01   1.1094970E+06   3.3063644E+05   1.4387567E+06   6.4776662E-02   5.1088579E-03   5.1084419E-02
   8.5000000E-01   9.2704571E+05   2.6983691E+05   1.1958977E+06   6.9790846E-02   6.3901093E-03   5.5490637E-02
   9.0000000E-01   7.4838545E+05   2.0698277E+05   9.5465379E+05   7.6699779E-02   7.9632616E-03   6.1812035E-02
   9.5000000E-01   5.4150878E+05   1.4353095E+05   6.8472142E+05   8.7781750E-02   9.8199588E-03   7.1443330E-02
   1.0000000E+00   2.8379095E+05   7.2238267E+04   3.5600406E+05   1.0370909E-01   1.1651092E-02   8.5027058E-02
