   0.0000000E+00   7.4993758E+08   3.5699039E+08   1.1063107E+09   7.9909036E-04   3.1993730E-05   5.5358694E-04
   5.0000000E-02   1.5627577E+08   7.8036470E+07   2.3408910E+08   6.1553423E-04   1.5463018E-04   4.6515508E-04
   1.0000000E-01   4.1135919E+07   2.1510173E+07   6.2615279E+07   2.7596703E-04   3.6314855E-04   2.2048472E-04
   1.5000000E-01   1.3969135E+07   7.6164553E+06   2.1580137E+07   2.5020402E-04   9.2228360E-04   4.9028535E-04
   2.0000000E-01   5.2082341E+06   2.9289921E+06   8.1360484E+06   6.1588492E-04   2.0949666E-03   1.1265378E-03
   2.5000000E-01   2.0372342E+06   1.1778612E+06   3.2149044E+06   6.4154437E-04   4.6674224E-03   1.9933793E-03
   3.0000000E-01   8.4934627E+05   4.8877544E+05   1.3380580E+06   1.3514919E-03   9.3657896E-03   2.6256705E-03
   3.5000000E-01   3.8467295E+05   2.0955704E+05   5.9422090E+05   2.3176669E-03   1.8187557E-02   4.9947141E-03
   4.0000000E-01   1.9849009E+05   9.4569867E+04   2.9305995E+05   3.9916625E-03   3.7538959E-02   9.4612166E-03
   4.5000000E-01   1.1793028E+05   4.4676561E+04   1.6260684E+05   9.7232449E-03   6.1957249E-02   1.0106094E-02
   5.0000000E-01   8.6293810E+04   2.2867382E+04   1.0916119E+05   1.6560287E-02   1.1028893E-01   1.0091248E-02
   5.5000000E-01   7.0682157E+04   1.2489322E+04   8.3171480E+04   2.0779214E-02   1.6507844E-01   7.1554934E-03
   6.0000000E-01   6.5057236E+04   7.8781697E+03   7.2935405E+04   2.2969342E-02   2.3451411E-01   4.8536297E-03
   6.5000000E-01   6.0008759E+04   5.1174436E+03   6.5126203E+04   2.2590743E-02   3.0399080E-01   3.1606126E-03
   7.0000000E-01   5.7568617E+04   3.9288535E+03   6.1497470E+04   2.3609044E-02   3.5647779E-01   7.0439944E-04
   7.5000000E-01   5.5772136E+04   3.0260660E+03   5.8798202E+04   2.3337533E-02   4.1162698E-01   1.0716248E-03
   8.0000000E-01   5.5055674E+04   2.1844016E+03   5.7240075E+04   2.2943083E-02   4.4805229E-01   4.9695162E-03
   8.5000000E-01   5.2120435E+04   1.5203978E+03   5.3640833E+04   2.2948567E-02   4.9504188E-01   8.2669977E-03
   9.0000000E-01   4.6632398E+04   1.2272615E+03   4.7859660E+04   2.2537533E-02   5.2854194E-01   8.4098517E-03
   9.5000000E-01   3.4096015E+04   6.8687923E+02   3.4782894E+04   2.5367787E-02   5.6190160E-01   1.3771907E-02
   1.0000000E+00   1.5398339E+04   3.3953055E+02   1.5737870E+04   3.8313125E-02   5.9614982E-01   2.4627959E-02
