   0.0000000E+00   1.8042466E+08   8.9183809E+08   1.0665627E+09   5.0918451E-02   4.5278985E-07   8.5206452E-03
   5.0000000E-02   2.2366744E+07   4.2295681E+07   6.4462845E+07   1.2032622E-01   4.5980801E-06   4.1552823E-02
   1.0000000E-01   9.5212217E+06   1.3021484E+07   2.2492190E+07   8.3935280E-02   4.2303824E-06   3.5437482E-02
   1.5000000E-01   5.9558538E+06   4.9474693E+06   1.0883185E+07   5.0481082E-02   1.1084578E-05   2.7574844E-02
   2.0000000E-01   4.6273504E+06   2.0049385E+06   6.6230101E+06   2.7011117E-02   1.4177878E-05   1.8854875E-02
   2.5000000E-01   4.1753472E+06   8.3399737E+05   5.0030675E+06   1.2910137E-02   2.2737336E-05   1.0773210E-02
   3.0000000E-01   4.0380049E+06   3.6638529E+05   4.3990957E+06   5.8257126E-03   4.2315517E-05   5.3507471E-03
   3.5000000E-01   4.0453731E+06   1.5929136E+05   4.1989530E+06   2.8339943E-03   3.6933638E-05   2.7257745E-03
   4.0000000E-01   4.0047760E+06   7.2168809E+04   4.0709208E+06   1.3024615E-03   6.6635837E-05   1.2824284E-03
   4.5000000E-01   3.8946488E+06   3.2778845E+04   3.9213727E+06   6.8922140E-04   6.5789052E-05   6.8283829E-04
   5.0000000E-01   3.6417961E+06   1.4489466E+04   3.6511799E+06   3.4765349E-04   8.3241008E-04   3.4939421E-04
   5.5000000E-01   3.2314241E+06   6.3025357E+03   3.2326568E+06   2.2244545E-04   8.4010737E-04   2.2396194E-04
   6.0000000E-01   2.6894321E+06   3.1300472E+03   2.6888856E+06   1.5300824E-04   2.0229947E-03   1.5591337E-04
   6.5000000E-01   2.0455622E+06   1.4642255E+03   2.0448080E+06   1.1482399E-04   2.5917541E-03   1.1667367E-04
   7.0000000E-01   1.4180251E+06   6.4571434E+02   1.4174248E+06   8.8184673E-05   4.9990181E-03   9.0229450E-05
   7.5000000E-01   9.0897420E+05   3.0557749E+02   9.0860920E+05   1.0753666E-04   8.5020867E-06   1.0759249E-04
   8.0000000E-01   5.4707522E+05   1.3926058E+02   5.4697575E+05   9.9172814E-05   9.0011148E-06   9.9190375E-05
   8.5000000E-01   3.1043078E+05   7.8641266E+01   3.1041955E+05   7.7140281E-05   2.3443613E-06   7.7142227E-05
   9.0000000E-01   1.6238756E+05   3.5367765E+01   1.6241231E+05   1.1791324E-04   3.6887825E-05   1.1789584E-04
   9.5000000E-01   7.4310281E+04   6.7012608E+00   7.4303579E+04   5.7030384E-05   8.7497095E-07   5.7036847E-05
   1.0000000E+00   2.5559105E+04   0.0000000E+00   2.5559105E+04   2.5444424E-04   0.0000000E+00   2.5444424E-04
