   0.0000000E+00   3.2306090E+09   1.6610296E+09   4.6864882E+09   1.0143807E-04   5.0202983E-10   6.7241956E-05
   5.0000000E-02   5.0178370E+05   1.2344057E+05   6.2516062E+05   2.3064777E-01   2.5119557E-06   1.8512968E-01
   1.0000000E-01   1.4804593E+05   3.8292679E+04   1.8633861E+05   2.7065315E-01   9.4577829E-07   2.1503399E-01
   1.5000000E-01   5.4537094E+04   1.3029485E+04   6.7566579E+04   2.8137140E-01   5.7878598E-05   2.2712313E-01
   2.0000000E-01   2.1231269E+04   4.4404229E+03   2.5671692E+04   2.6320347E-01   6.1077977E-06   2.1767621E-01
   2.5000000E-01   1.0491494E+04   1.3241691E+03   1.1815663E+04   1.6121952E-01   3.8124128E-07   1.4315178E-01
   3.0000000E-01   6.7163386E+03   4.0319252E+02   7.1195311E+03   6.4491947E-02   8.2341277E-05   6.0844309E-02
   3.5000000E-01   6.1115498E+03   4.5472841E+01   6.1570227E+03   1.9293028E-02   1.2469659E-05   1.9150447E-02
   4.0000000E-01   6.1195076E+03   3.1830989E+01   6.1513386E+03   3.5420459E-03   1.3316667E-05   3.5236485E-03
   4.5000000E-01   6.2318002E+03   0.0000000E+00   6.2318002E+03   3.9771583E-04   0.0000000E+00   3.9771583E-04
   5.0000000E-01   6.9391555E+03   0.0000000E+00   6.9391555E+03   2.9999396E-04   0.0000000E+00   2.9999396E-04
   5.5000000E-01   7.6799494E+03   0.0000000E+00   7.6799494E+03   6.7518327E-06   0.0000000E+00   6.7518327E-06
   6.0000000E-01   8.4458223E+03   0.0000000E+00   8.4458223E+03   5.5416730E-06   0.0000000E+00   5.5416730E-06
   6.5000000E-01   9.2113984E+03   0.0000000E+00   9.2113984E+03   6.4569883E-06   0.0000000E+00   6.4569883E-06
   7.0000000E-01   9.9039847E+03   0.0000000E+00   9.9039847E+03   1.5510017E-05   0.0000000E+00   1.5510017E-05
   7.5000000E-01   9.5790055E+03   0.0000000E+00   9.5790055E+03   2.4454662E-05   0.0000000E+00   2.4454662E-05
   8.0000000E-01   8.7336275E+03   0.0000000E+00   8.7336275E+03   1.0767770E-05   0.0000000E+00   1.0767770E-05
   8.5000000E-01   6.5833974E+03   0.0000000E+00   6.5833974E+03   5.8837921E-05   0.0000000E+00   5.8837921E-05
   9.0000000E-01   4.1203446E+03   0.0000000E+00   4.1203446E+03   7.2671808E-06   0.0000000E+00   7.2671808E-06
   9.5000000E-01   2.2382211E+03   0.0000000E+00   2.2382211E+03   2.4492812E-05   0.0000000E+00   2.4492812E-05
   1.0000000E+00   7.9852554E+02   0.0000000E+00   7.9852554E+02   1.5877637E-04   0.0000000E+00   1.5877637E-04
