   0.0000000E+00   3.2305627E+09   1.6590362E+09   4.6843379E+09   2.0815238E-05   1.3691721E-06   1.4666827E-05
   5.0000000E-02   1.6233804E+05   4.1953243E+04   2.0429128E+05   1.7144248E-01   2.5294451E-02   1.4142953E-01
   1.0000000E-01   8.1264514E+04   2.1772396E+04   1.0303691E+05   1.8603352E-01   2.2129413E-02   1.5139947E-01
   1.5000000E-01   4.8998502E+04   1.2329203E+04   6.1327705E+04   1.9487604E-01   2.1913018E-02   1.6010388E-01
   2.0000000E-01   3.5459721E+04   9.8357755E+03   4.5295497E+04   2.0191225E-01   2.4063194E-02   1.6329287E-01
   2.5000000E-01   2.8380509E+04   7.0919443E+03   3.5472454E+04   2.0620594E-01   2.5293199E-02   1.7003638E-01
   3.0000000E-01   2.2133147E+04   6.1327705E+03   2.8265918E+04   2.2300609E-01   1.8836722E-02   1.7870745E-01
   3.5000000E-01   1.7952678E+04   5.1202419E+03   2.3072919E+04   2.2687680E-01   2.4843502E-02   1.8204245E-01
   4.0000000E-01   1.5565353E+04   4.3290145E+03   1.9894368E+04   2.4068427E-01   3.5147820E-02   1.9595872E-01
   4.5000000E-01   1.2583851E+04   3.1972460E+03   1.5781097E+04   2.4672220E-01   2.6163461E-02   2.0203706E-01
   5.0000000E-01   1.1153578E+04   2.6356059E+03   1.3789184E+04   2.5859066E-01   2.4538469E-02   2.1385492E-01
   5.5000000E-01   9.1210251E+03   2.4943920E+03   1.1615417E+04   2.6448024E-01   2.7723366E-02   2.1363448E-01
   6.0000000E-01   7.7985922E+03   2.0955401E+03   9.8941323E+03   2.8524456E-01   3.2191014E-02   2.3164874E-01
   6.5000000E-01   6.2633591E+03   1.9735213E+03   8.2368804E+03   2.9529418E-01   3.7932647E-02   2.3363071E-01
   7.0000000E-01   5.5385920E+03   1.6461168E+03   7.1847089E+03   3.1585350E-01   3.9187518E-02   2.5246545E-01
   7.5000000E-01   4.6940098E+03   1.3326574E+03   6.0266672E+03   3.2672631E-01   3.5560053E-02   2.6234164E-01
   8.0000000E-01   4.0465144E+03   1.1459156E+03   5.1924300E+03   3.3980770E-01   2.6053352E-02   2.7056525E-01
   8.5000000E-01   3.1194369E+03   1.0410606E+03   4.1604975E+03   3.5940435E-01   4.5738642E-02   2.8091734E-01
   9.0000000E-01   2.4615965E+03   7.2150241E+02   3.1830989E+03   3.7941165E-01   3.5850473E-02   3.0153778E-01
   9.5000000E-01   1.4675761E+03   4.2553006E+02   1.8931062E+03   3.9677174E-01   4.5341781E-02   3.1777775E-01
   1.0000000E+00   5.9732226E+02   2.4521650E+02   8.4253876E+02   3.9159407E-01   4.3333601E-02   2.9023468E-01
