   0.0000000E+00   3.2415706E+09   1.6593031E+09   4.6926058E+09   1.7771773E-05   2.1111166E-10   1.1899430E-05
   5.0000000E-02   1.1599212E+05   2.5846763E+04   1.4183889E+05   2.0469526E-01   7.2052643E-06   1.6739573E-01
   1.0000000E-01   4.8160286E+04   1.1109015E+04   5.9269301E+04   2.2943921E-01   3.2104810E-06   1.8643416E-01
   1.5000000E-01   2.5592115E+04   6.0478878E+03   3.1640003E+04   2.5023495E-01   9.5989617E-08   2.0240334E-01
   2.0000000E-01   1.4467184E+04   4.0743665E+03   1.8541551E+04   2.6144412E-01   2.9880254E-04   2.0392808E-01
   2.5000000E-01   8.9636064E+03   2.1390424E+03   1.1102649E+04   2.8339195E-01   7.9688215E-04   2.2863997E-01
   3.0000000E-01   6.0797188E+03   1.3793428E+03   7.4590617E+03   2.8797261E-01   9.8624130E-07   2.3472002E-01
   3.5000000E-01   3.6651110E+03   7.4575459E+02   4.4108656E+03   2.8671490E-01   2.3036638E-05   2.3824329E-01
   4.0000000E-01   2.3395777E+03   5.0929582E+02   2.8488735E+03   2.8456398E-01   1.8879712E-04   2.3372596E-01
   4.5000000E-01   1.7825354E+03   3.6782476E+02   2.1503601E+03   2.3611253E-01   2.8243071E-05   1.9572003E-01
   5.0000000E-01   1.1841128E+03   1.5915494E+02   1.3432677E+03   2.0033157E-01   1.8389066E-05   1.7659778E-01
   5.5000000E-01   7.9866844E+02   8.6811787E+01   8.8548023E+02   1.7270416E-01   4.2881138E-06   1.5577280E-01
   6.0000000E-01   7.7455406E+02   7.4272307E+01   8.4882636E+02   1.1219878E-01   1.5326894E-05   1.0238272E-01
   6.5000000E-01   7.3945835E+02   2.9382451E+01   7.6884080E+02   8.1228679E-02   7.9889873E-06   7.8124093E-02
   7.0000000E-01   6.7754533E+02   1.8189136E+01   6.9573447E+02   4.3966082E-02   3.8506487E-05   4.2817649E-02
   7.5000000E-01   5.6022540E+02   4.2441318E+00   5.6446953E+02   3.0212750E-02   6.3623137E-05   2.9986065E-02
   8.0000000E-01   6.0080991E+02   3.9788736E+00   6.0478878E+02   2.3530058E-02   7.3478748E-07   2.3375250E-02
   8.5000000E-01   5.4299922E+02   7.4896444E+00   5.5048886E+02   2.9418145E-03   1.3024859E-06   2.9017721E-03
   9.0000000E-01   4.7746483E+02   0.0000000E+00   4.7746483E+02   3.0729134E-03   0.0000000E+00   3.0729134E-03
   9.5000000E-01   3.5516682E+02   6.7012608E+00   3.6186808E+02   4.6168728E-06   8.1064390E-06   4.3812560E-06
   1.0000000E+00   1.6347767E+02   0.0000000E+00   1.6347767E+02   1.6490171E-05   0.0000000E+00   1.6490171E-05
