   0.0000000E+00   3.2397264E+09   1.6620039E+09   4.6925136E+09   8.4170422E-06   1.8649022E-07   5.6205645E-06
   5.0000000E-02   6.6781414E+04   1.6042818E+04   8.2760570E+04   1.7341709E-01   1.9199609E-02   1.4365602E-01
   1.0000000E-01   3.1990144E+04   7.5121133E+03   3.9502257E+04   1.8673991E-01   2.0839520E-02   1.5519076E-01
   1.5000000E-01   1.9989861E+04   4.5200004E+03   2.4509861E+04   1.8617617E-01   2.4738621E-02   1.5640457E-01
   2.0000000E-01   1.4705917E+04   2.9921129E+03   1.7698030E+04   1.9918055E-01   5.8670874E-03   1.6649806E-01
   2.5000000E-01   1.0147719E+04   2.2663664E+03   1.2414086E+04   2.1461647E-01   1.1059319E-02   1.7745424E-01
   3.0000000E-01   7.4484513E+03   2.2493899E+03   9.6978412E+03   2.1677717E-01   6.6622950E-03   1.6804156E-01
   3.5000000E-01   6.6117511E+03   1.3278070E+03   7.9395580E+03   2.1991645E-01   1.5360290E-02   1.8570660E-01
   4.0000000E-01   5.3476061E+03   1.0663381E+03   6.4139442E+03   2.1558654E-01   3.6634035E-03   1.8035366E-01
   4.5000000E-01   4.2653525E+03   8.5589992E+02   5.1212524E+03   2.2794701E-01   4.9741645E-03   1.9068221E-01
   5.0000000E-01   3.2085637E+03   7.6394373E+02   3.9725074E+03   2.2055083E-01   1.3607316E-05   1.7813459E-01
   5.5000000E-01   2.9226635E+03   4.9772091E+02   3.4203844E+03   2.2647878E-01   2.0030852E-03   1.9381396E-01
   6.0000000E-01   2.5517843E+03   4.3502351E+02   2.9868078E+03   2.3125943E-01   5.6945978E-03   1.9840629E-01
   6.5000000E-01   1.9686242E+03   4.4073677E+02   2.4093610E+03   2.1117882E-01   1.5493393E-02   1.7538270E-01
   7.0000000E-01   1.6506641E+03   3.3649902E+02   1.9871631E+03   2.4092179E-01   5.7643839E-03   2.0110108E-01
   7.5000000E-01   1.4472489E+03   2.5464791E+02   1.7018969E+03   2.2562824E-01   1.8911295E-05   1.9186557E-01
   8.0000000E-01   1.1498945E+03   2.0292255E+02   1.3528170E+03   2.1684301E-01   8.0163527E-06   1.8431536E-01
   8.5000000E-01   7.7892302E+02   1.4979289E+02   9.2871590E+02   2.1518762E-01   9.4491925E-07   1.8048009E-01
   9.0000000E-01   6.0478878E+02   1.1671362E+02   7.2150241E+02   2.4345944E-01   9.3773479E-07   2.0407645E-01
   9.5000000E-01   4.0877691E+02   6.0311347E+01   4.6908825E+02   2.3714600E-01   1.2589359E-06   2.0665596E-01
   1.0000000E+00   2.3264130E+02   6.2876027E+00   2.3892890E+02   1.7044638E-01   1.2877850E-05   1.6596129E-01
