   0.0000000E+00   5.8482439E+07   2.9951687E+07   8.8424958E+07   7.7975601E-03   5.9876914E-03   7.1866628E-03
   5.0000000E-02   2.3074220E+07   1.1656508E+07   3.4720924E+07   1.7347793E-03   1.9834622E-03   1.8020501E-03
   1.0000000E-01   1.2506714E+07   6.2642112E+06   1.8765418E+07   9.5942467E-04   5.0526937E-04   8.0632513E-04
   1.5000000E-01   8.6434715E+06   4.3182131E+06   1.2957016E+07   7.6315120E-04   7.8569909E-04   7.6114083E-04
   2.0000000E-01   6.5908131E+06   3.3249855E+06   9.9120744E+06   5.5843017E-04   3.0139755E-04   3.8972354E-04
   2.5000000E-01   5.2815250E+06   2.6348164E+06   7.9139095E+06   3.6130400E-04   6.3623927E-04   2.0654921E-04
   3.0000000E-01   4.3779599E+06   2.1851125E+06   6.5602394E+06   5.0803883E-04   3.2628795E-04   3.9692358E-04
   3.5000000E-01   3.7076736E+06   1.8681152E+06   5.5736334E+06   4.2767748E-04   3.9298392E-04   4.1152393E-04
   4.0000000E-01   3.1898391E+06   1.5953373E+06   4.7834575E+06   2.9475837E-04   3.3105328E-04   2.7604589E-04
   4.5000000E-01   2.7707461E+06   1.3881282E+06   4.1573322E+06   4.2930252E-04   4.5668742E-04   4.0862858E-04
   5.0000000E-01   2.4205748E+06   1.2159438E+06   3.6353854E+06   1.2314918E-04   5.3635089E-04   9.9981684E-05
   5.5000000E-01   2.1321843E+06   1.0647292E+06   3.1957676E+06   3.7626327E-04   3.7760243E-04   2.3136342E-04
   6.0000000E-01   1.8703836E+06   9.3804332E+05   2.8075091E+06   5.9994893E-04   4.2614060E-04   5.4530150E-04
   6.5000000E-01   1.6412303E+06   8.2214547E+05   2.4626461E+06   7.5970345E-04   9.5922493E-04   8.1010299E-04
   7.0000000E-01   1.4351547E+06   7.2087640E+05   2.1552399E+06   1.3238536E-03   6.5004698E-04   1.0897131E-03
   7.5000000E-01   1.2429195E+06   6.2154037E+05   1.8639633E+06   1.4761776E-03   1.1223594E-03   1.3553024E-03
   8.0000000E-01   1.0631869E+06   5.3368631E+05   1.5964832E+06   2.0626402E-03   1.4100141E-03   1.8290086E-03
   8.5000000E-01   8.8336236E+05   4.4272411E+05   1.3257794E+06   1.8570413E-03   2.4472820E-03   2.0422659E-03
   9.0000000E-01   6.9814200E+05   3.5101446E+05   1.0490291E+06   2.5078068E-03   2.4682447E-03   2.4724777E-03
   9.5000000E-01   4.9503889E+05   2.4860002E+05   7.4352834E+05   4.2506239E-03   4.4403016E-03   4.2036969E-03
   1.0000000E+00   2.7652877E+05   1.3805060E+05   4.1457308E+05   8.2746745E-03   8.8801316E-03   8.4721711E-03
