   0.0000000E+00   5.0570528E+07   2.9544760E+07   8.0105611E+07   7.3332868E-03   2.0027643E-03   5.3638028E-03
   5.0000000E-02   2.3711476E+07   1.2156637E+07   3.5853089E+07   1.9431043E-03   1.2327629E-03   1.6936898E-03
   1.0000000E-01   1.3288833E+07   6.6607617E+06   1.9941287E+07   6.0741672E-04   5.7979616E-04   5.9454900E-04
   1.5000000E-01   9.1721418E+06   4.5882248E+06   1.3753767E+07   2.0189757E-04   4.1754334E-04   2.6608637E-04
   2.0000000E-01   6.9406197E+06   3.4672382E+06   1.0402463E+07   3.2144062E-04   1.9267111E-04   2.0823693E-04
   2.5000000E-01   5.5062772E+06   2.7453591E+06   8.2471290E+06   3.3828259E-04   3.4544953E-04   2.5827890E-04
   3.0000000E-01   4.5281809E+06   2.2580691E+06   6.7827805E+06   2.2777945E-04   3.6697768E-04   1.6693318E-04
   3.5000000E-01   3.7957363E+06   1.8911154E+06   5.6838959E+06   1.9273517E-04   4.0621679E-04   2.6138319E-04
   4.0000000E-01   3.2314263E+06   1.6124385E+06   4.8414695E+06   4.4288762E-04   2.8205215E-04   3.7617895E-04
   4.5000000E-01   2.7816677E+06   1.3846763E+06   4.1641794E+06   6.6684186E-04   3.1727342E-04   5.4844219E-04
   5.0000000E-01   2.4109555E+06   1.1976728E+06   3.6071195E+06   8.3139838E-04   8.1753747E-04   7.4003160E-04
   5.5000000E-01   2.0849645E+06   1.0427832E+06   3.1266075E+06   6.3749434E-04   2.1339245E-04   4.6984486E-04
   6.0000000E-01   1.8224514E+06   9.0747496E+05   2.7287009E+06   6.6734166E-04   9.9812090E-04   7.4074937E-04
   6.5000000E-01   1.5866768E+06   7.8779248E+05   2.3736466E+06   5.1258572E-04   1.5263224E-03   8.0760244E-04
   7.0000000E-01   1.3685643E+06   6.8493012E+05   2.0526850E+06   1.1581993E-03   1.7947878E-03   1.3581564E-03
   7.5000000E-01   1.1768638E+06   5.8764249E+05   1.7638442E+06   1.4122272E-03   1.5949189E-03   1.4686331E-03
   8.0000000E-01   1.0010209E+06   4.9926508E+05   1.4999438E+06   1.0867692E-03   2.2156375E-03   1.4548769E-03
   8.5000000E-01   8.2613024E+05   4.1257081E+05   1.2383603E+06   2.4445456E-03   2.0129547E-03   2.2568875E-03
   9.0000000E-01   6.5525151E+05   3.2599530E+05   9.8103107E+05   3.3624579E-03   3.6958965E-03   3.4702143E-03
   9.5000000E-01   4.6879340E+05   2.3318712E+05   7.0183644E+05   5.6999585E-03   4.7954667E-03   5.3003576E-03
   1.0000000E+00   2.7422750E+05   1.3627750E+05   4.1049243E+05   1.0974795E-02   1.1496764E-02   1.1133570E-02
