   0.0000000E+00   6.1246896E+07   3.2962644E+07   9.4197317E+07   5.1141011E-03   2.9670553E-03   4.3593434E-03
   5.0000000E-02   2.5683406E+07   1.2909694E+07   3.8575848E+07   1.3099410E-03   9.7951419E-04   1.1851390E-03
   1.0000000E-01   1.3820379E+07   6.9443440E+06   2.0755714E+07   3.7878500E-04   5.2038867E-04   4.0970579E-04
   1.5000000E-01   9.4317129E+06   4.7185196E+06   1.4143506E+07   2.4000771E-04   4.5819323E-04   3.0571334E-04
   2.0000000E-01   7.0468875E+06   3.5261096E+06   1.0567649E+07   3.9587518E-04   2.0774754E-04   3.3782631E-04
   2.5000000E-01   5.5698119E+06   2.7794437E+06   8.3452576E+06   1.4018966E-04   1.9041804E-04   1.3894977E-04
   3.0000000E-01   4.5426959E+06   2.2717777E+06   6.8110782E+06   2.7338987E-05   6.4252424E-04   2.2959717E-04
   3.5000000E-01   3.7992559E+06   1.8944895E+06   5.6910806E+06   6.5654761E-04   3.2736021E-04   5.5271616E-04
   4.0000000E-01   3.2071710E+06   1.6044251E+06   4.8092327E+06   2.5454104E-04   4.6294039E-04   2.7691993E-04
   4.5000000E-01   2.7499781E+06   1.3748936E+06   4.1229053E+06   4.3511441E-04   2.0964573E-04   2.9495639E-04
   5.0000000E-01   2.3747127E+06   1.1864237E+06   3.5598823E+06   2.1449243E-04   2.0159730E-04   1.8894704E-04
   5.5000000E-01   2.0527284E+06   1.0263121E+06   3.0779235E+06   2.2190042E-04   6.7687444E-04   3.3097766E-04
   6.0000000E-01   1.7803125E+06   8.9154886E+05   2.6708322E+06   6.3694354E-04   8.9093531E-04   6.6775393E-04
   6.5000000E-01   1.5444543E+06   7.7030992E+05   2.3140884E+06   7.5230978E-04   6.8266063E-04   7.2107934E-04
   7.0000000E-01   1.3326043E+06   6.6132971E+05   1.9931883E+06   8.5584598E-04   9.2202038E-04   8.7426446E-04
   7.5000000E-01   1.1377923E+06   5.6857361E+05   1.7058524E+06   1.3283175E-03   7.6466856E-04   1.1290832E-03
   8.0000000E-01   9.6176934E+05   4.8245036E+05   1.4438417E+06   1.5698633E-03   1.5768860E-03   1.5378636E-03
   8.5000000E-01   7.9100381E+05   3.9830303E+05   1.1890297E+06   1.6881035E-03   1.1940104E-03   1.4578716E-03
   9.0000000E-01   6.2378127E+05   3.1005151E+05   9.3369132E+05   2.3468520E-03   2.3957635E-03   2.3598738E-03
   9.5000000E-01   4.3762248E+05   2.2062226E+05   6.5815427E+05   4.8061581E-03   3.9921064E-03   4.5306717E-03
   1.0000000E+00   2.4854893E+05   1.2397895E+05   3.7252160E+05   8.8691488E-03   1.1180408E-02   9.6161065E-03
