   0.0000000E+00   5.9737344E+07   3.0486957E+07   9.0221245E+07   3.0014305E-03   7.2636544E-04   2.1254887E-03
   5.0000000E-02   2.2759157E+07   1.1433118E+07   3.4187437E+07   3.4918095E-04   6.9798190E-04   4.5328958E-04
   1.0000000E-01   1.2219280E+07   6.1449405E+06   1.8361833E+07   3.6196218E-04   5.7079998E-04   4.2727596E-04
   1.5000000E-01   8.4384800E+06   4.2176697E+06   1.2654685E+07   6.2502224E-04   7.5663456E-04   6.5265623E-04
   2.0000000E-01   6.4413984E+06   3.2203252E+06   9.6602912E+06   1.0015807E-04   5.4990941E-04   1.4321767E-04
   2.5000000E-01   5.1857646E+06   2.5886615E+06   7.7734330E+06   1.5834251E-04   4.4187542E-04   2.4104724E-04
   3.0000000E-01   4.3156348E+06   2.1527828E+06   6.4675688E+06   3.5394853E-05   4.0918678E-04   1.1648960E-04
   3.5000000E-01   3.6834274E+06   1.8481800E+06   5.5307252E+06   2.4295859E-04   9.3580627E-04   3.7327670E-04
   4.0000000E-01   3.1658942E+06   1.5917245E+06   4.7569025E+06   1.3416118E-04   2.5216659E-04   1.7297294E-04
   4.5000000E-01   2.7737099E+06   1.3903847E+06   4.1634579E+06   6.5613678E-04   2.4776514E-05   4.3793572E-04
   5.0000000E-01   2.4393805E+06   1.2256395E+06   3.6646572E+06   6.8028822E-05   8.2806131E-04   2.3046038E-04
   5.5000000E-01   2.1562601E+06   1.0802975E+06   3.2361409E+06   2.3170487E-04   2.1444182E-04   1.1652440E-04
   6.0000000E-01   1.8982728E+06   9.5446280E+05   2.8523696E+06   1.0217714E-03   4.4858316E-05   6.8826308E-04
   6.5000000E-01   1.6790553E+06   8.4146443E+05   2.5202161E+06   4.3102788E-04   3.5657162E-04   2.7349792E-04
   7.0000000E-01   1.4720332E+06   7.3562779E+05   2.2074018E+06   7.7586617E-04   9.1910760E-04   7.1575495E-04
   7.5000000E-01   1.2776959E+06   6.4021455E+05   1.9176940E+06   3.9552117E-04   1.1910949E-04   2.4222937E-04
   8.0000000E-01   1.0910231E+06   5.4840815E+05   1.6392760E+06   5.0497677E-04   7.6729490E-04   5.3117932E-04
   8.5000000E-01   9.0821300E+05   4.5497717E+05   1.3630891E+06   1.2220669E-03   5.6239167E-04   7.9145481E-04
   9.0000000E-01   7.1273474E+05   3.5990238E+05   1.0725876E+06   5.2761763E-04   1.4037199E-03   8.0115772E-04
   9.5000000E-01   4.9192280E+05   2.4781262E+05   7.3969521E+05   1.5922275E-03   1.4562107E-03   1.4964201E-03
   1.0000000E+00   2.5449072E+05   1.2790870E+05   3.8238685E+05   2.6056134E-03   9.5170573E-04   1.4181784E-03
