   0.0000000E+00   3.2520896E+09   1.6637462E+09   4.6964546E+09   6.3934498E-06   9.5942416E-07   4.4560443E-06
   5.0000000E-02   5.6277188E+04   1.5915494E+04   7.2192682E+04   1.6271512E-01   5.6428677E-02   1.3928337E-01
   1.0000000E-01   2.7279157E+04   6.1433808E+03   3.3422538E+04   1.7620602E-01   4.8983483E-02   1.5282131E-01
   1.5000000E-01   1.5809391E+04   4.2653525E+03   2.0074743E+04   1.7485743E-01   3.8782620E-02   1.4594513E-01
   2.0000000E-01   1.2780142E+04   2.8488735E+03   1.5629015E+04   1.7686734E-01   4.9906906E-02   1.5372485E-01
   2.5000000E-01   9.4092402E+03   2.3045636E+03   1.1713804E+04   1.8105984E-01   4.9558292E-02   1.5518833E-01
   3.0000000E-01   7.2786861E+03   1.5809391E+03   8.8596252E+03   1.8959190E-01   3.8381427E-02   1.6260943E-01
   3.5000000E-01   5.8750910E+03   1.2823341E+03   7.1574252E+03   1.8245340E-01   3.1890076E-02   1.5547827E-01
   4.0000000E-01   4.7507751E+03   1.0981691E+03   5.8489442E+03   2.0098158E-01   4.8330117E-02   1.7232049E-01
   4.5000000E-01   3.7277624E+03   7.0028175E+02   4.4280442E+03   2.0465787E-01   3.7351643E-02   1.7819890E-01
   5.0000000E-01   3.3740848E+03   6.1115498E+02   3.9852398E+03   2.0217441E-01   2.4684273E-02   1.7493553E-01
   5.5000000E-01   3.0036878E+03   6.8291939E+02   3.6866072E+03   2.2372306E-01   2.4630975E-02   1.8684258E-01
   6.0000000E-01   2.4775119E+03   5.2521131E+02   3.0027233E+03   2.1657517E-01   4.9331905E-02   1.8732238E-01
   6.5000000E-01   1.8755798E+03   4.5053092E+02   2.3261107E+03   2.2697867E-01   1.6559979E-02   1.8622389E-01
   7.0000000E-01   1.7734408E+03   3.7287730E+02   2.1463181E+03   2.1366665E-01   2.8359215E-02   1.8147341E-01
   7.5000000E-01   1.3835870E+03   3.1406575E+02   1.6976527E+03   2.3247146E-01   4.3246494E-02   1.9746469E-01
   8.0000000E-01   1.0902114E+03   1.9496481E+02   1.2851762E+03   2.3349359E-01   3.9858411E-02   2.0411859E-01
   8.5000000E-01   9.5492966E+02   1.0485502E+02   1.0597847E+03   2.4269295E-01   1.2846925E-02   2.1995198E-01
   9.0000000E-01   6.8613464E+02   9.1956189E+01   7.7809083E+02   2.3469749E-01   3.6442514E-06   2.0696094E-01
   9.5000000E-01   4.8584141E+02   8.0415129E+01   5.6625653E+02   2.5439513E-01   1.6851980E-02   2.2066118E-01
   1.0000000E+00   1.5719007E+02   3.1438013E+01   1.8862808E+02   2.7260728E-01   1.8745037E-05   2.2716961E-01
