   0.0000000E+00   3.2352655E+09   1.6614467E+09   4.6843568E+09   2.6133237E-05   2.5473141E-09   1.7838440E-05
   5.0000000E-02   1.4947832E+05   4.0870989E+04   1.9028565E+05   2.1646126E-01   2.3394519E-05   1.7005457E-01
   1.0000000E-01   5.5704230E+04   1.2987043E+04   6.8691273E+04   2.4400446E-01   3.9203823E-07   1.9787194E-01
   1.5000000E-01   2.5549674E+04   5.9630052E+03   3.1512679E+04   2.5772336E-01   2.2180332E-07   2.0895546E-01
   2.0000000E-01   1.2923381E+04   2.8329580E+03   1.5756339E+04   2.4684152E-01   6.7479998E-06   2.0245870E-01
   2.5000000E-01   7.4102542E+03   1.2732395E+03   8.6834937E+03   2.0446145E-01   8.9564223E-06   1.7448045E-01
   3.0000000E-01   4.9762446E+03   5.8356812E+02   5.5598127E+03   1.7072196E-01   6.5169975E-06   1.5280199E-01
   3.5000000E-01   3.8197186E+03   2.1826964E+02   4.0379883E+03   7.0763269E-02   1.5793502E-06   6.6938142E-02
   4.0000000E-01   3.6048595E+03   1.0345071E+02   3.7083102E+03   3.4828910E-02   4.7143869E-06   3.3857157E-02
   4.5000000E-01   3.6287327E+03   4.2441318E+01   3.6711740E+03   1.2223540E-02   4.0165391E-05   1.2081763E-02
   5.0000000E-01   3.5141411E+03   0.0000000E+00   3.5141411E+03   2.6709820E-03   0.0000000E+00   2.6709820E-03
   5.5000000E-01   3.6403076E+03   5.7874525E+00   3.6460951E+03   1.2606743E-03   6.9456510E-06   1.2586842E-03
   6.0000000E-01   3.6128172E+03   5.3051648E+00   3.6181224E+03   1.1564825E-03   3.1315862E-05   1.1547409E-03
   6.5000000E-01   3.5112029E+03   0.0000000E+00   3.5112029E+03   1.0104154E-05   0.0000000E+00   1.0104154E-05
   7.0000000E-01   3.2785918E+03   0.0000000E+00   3.2785918E+03   4.9257407E-06   0.0000000E+00   4.9257407E-06
   7.5000000E-01   2.7544415E+03   0.0000000E+00   2.7544415E+03   1.1873380E-05   0.0000000E+00   1.1873380E-05
   8.0000000E-01   1.9973945E+03   0.0000000E+00   1.9973945E+03   8.1116160E-05   0.0000000E+00   8.1116160E-05
   8.5000000E-01   1.4117980E+03   0.0000000E+00   1.4117980E+03   1.0791506E-06   0.0000000E+00   1.0791506E-06
   9.0000000E-01   1.0327387E+03   0.0000000E+00   1.0327387E+03   1.1691177E-05   0.0000000E+00   1.1691177E-05
   9.5000000E-01   5.3610086E+02   0.0000000E+00   5.3610086E+02   5.4350888E-06   0.0000000E+00   5.4350888E-06
   1.0000000E+00   2.5150411E+02   0.0000000E+00   2.5150411E+02   1.3424981E-05   0.0000000E+00   1.3424981E-05
