   0.0000000E+00   2.5759164E+07   2.5722495E+07   5.1479621E+07   1.2596508E-02   5.2943993E-04   6.5654780E-03
   5.0000000E-02   1.5538552E+07   1.0471249E+07   2.6005981E+07   1.9685885E-03   1.9407768E-04   1.2538982E-03
   1.0000000E-01   1.0654914E+07   5.8171132E+06   1.6468208E+07   8.0709338E-04   5.6007977E-04   7.2259939E-04
   1.5000000E-01   8.0399135E+06   4.1139219E+06   1.2150652E+07   4.5627493E-04   3.4991309E-04   4.1510616E-04
   2.0000000E-01   6.4036946E+06   3.2008765E+06   9.6019291E+06   1.2264573E-04   7.9638626E-04   2.5950388E-04
   2.5000000E-01   5.2794750E+06   2.5900875E+06   7.8673471E+06   1.5380542E-04   7.4276399E-04   3.4820595E-04
   3.0000000E-01   4.4340567E+06   2.1640828E+06   6.5964525E+06   4.3466237E-04   3.4785991E-04   1.8342471E-04
   3.5000000E-01   3.8033757E+06   1.8517632E+06   5.6535201E+06   1.8818439E-04   3.6418071E-04   1.0797405E-05
   4.0000000E-01   3.3033404E+06   1.5965787E+06   4.8984629E+06   3.5176399E-04   2.4807659E-04   3.1701485E-04
   4.5000000E-01   2.8940240E+06   1.4035132E+06   4.2963912E+06   9.9518832E-05   3.2289518E-04   8.4203427E-05
   5.0000000E-01   2.5440727E+06   1.2339028E+06   3.7770778E+06   2.6665649E-04   7.6489783E-04   1.8483118E-04
   5.5000000E-01   2.2438185E+06   1.0855293E+06   3.3284449E+06   4.8504263E-04   7.0257958E-04   5.5582401E-04
   6.0000000E-01   1.9861529E+06   9.5673341E+05   2.9421754E+06   5.3881234E-04   6.1461461E-04   3.6757034E-04
   6.5000000E-01   1.7584662E+06   8.4432432E+05   2.6022029E+06   7.5173156E-04   4.7562307E-04   6.4351971E-04
   7.0000000E-01   1.5432709E+06   7.4149379E+05   2.2842463E+06   1.0935670E-03   9.0314190E-04   1.0090545E-03
   7.5000000E-01   1.3421430E+06   6.4965350E+05   1.9914018E+06   6.3805723E-04   1.4340282E-03   8.9714080E-04
   8.0000000E-01   1.1579716E+06   5.5677572E+05   1.7144290E+06   1.1425309E-03   1.5969704E-03   1.2750380E-03
   8.5000000E-01   9.7135819E+05   4.6700929E+05   1.4380866E+06   1.3904603E-03   1.4796056E-03   1.4186275E-03
   9.0000000E-01   7.8291500E+05   3.7636607E+05   1.1591042E+06   2.3822506E-03   2.9413932E-03   2.5565699E-03
   9.5000000E-01   5.7178843E+05   2.7605509E+05   8.4773294E+05   3.5947392E-03   3.2117195E-03   3.4540041E-03
   1.0000000E+00   3.4923860E+05   1.6763378E+05   5.1685980E+05   6.2161357E-03   6.4032882E-03   6.2771824E-03
