   0.0000000E+00   3.7932862E+07   2.4979432E+07   6.2901089E+07   1.6665987E-02   3.4720666E-03   1.1429593E-02
   5.0000000E-02   1.9704592E+07   1.0768869E+07   3.0454489E+07   6.9583113E-03   2.9693010E-03   5.5554258E-03
   1.0000000E-01   1.1905490E+07   6.0707107E+06   1.7965346E+07   2.8316248E-03   1.7038925E-03   2.4503246E-03
   1.5000000E-01   8.5273521E+06   4.2662013E+06   1.2784471E+07   1.3883533E-03   1.4196167E-03   1.3769235E-03
   2.0000000E-01   6.6006170E+06   3.2799446E+06   9.8731928E+06   1.1576739E-03   7.4976222E-04   1.0218380E-03
   2.5000000E-01   5.3233127E+06   2.6516487E+06   7.9691554E+06   8.8047350E-04   1.4127860E-03   1.0506839E-03
   3.0000000E-01   4.4470756E+06   2.2025665E+06   6.6444112E+06   8.9001909E-04   5.3719168E-04   7.5418261E-04
   3.5000000E-01   3.7834859E+06   1.8809477E+06   5.6601773E+06   7.2423418E-04   9.7020616E-04   8.0766936E-04
   4.0000000E-01   3.2432753E+06   1.6090008E+06   4.8488145E+06   7.5633472E-04   9.3110991E-04   8.1683218E-04
   4.5000000E-01   2.8220789E+06   1.3989507E+06   4.2179031E+06   9.7662367E-04   1.4327432E-03   1.1198388E-03
   5.0000000E-01   2.4667361E+06   1.2224309E+06   3.6868816E+06   1.5570248E-03   8.2229240E-04   1.3101550E-03
   5.5000000E-01   2.1695828E+06   1.0703430E+06   3.2377266E+06   1.4997294E-03   1.2389647E-03   1.3946583E-03
   6.0000000E-01   1.9115198E+06   9.4503553E+05   2.8546986E+06   1.6861406E-03   1.6402835E-03   1.6747051E-03
   6.5000000E-01   1.6722679E+06   8.2601905E+05   2.4969452E+06   1.9556844E-03   2.0847345E-03   2.0011337E-03
   7.0000000E-01   1.4637798E+06   7.2388670E+05   2.1861841E+06   2.2629503E-03   2.5916977E-03   2.3454253E-03
   7.5000000E-01   1.2686856E+06   6.2706199E+05   1.8945974E+06   3.1866380E-03   3.5698531E-03   3.3081348E-03
   8.0000000E-01   1.0880667E+06   5.3863205E+05   1.6260502E+06   3.9639552E-03   3.4681619E-03   3.8016048E-03
   8.5000000E-01   9.0929900E+05   4.5335566E+05   1.3620255E+06   4.9340245E-03   5.1757104E-03   5.0038347E-03
   9.0000000E-01   7.3589355E+05   3.6413944E+05   1.0996970E+06   6.3647549E-03   7.2483729E-03   6.6640474E-03
   9.5000000E-01   5.4372019E+05   2.6781589E+05   8.1132164E+05   1.0375259E-02   9.3413394E-03   1.0032444E-02
   1.0000000E+00   3.3377110E+05   1.6827511E+05   5.0201477E+05   1.9235327E-02   1.8988346E-02   1.9147464E-02
