   0.0000000E+00   2.3918778E+09   1.4215648E+09   3.6770506E+09   1.8894462E-03   7.8269403E-08   1.1934190E-03
   5.0000000E-02   1.0332212E+07   2.7579005E+06   1.3079226E+07   1.7996236E-01   5.5371892E-06   1.4205359E-01
   1.0000000E-01   4.9475861E+06   1.3154793E+06   6.2589591E+06   1.8492724E-01   1.9347312E-06   1.4609849E-01
   1.5000000E-01   3.1577614E+06   8.4594035E+05   4.0006248E+06   1.9091802E-01   6.4586297E-05   1.5060493E-01
   2.0000000E-01   2.2511193E+06   6.0918146E+05   2.8580249E+06   1.9690450E-01   4.8393314E-05   1.5500166E-01
   2.5000000E-01   1.7080254E+06   4.5975407E+05   2.1663662E+06   2.0376192E-01   1.7224981E-05   1.6055186E-01
   3.0000000E-01   1.3449548E+06   3.6104829E+05   1.7049951E+06   2.1117303E-01   2.8856604E-05   1.6650674E-01
   3.5000000E-01   1.0789796E+06   2.9390007E+05   1.3720975E+06   2.1814850E-01   3.8458729E-05   1.7145906E-01
   4.0000000E-01   8.8142395E+05   2.4111974E+05   1.1218354E+06   2.2605194E-01   3.4566791E-05   1.7751298E-01
   4.5000000E-01   7.2956626E+05   2.0103038E+05   9.3006612E+05   2.3414940E-01   1.6626049E-05   1.8358642E-01
   5.0000000E-01   6.0642490E+05   1.6797849E+05   7.7416784E+05   2.4405355E-01   2.8928069E-05   1.9111717E-01
   5.5000000E-01   5.1290140E+05   1.3895095E+05   6.5152246E+05   2.5327996E-01   7.8540334E-05   1.9933223E-01
   6.0000000E-01   4.2659360E+05   1.1754123E+05   5.4395446E+05   2.6212123E-01   4.6670092E-05   2.0551065E-01
   6.5000000E-01   3.5942083E+05   1.0005704E+05   4.5926730E+05   2.7410284E-01   7.6982900E-05   2.1443362E-01
   7.0000000E-01   2.9857467E+05   8.3938317E+04   3.8237202E+05   2.8587579E-01   5.2846643E-05   2.2315582E-01
   7.5000000E-01   2.4615965E+05   7.0422879E+04   3.1651037E+05   2.9880182E-01   2.8799713E-05   2.3235227E-01
   8.0000000E-01   1.9922618E+05   5.7395251E+04   2.5652992E+05   3.1105331E-01   4.1714538E-05   2.4151326E-01
   8.5000000E-01   1.5737615E+05   4.4522191E+04   2.0185341E+05   3.2654991E-01   1.5472659E-05   2.5454490E-01
   9.0000000E-01   1.1885337E+05   3.4338563E+04   1.5317072E+05   3.4210534E-01   6.2630879E-05   2.6544344E-01
   9.5000000E-01   7.7047746E+04   2.2010291E+04   9.9044634E+04   3.6021010E-01   1.2888216E-04   2.8019805E-01
   1.0000000E+00   3.4204559E+04   9.9721379E+03   4.4176697E+04   3.7378641E-01   2.4755981E-04   2.8943915E-01
