   0.0000000E+00   6.6674004E+08   7.5344459E+08   1.4041296E+09   9.8793240E-03   5.6111678E-04   4.9308816E-03
   5.0000000E-02   1.9779331E+07   8.0296852E+06   2.7769673E+07   1.3151050E-01   2.0961416E-02   9.9577813E-02
   1.0000000E-01   1.0558371E+07   4.0848389E+06   1.4625321E+07   1.1897867E-01   2.0074372E-02   9.1397287E-02
   1.5000000E-01   7.2777099E+06   2.7139101E+06   9.9759167E+06   1.1174399E-01   2.0085640E-02   8.6862719E-02
   2.0000000E-01   5.5225810E+06   2.0170502E+06   7.5281720E+06   1.0630212E-01   2.0048528E-02   8.3265988E-02
   2.5000000E-01   4.4455286E+06   1.5826113E+06   6.0187688E+06   1.0291620E-01   1.9930000E-02   8.1141754E-02
   3.0000000E-01   3.6745693E+06   1.2845395E+06   4.9515013E+06   1.0094215E-01   2.0350061E-02   8.0076902E-02
   3.5000000E-01   3.0925988E+06   1.0720313E+06   4.1583003E+06   9.9907642E-02   2.1860606E-02   7.9867034E-02
   4.0000000E-01   2.6470093E+06   9.0443775E+05   3.5456140E+06   9.9185236E-02   2.1699148E-02   7.9496905E-02
   4.5000000E-01   2.2943777E+06   7.6682266E+05   3.0568006E+06   1.0031452E-01   2.3120239E-02   8.1033721E-02
   5.0000000E-01   1.9831470E+06   6.5822028E+05   2.6383624E+06   1.0167365E-01   2.3804903E-02   8.2286078E-02
   5.5000000E-01   1.7294644E+06   5.6900497E+05   2.2952053E+06   1.0354163E-01   2.5139553E-02   8.4146756E-02
   6.0000000E-01   1.4954411E+06   4.9349704E+05   1.9868054E+06   1.0512797E-01   2.7177801E-02   8.5802903E-02
   6.5000000E-01   1.3070538E+06   4.2421403E+05   1.7291426E+06   1.0954074E-01   2.9147874E-02   8.9852848E-02
   7.0000000E-01   1.1323692E+06   3.6587448E+05   1.4965294E+06   1.1376275E-01   3.0235961E-02   9.3389326E-02
   7.5000000E-01   9.7248339E+05   3.1260577E+05   1.2839135E+06   1.1799515E-01   3.3284902E-02   9.7405049E-02
   8.0000000E-01   8.2119574E+05   2.6271706E+05   1.0829221E+06   1.2502870E-01   3.5244951E-02   1.0329252E-01
   8.5000000E-01   6.8323906E+05   2.1454835E+05   8.9713207E+05   1.3206017E-01   3.8942146E-02   1.0981658E-01
   9.0000000E-01   5.3520271E+05   1.6806762E+05   7.0288128E+05   1.4114295E-01   4.3247679E-02   1.1777350E-01
   9.5000000E-01   3.7218802E+05   1.1600217E+05   4.8800926E+05   1.5421988E-01   4.8268035E-02   1.2905140E-01
   1.0000000E+00   1.7990718E+05   5.5846487E+04   2.3572851E+05   1.6917665E-01   5.5756793E-02   1.4231276E-01
