   0.0000000E+00   3.2055176E+09   1.6509196E+09   4.6499314E+09   3.1553319E-04   2.3137986E-09   2.0924196E-04
   5.0000000E-02   1.8572109E+06   4.5371891E+05   2.3109298E+06   2.1602768E-01   7.8186674E-06   1.7359420E-01
   1.0000000E-01   6.6663639E+05   1.7074142E+05   8.3731416E+05   2.5072234E-01   4.0170516E-06   1.9961151E-01
   1.5000000E-01   2.9942350E+05   8.0702166E+04   3.8012567E+05   2.8131547E-01   8.2353272E-06   2.2159285E-01
   2.0000000E-01   1.4534029E+05   3.8372257E+04   1.8371255E+05   3.0236957E-01   1.3073472E-05   2.3921602E-01
   2.5000000E-01   7.0499274E+04   1.9187720E+04   8.9661529E+04   3.2160607E-01   1.0472909E-05   2.5286164E-01
   3.0000000E-01   3.4557843E+04   9.1567144E+03   4.3714558E+04   3.3528855E-01   1.9224135E-06   2.6505740E-01
   3.5000000E-01   1.4469458E+04   4.4108656E+03   1.8880324E+04   3.5138760E-01   1.4835529E-05   2.6929907E-01
   4.0000000E-01   6.7481696E+03   1.7507044E+03   8.4988740E+03   3.5749669E-01   6.4468997E-04   2.8398785E-01
   4.5000000E-01   2.9072303E+03   7.0028175E+02   3.6075120E+03   3.4932812E-01   9.3780196E-06   2.8151919E-01
   5.0000000E-01   1.1777466E+03   3.4377468E+02   1.5215213E+03   3.6298422E-01   6.4623787E-06   2.8096960E-01
   5.5000000E-01   5.9032015E+02   9.2599240E+01   6.8291939E+02   3.6516947E-01   8.7872134E-05   3.1564305E-01
   6.0000000E-01   1.5915494E+02   3.1830989E+01   1.9098593E+02   3.7361399E-01   2.8739836E-02   3.1612771E-01
   6.5000000E-01   6.8559052E+01   0.0000000E+00   6.8559052E+01   3.5557882E-01   0.0000000E+00   3.5557882E-01
   7.0000000E-01   2.2736420E+01   1.3641852E+01   3.6378273E+01   3.3098836E-01   1.0906104E-06   2.0686812E-01
   7.5000000E-01   2.5464791E+01   4.2441318E+00   2.9708923E+01   3.4261893E-01   3.4888412E-01   3.4274053E-01
   8.0000000E-01   3.9788736E+00   0.0000000E+00   3.9788736E+00   2.9582706E-01   0.0000000E+00   2.9582706E-01
   8.5000000E-01   3.7448222E+00   0.0000000E+00   3.7448222E+00   8.2935563E-03   0.0000000E+00   8.2935563E-03
   9.0000000E-01   0.0000000E+00   0.0000000E+00   0.0000000E+00   0.0000000E+00   0.0000000E+00   0.0000000E+00
   9.5000000E-01   0.0000000E+00   0.0000000E+00   0.0000000E+00   0.0000000E+00   0.0000000E+00   0.0000000E+00
   1.0000000E+00   0.0000000E+00   0.0000000E+00   0.0000000E+00   0.0000000E+00   0.0000000E+00   0.0000000E+00
