   0.0000000E+00   1.2256917E+08   6.6302676E+07   1.8883670E+08   7.7512855E-05   9.1901234E-05   2.5995008E-05
   5.0000000E-02   4.6334460E+07   2.3301430E+07   6.9602022E+07   6.5769965E-05   2.2408322E-05   4.5344114E-05
   1.0000000E-01   2.2381610E+07   1.1218259E+07   3.3586245E+07   4.7269896E-05   1.5079866E-04   7.2485602E-05
   1.5000000E-01   1.3766881E+07   6.8971386E+06   2.0656105E+07   4.0605408E-05   3.9905934E-05   3.1718851E-05
   2.0000000E-01   9.3968898E+06   4.6782163E+06   1.4070061E+07   2.9379413E-05   2.6730614E-05   2.7214926E-05
   2.5000000E-01   6.7561783E+06   3.3670056E+06   1.0119670E+07   5.0862672E-05   1.0130791E-04   6.2340116E-05
   3.0000000E-01   5.0331159E+06   2.5084198E+06   7.5393606E+06   9.6248137E-05   1.1051663E-04   5.5868625E-05
   3.5000000E-01   3.8314688E+06   1.9183718E+06   5.7484492E+06   9.8723171E-05   3.0238561E-04   1.3761074E-04
   4.0000000E-01   2.9727995E+06   1.4869528E+06   4.4586621E+06   2.1458368E-04   1.5939145E-04   9.4300452E-05
   4.5000000E-01   2.3433903E+06   1.1596949E+06   3.5022434E+06   1.0591932E-04   1.7208164E-04   1.1893951E-04
   5.0000000E-01   1.8515895E+06   9.2260847E+05   2.7737332E+06   8.6953430E-05   2.1349793E-04   1.1108066E-04
   5.5000000E-01   1.4743767E+06   7.3549261E+05   2.2094989E+06   2.5849956E-04   2.1361377E-04   1.6685992E-04
   6.0000000E-01   1.1814231E+06   5.9044892E+05   1.7716598E+06   2.6187887E-04   6.3673412E-05   1.6303120E-04
   6.5000000E-01   9.4372025E+05   4.7174015E+05   1.4152792E+06   8.4052088E-05   4.2590214E-04   1.9926908E-04
   7.0000000E-01   7.5484461E+05   3.7779746E+05   1.1325329E+06   3.9833272E-04   4.8849196E-04   3.8921135E-04
   7.5000000E-01   5.9693714E+05   2.9963571E+05   8.9652616E+05   6.8927383E-05   3.0980773E-04   9.1551705E-05
   8.0000000E-01   4.7058536E+05   2.3528273E+05   7.0583626E+05   4.2958670E-04   2.3137292E-04   3.4872438E-04
   8.5000000E-01   3.5923330E+05   1.7895382E+05   5.3814593E+05   7.8606577E-04   7.0631706E-04   6.9444006E-04
   9.0000000E-01   2.5822713E+05   1.2899331E+05   3.8719568E+05   1.1371107E-03   1.0016288E-03   1.0000824E-03
   9.5000000E-01   1.6563171E+05   8.2154106E+04   2.4777577E+05   1.8218654E-03   1.4026072E-03   1.5485154E-03
   1.0000000E+00   8.3637691E+04   4.1768545E+04   1.2540624E+05   2.6611092E-03   2.9661379E-03   2.7592612E-03
