   0.0000000E+00   1.4425605E+09   6.5196486E+08   2.0599549E+09   4.9803439E-02   3.3622409E-06   3.4333053E-02
   5.0000000E-02   1.9303305E+08   9.9453059E+07   2.8705956E+08   2.7905852E-02   1.0410440E-05   1.8450205E-02
   1.0000000E-01   1.8530124E+07   1.1942637E+07   3.0350052E+07   1.9790473E-02   4.6464359E-05   1.2048887E-02
   1.5000000E-01   2.0103391E+06   1.6054490E+06   3.6134963E+06   1.8446431E-02   1.9121089E-04   1.0365989E-02
   2.0000000E-01   2.2861016E+05   2.2547481E+05   4.5403722E+05   2.0589526E-02   8.3638117E-04   1.0803224E-02
   2.5000000E-01   2.9526425E+04   3.3829975E+04   6.3356400E+04   3.9877743E-02   4.5011066E-03   2.0962261E-02
   3.0000000E-01   5.4749300E+03   5.3476061E+03   1.0822536E+04   8.4425389E-02   1.9665307E-02   5.2423521E-02
   3.5000000E-01   2.1736018E+03   1.1641047E+03   3.3377065E+03   1.2148671E-01   5.0491641E-02   9.6725415E-02
   4.0000000E-01   1.1300001E+03   3.8992961E+02   1.5199297E+03   1.1534574E-01   1.5725309E-01   1.2606545E-01
   4.5000000E-01   7.1442886E+02   2.6879501E+02   9.8322387E+02   1.0805462E-01   1.6364634E-01   1.2324195E-01
   5.0000000E-01   6.5571837E+02   1.0185916E+02   7.5757753E+02   1.0463939E-01   2.1835373E-01   1.1988576E-01
   5.5000000E-01   4.5720875E+02   1.0996160E+02   5.6717034E+02   8.2965298E-02   2.8089876E-01   1.2132176E-01
   6.0000000E-01   2.6525824E+02   1.1140846E+02   3.7666670E+02   5.2912217E-02   2.9872065E-01   1.2560522E-01
   6.5000000E-01   2.4975083E+02   7.3456128E+01   3.2320696E+02   2.6930936E-02   3.1875381E-01   9.3253691E-02
   7.0000000E-01   1.9553322E+02   6.8209261E+01   2.6374248E+02   4.5082234E-03   3.1712517E-01   8.5357355E-02
   7.5000000E-01   1.6552114E+02   2.9708923E+01   1.9523006E+02   2.1033627E-02   3.1467879E-01   3.0325697E-02
   8.0000000E-01   1.1936621E+02   1.9894368E+01   1.3926058E+02   4.6028185E-02   3.7698638E-01   1.4420755E-02
   8.5000000E-01   8.2386088E+01   2.2468933E+01   1.0485502E+02   6.1524783E-02   4.0707129E-01   3.9843308E-02
   9.0000000E-01   7.7809083E+01   1.7683883E+01   9.5492966E+01   9.6684577E-02   4.3517630E-01   4.0847758E-03
   9.5000000E-01   6.3661977E+01   3.3506304E+00   6.7012608E+01   1.1449559E-01   4.5598638E-01   8.6013024E-02
   1.0000000E+00   3.1438013E+01   1.2575205E+01   4.4013219E+01   1.0119065E-01   4.9152703E-01   6.8282159E-02
