   0.0000000E+00   1.7104950E+09   1.4914855E+09   3.1108833E+09   2.3562588E-02   9.8293612E-08   1.2596142E-02
   5.0000000E-02   4.1182042E+07   1.7971967E+07   5.8925972E+07   2.2329016E-01   9.4281318E-06   1.5545950E-01
   1.0000000E-01   5.7805712E+06   1.9223052E+06   7.6964147E+06   2.0885682E-01   2.7421522E-05   1.5674025E-01
   1.5000000E-01   1.5284392E+06   2.1137899E+05   1.7392877E+06   1.0970327E-01   7.4837279E-05   9.6383815E-02
   2.0000000E-01   9.4660586E+05   2.7836200E+04   9.7423515E+05   2.7849366E-02   3.8225661E-04   2.7062437E-02
   2.5000000E-01   8.6508988E+05   3.6032679E+03   8.6848943E+05   5.2521388E-03   2.0393824E-03   5.2400375E-03
   3.0000000E-01   8.9179820E+05   4.6685450E+02   8.9213773E+05   9.5596192E-04   3.2343572E-05   9.6101059E-04
   3.5000000E-01   9.1724177E+05   9.0945682E+01   9.1703259E+05   1.4957534E-04   4.1207001E-02   1.5359443E-04
   4.0000000E-01   9.8673677E+05   7.9577472E+00   9.8637072E+05   2.0251240E-05   1.7252901E-05   2.0255586E-05
   4.5000000E-01   1.0698395E+06   7.0735530E+00   1.0691605E+06   5.8328401E-06   2.9915599E-05   5.8382255E-06
   5.0000000E-01   1.1896577E+06   6.3661977E+00   1.1890911E+06   4.7300610E-06   1.9682336E-01   3.7541217E-06
   5.5000000E-01   1.3853946E+06   0.0000000E+00   1.3844165E+06   7.4733330E-06   0.0000000E+00   7.5294401E-06
   6.0000000E-01   1.6782677E+06   0.0000000E+00   1.6765700E+06   6.4181804E-06   0.0000000E+00   6.4227943E-06
   6.5000000E-01   1.9045705E+06   0.0000000E+00   1.9029251E+06   1.5580878E-06   0.0000000E+00   1.5766200E-06
   7.0000000E-01   1.5774256E+06   0.0000000E+00   1.5756612E+06   9.1317837E-07   0.0000000E+00   9.2670373E-07
   7.5000000E-01   7.9114861E+05   0.0000000E+00   7.9066054E+05   1.4540418E-05   0.0000000E+00   1.4551461E-05
   8.0000000E-01   2.4205080E+05   0.0000000E+00   2.4199509E+05   5.1814485E-05   0.0000000E+00   5.1824853E-05
   8.5000000E-01   5.6288422E+04   0.0000000E+00   5.6288422E+04   3.2168277E-05   0.0000000E+00   3.2168277E-05
   9.0000000E-01   1.2368107E+04   0.0000000E+00   1.2368107E+04   2.3363662E-04   0.0000000E+00   2.3363662E-04
   9.5000000E-01   2.4794665E+03   0.0000000E+00   2.4794665E+03   1.1752346E-05   0.0000000E+00   1.1752346E-05
   1.0000000E+00   4.4641979E+02   0.0000000E+00   4.4641979E+02   3.3466600E-05   0.0000000E+00   3.3466600E-05
