   0.0000000E+00   8.6214615E+07   4.3874307E+07   1.3007110E+08   1.6414984E-03   8.5646244E-04   1.3650508E-03
   5.0000000E-02   3.1129752E+07   1.5579423E+07   4.6696633E+07   3.6154810E-04   8.6605991E-05   2.6934959E-04
   1.0000000E-01   1.5829551E+07   7.9410995E+06   2.3763775E+07   1.1635623E-04   2.2961532E-04   7.5326097E-05
   1.5000000E-01   1.0440310E+07   5.2284733E+06   1.5663817E+07   1.9678684E-04   1.8371329E-04   1.8990978E-04
   2.0000000E-01   7.6087840E+06   3.8026413E+06   1.1407749E+07   2.1134167E-04   2.3911125E-04   2.1041973E-04
   2.5000000E-01   5.8535278E+06   2.9479315E+06   8.7988747E+06   1.4145397E-04   2.5151199E-04   4.8014585E-05
   3.0000000E-01   4.6752613E+06   2.3349728E+06   7.0081439E+06   1.9045422E-04   2.6855278E-04   5.6581678E-05
   3.5000000E-01   3.8308231E+06   1.9129606E+06   5.7420739E+06   7.2962229E-05   2.8318644E-04   5.6716764E-05
   4.0000000E-01   3.1680667E+06   1.5859870E+06   4.7526451E+06   1.5774667E-04   5.0803012E-04   2.0309631E-04
   4.5000000E-01   2.6612687E+06   1.3340933E+06   3.9942373E+06   3.1656482E-05   5.4053225E-04   1.6159308E-04
   5.0000000E-01   2.2548436E+06   1.1303311E+06   3.3843662E+06   4.6176253E-04   3.3277306E-04   3.3885819E-04
   5.5000000E-01   1.9173020E+06   9.6331568E+05   2.8800736E+06   5.1982234E-04   3.9274010E-04   4.7473443E-04
   6.0000000E-01   1.6334708E+06   8.2190265E+05   2.4548695E+06   3.9045067E-04   2.4023727E-04   2.9649343E-04
   6.5000000E-01   1.3978211E+06   6.9769120E+05   2.0951010E+06   2.9870511E-04   6.7445350E-04   3.7952736E-04
   7.0000000E-01   1.1814754E+06   5.9259752E+05   1.7736863E+06   2.9703242E-04   3.1659730E-04   1.2026755E-04
   7.5000000E-01   9.9586431E+05   4.9957251E+05   1.4951652E+06   6.6503116E-04   6.7201146E-04   6.6430423E-04
   8.0000000E-01   8.2863225E+05   4.1484930E+05   1.2432468E+06   7.8030465E-04   2.8198387E-04   6.0096756E-04
   8.5000000E-01   6.6934577E+05   3.3355506E+05   1.0027698E+06   8.5766389E-04   1.0932604E-03   8.9158393E-04
   9.0000000E-01   5.1311200E+05   2.5697157E+05   7.6999515E+05   1.2393171E-03   1.3217022E-03   1.2501299E-03
   9.5000000E-01   3.4753073E+05   1.7488950E+05   5.2237333E+05   1.0485414E-03   2.3580074E-03   1.4767476E-03
   1.0000000E+00   1.7839815E+05   8.9931581E+04   2.6832344E+05   4.5620165E-03   4.9664831E-03   4.7032711E-03
