   0.0000000E+00   9.1654913E+07   4.7630363E+07   1.3927254E+08   6.7460454E-04   6.0797590E-04   6.3202935E-04
   5.0000000E-02   3.4209909E+07   1.7165306E+07   5.1354716E+07   2.0205395E-04   1.4724986E-04   1.3875082E-04
   1.0000000E-01   1.7322456E+07   8.6815838E+06   2.5994108E+07   1.0919620E-04   1.0135879E-04   1.0340068E-04
   1.5000000E-01   1.1232583E+07   5.6131190E+06   1.6838742E+07   1.5385452E-05   2.7880227E-05   4.7487934E-06
   2.0000000E-01   8.0675641E+06   4.0462916E+06   1.2109574E+07   5.8693346E-05   1.5541916E-04   5.9931167E-05
   2.5000000E-01   6.1018350E+06   3.0595055E+06   9.1582847E+06   1.5605073E-04   1.0958945E-04   7.0851764E-05
   3.0000000E-01   4.7904895E+06   2.4006507E+06   7.1886680E+06   1.3567671E-04   1.8601939E-04   1.5269446E-04
   3.5000000E-01   3.8541052E+06   1.9326867E+06   5.7847729E+06   2.6139066E-05   1.4947619E-04   3.4587987E-05
   4.0000000E-01   3.1551194E+06   1.5790239E+06   4.7326314E+06   2.1683750E-04   8.8498875E-05   1.6540241E-04
   4.5000000E-01   2.6105796E+06   1.3079070E+06   3.9174185E+06   1.0944020E-04   5.0117282E-05   9.0602593E-05
   5.0000000E-01   2.1788057E+06   1.0887344E+06   3.2667953E+06   3.3326262E-04   4.9689786E-04   3.7796132E-04
   5.5000000E-01   1.8252583E+06   9.1736909E+05   2.7419098E+06   2.5817331E-04   6.4669034E-06   1.7216002E-04
   6.0000000E-01   1.5295798E+06   7.6938683E+05   2.2985210E+06   4.4011582E-04   1.0201768E-04   2.5870770E-04
   6.5000000E-01   1.2879797E+06   6.4667347E+05   1.9342223E+06   1.4984734E-04   8.3957942E-04   2.2329591E-04
   7.0000000E-01   1.0804256E+06   5.3914419E+05   1.6192151E+06   1.4740386E-04   6.6538924E-04   2.6897438E-04
   7.5000000E-01   8.9941217E+05   4.4945356E+05   1.3486026E+06   5.7174930E-04   6.8947622E-04   5.9857806E-04
   8.0000000E-01   7.3501732E+05   3.6976866E+05   1.1046149E+06   8.5516709E-04   7.5154946E-04   7.4886862E-04
   8.5000000E-01   5.8493374E+05   2.9503956E+05   8.7988717E+05   6.0889672E-04   7.8070796E-04   6.0559939E-04
   9.0000000E-01   4.4525541E+05   2.2150478E+05   6.6670713E+05   8.3093537E-04   1.3767840E-03   8.7033562E-04
   9.5000000E-01   2.9877906E+05   1.4911310E+05   4.4785866E+05   2.4681787E-03   2.0328164E-03   2.1688266E-03
   1.0000000E+00   1.5689455E+05   7.8821387E+04   2.3571594E+05   5.3462988E-03   3.1813213E-03   4.5574638E-03
