   0.0000000E+00   6.2066863E+07   3.1180618E+07   9.3243406E+07   4.5884778E-03   2.6656508E-03   3.8159254E-03
   5.0000000E-02   2.2629859E+07   1.1293189E+07   3.3918847E+07   9.2425287E-04   7.8986626E-04   8.5503474E-04
   1.0000000E-01   1.2065632E+07   6.0451185E+06   1.8108267E+07   1.0132488E-03   3.2617521E-04   5.6511025E-04
   1.5000000E-01   8.3031983E+06   4.1605861E+06   1.2461790E+07   5.5672276E-04   6.2713250E-04   4.1301802E-04
   2.0000000E-01   6.3704472E+06   3.1825418E+06   9.5517317E+06   3.2843283E-04   4.5568350E-04   3.7112459E-04
   2.5000000E-01   5.1148197E+06   2.5714091E+06   7.6852866E+06   3.5586326E-04   1.8131926E-04   2.8351861E-04
   3.0000000E-01   4.2844511E+06   2.1440611E+06   6.4277270E+06   2.4917378E-04   4.7054326E-04   3.2584269E-04
   3.5000000E-01   3.6537337E+06   1.8245250E+06   5.4774674E+06   5.6044606E-04   9.8221894E-04   6.8425943E-04
   4.0000000E-01   3.1618994E+06   1.5891382E+06   4.7503612E+06   4.4985316E-04   6.9595213E-04   1.2942685E-04
   4.5000000E-01   2.7712908E+06   1.3909788E+06   4.1616683E+06   3.2413152E-04   8.7874051E-04   4.2922051E-04
   5.0000000E-01   2.4478349E+06   1.2265117E+06   3.6738818E+06   3.8999536E-04   1.6645435E-04   2.3026405E-04
   5.5000000E-01   2.1591886E+06   1.0828729E+06   3.2415984E+06   3.8374314E-04   6.6406528E-04   4.1864622E-04
   6.0000000E-01   1.9082147E+06   9.5976797E+05   2.8676219E+06   2.5093664E-04   3.1041340E-04   6.3206538E-05
   6.5000000E-01   1.6910972E+06   8.4600891E+05   2.5367780E+06   4.0006107E-04   5.9579036E-04   3.1919896E-04
   7.0000000E-01   1.4844336E+06   7.4475874E+05   2.2288968E+06   2.1148386E-05   8.5818148E-04   2.9158496E-04
   7.5000000E-01   1.2944263E+06   6.4585925E+05   1.9400309E+06   6.4624962E-04   5.5941794E-04   6.1664299E-04
   8.0000000E-01   1.1066720E+06   5.5759139E+05   1.6641082E+06   6.5035097E-04   3.8573413E-04   3.5747729E-04
   8.5000000E-01   9.2364916E+05   4.6355656E+05   1.3870597E+06   7.9921327E-04   1.7334724E-04   5.8663937E-04
   9.0000000E-01   7.2320006E+05   3.6632870E+05   1.0894722E+06   5.8756965E-04   1.0787147E-03   6.1837076E-04
   9.5000000E-01   5.0245718E+05   2.5103258E+05   7.5345960E+05   1.0699551E-03   1.1413032E-03   1.0346386E-03
   1.0000000E+00   2.5411975E+05   1.2699700E+05   3.8111046E+05   2.3320742E-03   3.3320431E-03   2.6567447E-03
