   0.0000000E+00   3.2191621E+09   1.6563884E+09   4.6817746E+09   2.0030948E-04   2.6574752E-09   1.3344506E-04
   5.0000000E-02   1.1561652E+06   2.8335946E+05   1.4393336E+06   2.1700671E-01   1.8885660E-06   1.7429547E-01
   1.0000000E-01   4.2491187E+05   1.0516959E+05   5.2992230E+05   2.5220431E-01   3.0986498E-05   2.0218825E-01
   1.5000000E-01   1.9041297E+05   4.9953431E+04   2.4036641E+05   2.8076753E-01   6.4571236E-05   2.2243128E-01
   2.0000000E-01   9.1259444E+04   2.3459439E+04   1.1471888E+05   3.0326456E-01   2.3255252E-06   2.4124895E-01
   2.5000000E-01   4.4537919E+04   1.1433691E+04   5.5971610E+04   3.2223766E-01   8.1793007E-06   2.5641037E-01
   3.0000000E-01   2.0361222E+04   5.9417845E+03   2.6303007E+04   3.3362123E-01   4.8586783E-06   2.5825592E-01
   3.5000000E-01   9.1127573E+03   2.6919922E+03   1.1804749E+04   3.4761654E-01   6.1430366E-04   2.6848506E-01
   4.0000000E-01   4.0425356E+03   1.0106339E+03   5.0531694E+03   3.5921217E-01   3.0817522E-05   2.8737590E-01
   4.5000000E-01   1.7613147E+03   5.9417845E+02   2.3554932E+03   3.5913001E-01   2.6275154E-05   2.6854528E-01
   5.0000000E-01   6.8754935E+02   1.8461973E+02   8.7216909E+02   3.6521680E-01   1.1727547E-06   2.8790791E-01
   5.5000000E-01   1.9098593E+02   7.5236882E+01   2.6622281E+02   3.6896367E-01   1.5382110E-05   2.6469532E-01
   6.0000000E-01   1.2732395E+02   1.0610330E+01   1.3793428E+02   3.8647523E-01   1.8527108E-05   3.5674779E-01
   6.5000000E-01   2.4485376E+01   1.9588301E+01   4.4073677E+01   3.7345808E-01   4.0665230E-05   2.0749478E-01
   7.0000000E-01   2.2736420E+01   4.5472841E+00   2.7283705E+01   3.3966027E-01   2.0665140E-06   2.8304989E-01
   7.5000000E-01   1.2732395E+01   0.0000000E+00   1.2732395E+01   3.4995280E-01   0.0000000E+00   3.4995280E-01
   8.0000000E-01   0.0000000E+00   0.0000000E+00   0.0000000E+00   0.0000000E+00   0.0000000E+00   0.0000000E+00
   8.5000000E-01   0.0000000E+00   0.0000000E+00   0.0000000E+00   0.0000000E+00   0.0000000E+00   0.0000000E+00
   9.0000000E-01   0.0000000E+00   0.0000000E+00   0.0000000E+00   0.0000000E+00   0.0000000E+00   0.0000000E+00
   9.5000000E-01   0.0000000E+00   0.0000000E+00   0.0000000E+00   0.0000000E+00   0.0000000E+00   0.0000000E+00
   1.0000000E+00   0.0000000E+00   0.0000000E+00   0.0000000E+00   0.0000000E+00   0.0000000E+00   0.0000000E+00
