   0.0000000E+00   3.2325418E+09   1.6639601E+09   4.6718846E+09   3.5038670E-04   1.3006414E-08   2.3456709E-04
   5.0000000E-02   8.2696908E+04   2.2918312E+04   1.0561522E+05   3.3799509E-01   1.6917734E-07   2.6465073E-01
   1.0000000E-01   5.2202821E+03   0.0000000E+00   5.2202821E+03   1.2915659E-06   0.0000000E+00   1.2915659E-06
   1.5000000E-01   4.2865731E+03   0.0000000E+00   4.2865731E+03   1.0171755E-03   0.0000000E+00   1.0171755E-03
   2.0000000E-01   4.6791553E+03   0.0000000E+00   4.6791553E+03   2.4255367E-07   0.0000000E+00   2.4255367E-07
   2.5000000E-01   4.4945356E+03   0.0000000E+00   4.4945356E+03   2.8703204E-07   0.0000000E+00   2.8703204E-07
   3.0000000E-01   5.0611272E+03   0.0000000E+00   5.0611272E+03   1.4579006E-06   0.0000000E+00   1.4579006E-06
   3.5000000E-01   5.5567812E+03   0.0000000E+00   5.5567812E+03   3.3502079E-06   0.0000000E+00   3.3502079E-06
   4.0000000E-01   5.3555638E+03   0.0000000E+00   5.3555638E+03   6.2838171E-06   0.0000000E+00   6.2838171E-06
   4.5000000E-01   5.2980912E+03   0.0000000E+00   5.2980912E+03   8.9131358E-06   0.0000000E+00   8.9131358E-06
   5.0000000E-01   5.6659160E+03   0.0000000E+00   5.6659160E+03   2.0054755E-06   0.0000000E+00   2.0054755E-06
   5.5000000E-01   6.2620236E+03   0.0000000E+00   6.2620236E+03   5.1969036E-07   0.0000000E+00   5.1969036E-07
   6.0000000E-01   5.9948362E+03   0.0000000E+00   5.9948362E+03   3.0435204E-06   0.0000000E+00   3.0435204E-06
   6.5000000E-01   6.6649193E+03   0.0000000E+00   6.6649193E+03   2.1027996E-04   0.0000000E+00   2.1027996E-04
   7.0000000E-01   7.5575862E+03   0.0000000E+00   7.5575862E+03   7.9218586E-07   0.0000000E+00   7.9218586E-07
   7.5000000E-01   8.1232683E+03   0.0000000E+00   8.1232683E+03   7.2757274E-06   0.0000000E+00   7.2757274E-06
   8.0000000E-01   9.7681346E+03   0.0000000E+00   9.7681346E+03   1.8144615E-06   0.0000000E+00   1.8144615E-06
   8.5000000E-01   1.3799670E+04   0.0000000E+00   1.3799670E+04   8.6819679E-06   0.0000000E+00   8.6819679E-06
   9.0000000E-01   2.0690143E+04   0.0000000E+00   2.0690143E+04   4.0662884E-06   0.0000000E+00   4.0662884E-06
   9.5000000E-01   1.4809786E+03   0.0000000E+00   1.4809786E+03   1.1825149E-05   0.0000000E+00   1.1825149E-05
   1.0000000E+00   6.2876027E+00   0.0000000E+00   6.2876027E+00   7.4589924E-04   0.0000000E+00   7.4589924E-04
