   0.0000000E+00   1.0797784E+08   5.5869751E+07   1.6383537E+08   2.1174516E-04   1.0340265E-04   1.0893308E-04
   5.0000000E-02   3.8054138E+07   1.9039515E+07   5.7084422E+07   1.0263460E-04   1.5561952E-04   1.0731633E-04
   1.0000000E-01   1.8628640E+07   9.3363473E+06   2.7961232E+07   7.3885879E-06   6.2050278E-05   2.4630628E-05
   1.5000000E-01   1.1815111E+07   5.9175930E+06   1.7730115E+07   8.2791814E-05   6.6744480E-05   7.3773252E-05
   2.0000000E-01   8.3391620E+06   4.1767987E+06   1.2514258E+07   1.8257244E-04   7.6629960E-05   1.0472589E-04
   2.5000000E-01   6.2463859E+06   3.1320929E+06   9.3774220E+06   9.9457561E-05   1.2763996E-04   4.3796223E-05
   3.0000000E-01   4.8252596E+06   2.4146564E+06   7.2390247E+06   2.9562499E-04   2.4832515E-04   1.3151282E-04
   3.5000000E-01   3.8352067E+06   1.9229646E+06   5.7575528E+06   2.4805215E-04   9.2818664E-05   1.5137758E-04
   4.0000000E-01   3.0896510E+06   1.5565433E+06   4.6457089E+06   1.3388028E-04   1.7096811E-04   1.1998681E-04
   4.5000000E-01   2.5366610E+06   1.2636195E+06   3.7999410E+06   6.9791267E-05   2.6470463E-04   4.8905674E-05
   5.0000000E-01   2.0912641E+06   1.0475387E+06   3.1386119E+06   5.9388139E-05   3.4219472E-04   9.3720430E-05
   5.5000000E-01   1.7334057E+06   8.6736550E+05   2.6005628E+06   1.6054647E-04   2.9296892E-04   3.5883757E-05
   6.0000000E-01   1.4435884E+06   7.2220800E+05   2.1655948E+06   1.0245161E-04   2.7512440E-04   1.5260053E-04
   6.5000000E-01   1.2003074E+06   6.0098376E+05   1.8011785E+06   7.0685494E-04   1.0352048E-04   5.0610876E-04
   7.0000000E-01   9.9295405E+05   5.0234302E+05   1.4952152E+06   2.5273353E-04   2.5115732E-04   2.4834180E-04
   7.5000000E-01   8.1576033E+05   4.1079801E+05   1.2264735E+06   2.6455532E-04   2.2672629E-04   1.0326722E-04
   8.0000000E-01   6.6346125E+05   3.3170675E+05   9.9511628E+05   1.3754507E-04   3.9259380E-04   2.2390564E-04
   8.5000000E-01   5.2282586E+05   2.6268430E+05   7.8548394E+05   1.0171263E-03   1.3086010E-03   1.0915223E-03
   9.0000000E-01   3.9154238E+05   1.9534678E+05   5.8688916E+05   1.6478490E-04   4.4476350E-04   1.9456558E-04
   9.5000000E-01   2.5449043E+05   1.2768582E+05   3.8216620E+05   5.2476821E-04   4.0934436E-04   4.8499526E-04
   1.0000000E+00   1.2175943E+05   6.1348139E+04   1.8310757E+05   2.1846026E-03   2.0368626E-03   1.4588503E-03
