   0.0000000E+00   3.1482732E+08   1.7773915E+08   4.9214324E+08   1.1775205E-05   4.1996854E-06   8.9639533E-06
   5.0000000E-02   1.0647555E+08   5.3082248E+07   1.5920250E+08   1.4639731E-05   1.3762756E-05   1.4368562E-05
   1.0000000E-01   4.1336231E+07   2.0475634E+07   6.1722038E+07   1.8634346E-05   1.7329818E-05   1.8196831E-05
   1.5000000E-01   2.0172740E+07   9.9659642E+06   3.0101823E+07   3.2840730E-05   3.0270536E-05   3.1521585E-05
   2.0000000E-01   1.0748450E+07   5.3046343E+06   1.6038728E+07   5.3560170E-05   6.4242437E-05   5.4449133E-05
   2.5000000E-01   5.9742564E+06   2.9613260E+06   8.9301839E+06   8.9228221E-05   1.1553654E-04   9.7802467E-05
   3.0000000E-01   3.4223087E+06   1.6943741E+06   5.1146033E+06   1.4299338E-04   1.8219721E-04   1.5542125E-04
   3.5000000E-01   1.9885637E+06   9.8596942E+05   2.9737874E+06   1.8722299E-04   3.1537867E-04   2.2975426E-04
   4.0000000E-01   1.1644890E+06   5.7614885E+05   1.7403036E+06   2.6493158E-04   2.3104706E-04   2.5246585E-04
   4.5000000E-01   6.8991899E+05   3.4251558E+05   1.0322719E+06   4.6067515E-04   5.5895620E-04   4.8569886E-04
   5.0000000E-01   4.1023142E+05   2.0189759E+05   6.1209081E+05   6.2554504E-04   6.0364309E-04   6.1748524E-04
   5.5000000E-01   2.4445621E+05   1.2013015E+05   3.6458057E+05   1.1563368E-03   8.4488090E-04   1.0523676E-03
   6.0000000E-01   1.4747828E+05   7.3131696E+04   2.2060467E+05   1.0439650E-03   1.3521066E-03   1.1452405E-03
   6.5000000E-01   8.8465663E+04   4.3534998E+04   1.3199576E+05   1.9634027E-03   2.1247607E-03   2.0059233E-03
   7.0000000E-01   5.4290025E+04   2.6078674E+04   8.0368699E+04   3.0271172E-03   2.6728665E-03   2.8955128E-03
   7.5000000E-01   3.3150914E+04   1.5839100E+04   4.8990014E+04   3.5251286E-03   5.4024862E-03   4.1291365E-03
   8.0000000E-01   1.9703382E+04   9.5771487E+03   2.9280531E+04   5.5041539E-03   5.2349775E-03   5.3221959E-03
   8.5000000E-01   1.1616438E+04   5.5573161E+03   1.7173755E+04   7.6315396E-03   6.3152563E-03   7.1877167E-03
   9.0000000E-01   6.4333965E+03   3.3210331E+03   9.7544296E+03   1.4793217E-02   1.1520440E-02   1.3665371E-02
   9.5000000E-01   3.1462419E+03   1.5680950E+03   4.7143369E+03   1.1462382E-02   1.1647189E-02   1.1164730E-02
   1.0000000E+00   1.3078214E+03   5.2815863E+02   1.8359800E+03   1.3187131E-02   5.1788348E-03   9.9430169E-03
