   0.0000000E+00   3.5773957E+07   1.8672313E+07   5.4442704E+07   4.1175567E-02   9.9881002E-03   3.0471878E-02
   5.0000000E-02   1.7214453E+07   8.7568323E+06   2.5961354E+07   1.8487082E-02   8.2285718E-03   1.5033841E-02
   1.0000000E-01   1.0340137E+07   5.2048123E+06   1.5537788E+07   7.3872743E-03   5.5949344E-03   6.7863246E-03
   1.5000000E-01   7.5033067E+06   3.7693196E+06   1.1266175E+07   4.1645844E-03   3.7457717E-03   4.0145812E-03
   2.0000000E-01   5.9420021E+06   2.9692264E+06   8.9058013E+06   2.7939064E-03   2.7626803E-03   2.7740667E-03
   2.5000000E-01   4.9155577E+06   2.4613885E+06   7.3726427E+06   1.9359432E-03   2.0564372E-03   1.9738525E-03
   3.0000000E-01   4.1799181E+06   2.0910413E+06   6.2667153E+06   1.7538450E-03   1.8100800E-03   1.7704987E-03
   3.5000000E-01   3.6296331E+06   1.8166036E+06   5.4425170E+06   1.6244213E-03   1.7207315E-03   1.6484649E-03
   4.0000000E-01   3.1786505E+06   1.5946768E+06   4.7703034E+06   1.7253884E-03   1.3257640E-03   1.5840085E-03
   4.5000000E-01   2.8248022E+06   1.4158424E+06   4.2380981E+06   1.5161526E-03   1.7110665E-03   1.5781809E-03
   5.0000000E-01   2.5154057E+06   1.2572986E+06   3.7704443E+06   1.9078725E-03   2.1972362E-03   1.9575068E-03
   5.5000000E-01   2.2491834E+06   1.1256421E+06   3.3727595E+06   2.2881287E-03   2.1263959E-03   2.2339914E-03
   6.0000000E-01   2.0059518E+06   1.0071590E+06   3.0115511E+06   2.0798149E-03   2.2462099E-03   2.1372003E-03
   6.5000000E-01   1.7945479E+06   8.9529797E+05   2.6881907E+06   2.8139861E-03   2.0254884E-03   2.5399904E-03
   7.0000000E-01   1.5964560E+06   8.0004916E+05   2.3951864E+06   3.2024861E-03   3.3085089E-03   3.2402065E-03
   7.5000000E-01   1.3992733E+06   7.0156772E+05   2.0996526E+06   3.5982663E-03   3.9540502E-03   3.7038043E-03
   8.0000000E-01   1.2234121E+06   6.1011252E+05   1.8325975E+06   4.3820399E-03   4.5376992E-03   4.4323245E-03
   8.5000000E-01   1.0385778E+06   5.2046662E+05   1.5583104E+06   5.4716668E-03   5.6884832E-03   5.5321375E-03
   9.0000000E-01   8.4823218E+05   4.2442733E+05   1.2722174E+06   7.8568027E-03   7.6664258E-03   7.7911448E-03
   9.5000000E-01   6.3733346E+05   3.1710366E+05   9.5415566E+05   1.1473171E-02   9.9527524E-03   1.0967276E-02
   1.0000000E+00   3.9486145E+05   1.9678310E+05   5.9160054E+05   1.8922568E-02   2.0087088E-02   1.9306165E-02
