   0.0000000E+00   2.7117660E+08   2.2281437E+08   4.9358506E+08   4.3047456E-06   1.0043001E-05   6.0089784E-06
   5.0000000E-02   1.1931700E+08   6.0250523E+07   1.7917842E+08   1.3462777E-05   2.2930465E-05   1.6124295E-05
   1.0000000E-01   4.6580196E+07   2.1593156E+07   6.8075216E+07   2.3872383E-05   3.5558872E-05   2.7606908E-05
   1.5000000E-01   2.1355877E+07   9.8025864E+06   3.1125550E+07   6.0456835E-05   6.9192476E-05   6.2253563E-05
   2.0000000E-01   1.0525680E+07   4.8381511E+06   1.5353439E+07   1.1126370E-04   6.7273683E-05   9.7009735E-05
   2.5000000E-01   5.4057931E+06   2.4695372E+06   7.8718671E+06   1.9110207E-04   2.6713564E-04   2.1442490E-04
   3.0000000E-01   2.8391226E+06   1.2954894E+06   4.1333600E+06   3.2354864E-04   3.6062004E-04   3.3523350E-04
   3.5000000E-01   1.5146730E+06   6.9040505E+05   2.2045870E+06   6.7946572E-04   5.3557248E-04   6.3435416E-04
   4.0000000E-01   8.0851507E+05   3.7324221E+05   1.1815822E+06   9.6017450E-04   8.6166734E-04   9.2914072E-04
   4.5000000E-01   4.3901300E+05   2.0189335E+05   6.4088512E+05   1.4674910E-03   1.5153270E-03   1.4825749E-03
   5.0000000E-01   2.3944543E+05   1.0934581E+05   3.4877851E+05   2.0381770E-03   2.8706664E-03   2.2992398E-03
   5.5000000E-01   1.3107422E+05   5.9604973E+04   1.9067341E+05   3.5108893E-03   4.5396398E-03   3.8323589E-03
   6.0000000E-01   7.3789537E+04   3.2950378E+04   1.0673992E+05   5.0502078E-03   6.6791736E-03   5.5530327E-03
   6.5000000E-01   4.0214781E+04   1.8677445E+04   5.8892226E+04   7.8464153E-03   1.2278057E-02   9.2505373E-03
   7.0000000E-01   2.2099801E+04   1.0363260E+04   3.2463061E+04   1.2431007E-02   1.6868121E-02   1.3828936E-02
   7.5000000E-01   1.2558386E+04   6.0096907E+03   1.8568077E+04   1.8115036E-02   1.7815360E-02   1.7984127E-02
   8.0000000E-01   7.1420781E+03   3.3303172E+03   1.0472395E+04   3.3687361E-02   3.5971955E-02   3.4406860E-02
   8.5000000E-01   3.9095944E+03   1.9098593E+03   5.8194537E+03   4.5238363E-02   4.0582180E-02   4.3678396E-02
   9.0000000E-01   1.8815651E+03   1.0150549E+03   2.8966200E+03   6.9481197E-02   6.7541147E-02   6.8778207E-02
   9.5000000E-01   9.0467020E+02   3.6521871E+02   1.2698889E+03   8.0647620E-02   1.5215864E-01   1.0100968E-01
   1.0000000E+00   3.8983137E+02   1.1946445E+02   5.0929582E+02   7.0364819E-02   9.0143474E-02   7.4389113E-02
