   0.0000000E+00   3.2453924E+09   1.6617299E+09   4.6982188E+09   2.6590860E-05   5.4019157E-10   1.7639960E-05
   5.0000000E-02   1.5412565E+05   3.3995496E+04   1.8812114E+05   2.1929419E-01   3.6824604E-06   1.7966473E-01
   1.0000000E-01   5.5640568E+04   1.3464508E+04   6.9105076E+04   2.4960659E-01   4.3399837E-06   2.0097213E-01
   1.5000000E-01   2.4552303E+04   6.0266672E+03   3.0578970E+04   2.8577728E-01   1.9631922E-05   2.2945864E-01
   2.0000000E-01   1.1570564E+04   3.1035214E+03   1.4674086E+04   3.0341335E-01   6.8579719E-06   2.3924096E-01
   2.5000000E-01   6.0351554E+03   1.5024227E+03   7.5375781E+03   3.1637288E-01   3.1868560E-06   2.5331270E-01
   3.0000000E-01   2.5995307E+03   7.9577472E+02   3.3953055E+03   3.2447066E-01   3.1546151E-04   2.4849679E-01
   3.5000000E-01   1.4187526E+03   3.3649902E+02   1.7552517E+03   3.2075650E-01   5.8972789E-06   2.5926319E-01
   4.0000000E-01   6.1274653E+02   1.1936621E+02   7.3211274E+02   2.6613317E-01   4.6139281E-06   2.2274265E-01
   4.5000000E-01   4.1733963E+02   7.7809083E+01   4.9514871E+02   2.1477788E-01   1.2210794E-05   1.8102515E-01
   5.0000000E-01   2.8647890E+02   6.3661977E+00   2.9284510E+02   1.6294884E-01   4.7403337E-06   1.5940657E-01
   5.5000000E-01   1.1574905E+02   5.7874525E+00   1.2153650E+02   1.9193383E-02   4.4209233E-06   1.8279202E-02
   6.0000000E-01   1.8037560E+02   0.0000000E+00   1.8037560E+02   1.2569485E-02   0.0000000E+00   1.2569485E-02
   6.5000000E-01   1.7629471E+02   4.8970752E+00   1.8119178E+02   6.5582392E-07   6.7234343E-06   8.1981339E-07
   7.0000000E-01   2.2736420E+02   0.0000000E+00   2.2736420E+02   3.4330619E-06   0.0000000E+00   3.4330619E-06
   7.5000000E-01   2.5464791E+02   0.0000000E+00   2.5464791E+02   6.5939138E-06   0.0000000E+00   6.5939138E-06
   8.0000000E-01   3.0637327E+02   0.0000000E+00   3.0637327E+02   3.6380516E-06   0.0000000E+00   3.6380516E-06
   8.5000000E-01   2.9958578E+02   0.0000000E+00   2.9958578E+02   2.1007508E-06   0.0000000E+00   2.1007508E-06
   9.0000000E-01   3.3245699E+02   0.0000000E+00   3.3245699E+02   3.7752456E-06   0.0000000E+00   3.7752456E-06
   9.5000000E-01   2.6134917E+02   0.0000000E+00   2.6134917E+02   5.1541978E-05   0.0000000E+00   5.1541978E-05
   1.0000000E+00   2.1377849E+02   0.0000000E+00   2.1377849E+02   6.8992530E-06   0.0000000E+00   6.8992530E-06
