   0.0000000E+00   6.8283684E+08   3.2024623E+08   1.0014818E+09   3.4161111E-03   1.4978825E-05   2.3249401E-03
   5.0000000E-02   1.4852530E+08   7.1491255E+07   2.1939242E+08   1.0118615E-03   3.3519829E-05   6.9549229E-04
   1.0000000E-01   4.3237114E+07   2.1937408E+07   6.5077119E+07   5.2954986E-04   1.0036355E-04   3.8013942E-04
   1.5000000E-01   1.6028898E+07   8.5298986E+06   2.4535750E+07   7.6677071E-04   2.1425174E-04   5.7144750E-04
   2.0000000E-01   6.4343956E+06   3.6064828E+06   1.0036199E+07   7.2733465E-04   4.7564341E-04   6.2479476E-04
   2.5000000E-01   2.6898841E+06   1.5792372E+06   4.2677080E+06   1.4505784E-03   7.9111443E-04   1.2135538E-03
   3.0000000E-01   1.1570670E+06   7.0968250E+05   1.8663782E+06   2.7152590E-04   1.7967228E-03   8.3420496E-04
   3.5000000E-01   5.0996882E+05   3.2154755E+05   8.3142542E+05   7.4615178E-04   3.5752979E-03   1.4232494E-03
   4.0000000E-01   2.3010622E+05   1.4834832E+05   3.7844658E+05   9.1078277E-04   6.2094928E-03   2.3851017E-03
   4.5000000E-01   1.1017059E+05   6.9391555E+04   1.7956214E+05   5.1246609E-03   1.2274849E-02   2.7516346E-03
   5.0000000E-01   5.5596005E+04   3.2365749E+04   8.7961754E+04   9.5482934E-03   2.0327787E-02   1.4752551E-03
   5.5000000E-01   3.1975675E+04   1.6037031E+04   4.8012706E+04   1.4921046E-02   4.1175450E-02   4.4040581E-03
   6.0000000E-01   2.1639767E+04   7.6659631E+03   2.9305730E+04   1.8985459E-02   5.7438310E-02   1.4335148E-03
   6.5000000E-01   1.6326849E+04   4.2702496E+03   2.0597098E+04   2.6405975E-02   8.7933544E-02   2.8570851E-03
   7.0000000E-01   1.3200766E+04   2.4282497E+03   1.5629015E+04   3.2393900E-02   1.4340957E-01   5.1322556E-03
   7.5000000E-01   1.2384377E+04   1.6127701E+03   1.3997147E+04   3.4314462E-02   2.0208569E-01   7.0773061E-03
   8.0000000E-01   1.1081163E+04   9.3503529E+02   1.2016198E+04   3.2915441E-02   2.8840859E-01   7.9120892E-03
   8.5000000E-01   1.0785088E+04   6.3661977E+02   1.1421708E+04   3.3162292E-02   3.7214381E-01   1.0590979E-02
   9.0000000E-01   8.8808458E+03   3.7843509E+02   9.2592809E+03   3.5144867E-02   4.1119117E-01   1.6903220E-02
   9.5000000E-01   6.7749746E+03   2.0773908E+02   6.9827137E+03   4.3309545E-02   4.8989968E-01   2.7446868E-02
   1.0000000E+00   2.9991865E+03   6.2876027E+01   3.0620625E+03   5.3811801E-02   5.1573832E-01   4.2116759E-02
