   0.0000000E+00   9.6608833E+07   5.0990188E+07   1.4758425E+08   4.7382351E-04   2.2940184E-04   3.7605246E-04
   5.0000000E-02   3.6331763E+07   1.8288367E+07   5.4600077E+07   2.1225714E-05   5.1421909E-05   1.5451522E-05
   1.0000000E-01   1.8293174E+07   9.1250213E+06   2.7408582E+07   1.2425170E-04   6.8816419E-05   1.0490872E-04
   1.5000000E-01   1.1723820E+07   5.8477134E+06   1.7565273E+07   1.1274389E-04   1.9431290E-04   1.1727919E-05
   2.0000000E-01   8.3541066E+06   4.1780719E+06   1.2527165E+07   1.1838948E-04   1.7856660E-04   1.4016029E-04
   2.5000000E-01   6.2500019E+06   3.1339136E+06   9.3810252E+06   1.3342564E-04   5.9292999E-05   7.1868940E-05
   3.0000000E-01   4.8680722E+06   2.4368638E+06   7.3025275E+06   1.1580768E-04   1.1722554E-04   7.4636195E-05
   3.5000000E-01   3.8751591E+06   1.9372158E+06   5.8107743E+06   1.8168536E-04   1.8421095E-05   1.2198919E-04
   4.0000000E-01   3.1365858E+06   1.5618034E+06   4.6969409E+06   1.0415688E-04   1.6031947E-04   1.0381666E-04
   4.5000000E-01   2.5650542E+06   1.2841045E+06   3.8480411E+06   3.0272714E-05   2.2983742E-04   6.0173631E-05
   5.0000000E-01   2.1113558E+06   1.0577183E+06   3.1685139E+06   4.5354631E-04   2.8444198E-04   3.5964378E-04
   5.5000000E-01   1.7627654E+06   8.8105283E+05   2.6432337E+06   3.7244856E-04   4.6360951E-04   2.4781133E-04
   6.0000000E-01   1.4665651E+06   7.3568842E+05   2.2018238E+06   3.1805084E-04   2.8238648E-04   2.8470652E-04
   6.5000000E-01   1.2228976E+06   6.1462211E+05   1.8372406E+06   4.2776772E-04   5.9126462E-04   3.7446148E-04
   7.0000000E-01   1.0158405E+06   5.0725863E+05   1.5228445E+06   5.7279901E-04   6.0003965E-04   4.0048659E-04
   7.5000000E-01   8.3768976E+05   4.2054678E+05   1.2580880E+06   1.6778067E-04   5.8356667E-04   2.8506488E-04
   8.0000000E-01   6.7900671E+05   3.3855837E+05   1.0174577E+06   6.1236089E-04   7.4620740E-04   5.1204901E-04
   8.5000000E-01   5.3847173E+05   2.6928642E+05   8.0768325E+05   9.1176385E-04   2.8615962E-04   6.0876934E-04
   9.0000000E-01   4.0304044E+05   2.0214092E+05   6.0513185E+05   5.2658416E-04   1.6738474E-03   8.6917071E-04
   9.5000000E-01   2.6951466E+05   1.3485952E+05   4.0434402E+05   2.5483113E-03   1.0808339E-03   1.9094662E-03
   1.0000000E+00   1.4120698E+05   6.9534598E+04   2.1074158E+05   3.0227797E-03   5.5525720E-03   3.8021379E-03
