   0.0000000E+00   2.2293915E+07   1.5500724E+08   1.7728180E+08   8.0732569E-05   3.8251997E-06   1.2701546E-05
   5.0000000E-02   2.0313582E+07   4.4919382E+07   6.5207881E+07   6.4781116E-05   1.9366170E-05   3.0027564E-05
   1.0000000E-01   1.7139300E+07   1.7956338E+07   3.5081378E+07   6.5417937E-06   4.6808872E-05   2.4100838E-05
   1.5000000E-01   1.4186711E+07   9.2746800E+06   2.3451736E+07   2.3743422E-05   9.7180827E-05   5.2641462E-05
   2.0000000E-01   1.1504054E+07   5.3180988E+06   1.6815213E+07   3.6740415E-05   1.8518770E-04   8.1527919E-05
   2.5000000E-01   9.1719593E+06   3.2339648E+06   1.2401468E+07   5.3707911E-05   1.8163932E-04   8.7330998E-05
   3.0000000E-01   7.1915753E+06   2.0289284E+06   9.2169811E+06   7.3949982E-05   3.6805924E-04   1.3685690E-04
   3.5000000E-01   5.5090347E+06   1.3004323E+06   6.8074935E+06   1.1075052E-04   4.0948104E-04   1.6751874E-04
   4.0000000E-01   4.1542146E+06   8.4862211E+05   5.0018420E+06   1.4092137E-04   6.4748022E-04   2.2262874E-04
   4.5000000E-01   3.0710326E+06   5.6641476E+05   3.6367895E+06   1.6427677E-04   9.8001936E-04   2.9131714E-04
   5.0000000E-01   2.2380177E+06   3.7988375E+05   2.6175386E+06   2.2201257E-04   1.0560527E-03   3.3615056E-04
   5.5000000E-01   1.6077427E+06   2.5749534E+05   1.8649950E+06   4.1213844E-04   1.7304986E-03   5.9410203E-04
   6.0000000E-01   1.1469130E+06   1.7548424E+05   1.3223070E+06   3.5249742E-04   1.8610166E-03   5.5237578E-04
   6.5000000E-01   8.1441298E+05   1.1997834E+05   9.3436194E+05   6.3040180E-04   3.1858108E-03   9.5708775E-04
   7.0000000E-01   5.7253944E+05   8.3474494E+04   6.5598211E+05   6.5800912E-04   4.2137723E-03   1.1008300E-03
   7.5000000E-01   3.9851125E+05   5.6744042E+04   4.5525104E+05   9.5001219E-04   5.1317388E-03   1.4589026E-03
   8.0000000E-01   2.7416826E+05   3.8555285E+04   3.1272355E+05   1.2471901E-03   5.6542188E-03   1.7898014E-03
   8.5000000E-01   1.8609145E+05   2.5704460E+04   2.1179591E+05   1.6118725E-03   8.6102089E-03   2.4164866E-03
   9.0000000E-01   1.1889228E+05   1.6191363E+04   1.3508011E+05   1.8140307E-03   7.0056385E-03   2.4315606E-03
   9.5000000E-01   6.5049138E+04   9.2611424E+03   7.4310281E+04   1.7484783E-03   1.2664621E-02   3.1088440E-03
   1.0000000E+00   2.8055283E+04   3.7662740E+03   3.1821557E+04   2.4054385E-03   1.2126235E-02   2.8269085E-03
