   0.0000000E+00   1.5561432E+08   8.0808440E+07   2.3635502E+08   2.7294178E-04   2.7457622E-04   2.7559187E-04
   5.0000000E-02   5.4850523E+07   2.7565636E+07   8.2347531E+07   1.3391700E-04   1.0912236E-04   1.1525523E-04
   1.0000000E-01   2.5550926E+07   1.2826265E+07   3.8350230E+07   4.6401404E-05   5.7757689E-05   4.8011531E-05
   1.5000000E-01   1.5294132E+07   7.6415169E+06   2.2916763E+07   9.6091095E-05   4.7051197E-05   7.5630642E-05
   2.0000000E-01   1.0073012E+07   5.0333865E+06   1.5095624E+07   1.7616906E-05   1.7197605E-04   6.7424258E-05
   2.5000000E-01   6.9917530E+06   3.5046173E+06   1.0490412E+07   7.3562524E-05   2.1539892E-04   2.5338467E-05
   3.0000000E-01   5.0448297E+06   2.5186270E+06   7.5596582E+06   5.7712333E-05   1.2932678E-04   5.0548258E-05
   3.5000000E-01   3.6979787E+06   1.8524271E+06   5.5480140E+06   1.1253227E-04   2.2382754E-04   1.4878947E-04
   4.0000000E-01   2.7763227E+06   1.3881017E+06   4.1628646E+06   4.3090450E-05   1.6650999E-04   5.7866292E-05
   4.5000000E-01   2.0969053E+06   1.0472325E+06   3.1431899E+06   1.5694075E-04   1.0378555E-04   1.1635141E-04
   5.0000000E-01   1.6046956E+06   8.0121145E+05   2.4053469E+06   5.6828135E-05   1.4298384E-04   8.5202473E-05
   5.5000000E-01   1.2327968E+06   6.1863816E+05   1.8509951E+06   8.4693917E-05   3.8073071E-05   4.5129548E-05
   6.0000000E-01   9.4902501E+05   4.7574065E+05   1.4244792E+06   6.9178479E-04   1.2373286E-04   4.7766134E-04
   6.5000000E-01   7.3646134E+05   3.6932272E+05   1.1055735E+06   3.1669959E-04   2.5333683E-04   1.3515160E-04
   7.0000000E-01   5.6530926E+05   2.8669262E+05   8.5188365E+05   4.4434042E-04   7.9998581E-04   5.3443185E-04
   7.5000000E-01   4.3672541E+05   2.1495679E+05   6.5161853E+05   7.1693641E-04   9.0636049E-04   7.7277138E-04
   8.0000000E-01   3.2987647E+05   1.6527843E+05   4.9512307E+05   8.4619945E-04   5.8123954E-04   6.1265297E-04
   8.5000000E-01   2.4440582E+05   1.2162434E+05   3.6601143E+05   1.1227591E-03   5.1728990E-04   9.0893971E-04
   9.0000000E-01   1.7159025E+05   8.4850805E+04   2.5641630E+05   8.0721185E-04   5.7065355E-04   6.6344103E-04
   9.5000000E-01   1.0552140E+05   5.2889701E+04   1.5840440E+05   2.2308795E-03   1.0919538E-03   1.8152296E-03
   1.0000000E+00   5.2036200E+04   2.6753749E+04   7.8789949E+04   5.4889156E-03   3.3536939E-03   3.8559518E-03
