   0.0000000E+00   3.2353638E+09   1.6603268E+09   4.6766175E+09   2.6018938E-05   6.1593761E-10   1.7357185E-05
   5.0000000E-02   1.8818480E+05   4.2207891E+04   2.3039270E+05   1.9435610E-01   2.4812149E-05   1.5875465E-01
   1.0000000E-01   8.3874655E+04   1.9512396E+04   1.0338705E+05   2.0829227E-01   1.5448361E-05   1.6898387E-01
   1.5000000E-01   4.7852586E+04   1.1904790E+04   5.9757376E+04   2.2440674E-01   5.8031165E-07   1.7970083E-01
   2.0000000E-01   3.0557749E+04   8.1169021E+03   3.8674651E+04   2.4004929E-01   2.4333507E-05   1.8967368E-01
   2.5000000E-01   2.2638199E+04   5.9205639E+03   2.8558763E+04   2.5162689E-01   9.3566980E-06   1.9945976E-01
   3.0000000E-01   1.6010987E+04   4.3396248E+03   2.0350612E+04   2.6516767E-01   5.2733873E-04   2.0873498E-01
   3.5000000E-01   1.1704709E+04   3.2194771E+03   1.4924186E+04   2.7587237E-01   1.9775825E-05   2.1635633E-01
   4.0000000E-01   9.2628177E+03   2.0212678E+03   1.1284085E+04   2.8846624E-01   4.0019718E-06   2.3679529E-01
   4.5000000E-01   7.0169646E+03   1.6835056E+03   8.7004702E+03   3.0042373E-01   1.2694857E-05   2.4229542E-01
   5.0000000E-01   5.2330145E+03   1.4196621E+03   6.6526766E+03   3.1321248E-01   1.0418963E-06   2.4637406E-01
   5.5000000E-01   4.0338544E+03   9.4335475E+02   4.9772091E+03   3.1644501E-01   2.5737042E-05   2.5647252E-01
   6.0000000E-01   2.9390613E+03   9.1248834E+02   3.8515496E+03   3.2814134E-01   1.0777243E-06   2.5040012E-01
   6.5000000E-01   2.2771400E+03   6.4641392E+02   2.9235539E+03   3.3571672E-01   7.0336535E-06   2.6148634E-01
   7.0000000E-01   1.5779076E+03   4.7291755E+02   2.0508251E+03   3.5078583E-01   1.8465024E-05   2.6989083E-01
   7.5000000E-01   1.3326574E+03   3.6499534E+02   1.6976527E+03   3.5268754E-01   5.2800750E-07   2.7685983E-01
   8.0000000E-01   9.5890853E+02   3.1830989E+02   1.2772184E+03   3.7030948E-01   3.0346974E-06   2.7802127E-01
   8.5000000E-01   6.5908871E+02   1.5728253E+02   8.1637124E+02   3.8262925E-01   1.0057282E-05   3.0890975E-01
   9.0000000E-01   4.2441318E+02   1.2025040E+02   5.4466358E+02   3.9074140E-01   1.7241150E-05   3.0447763E-01
   9.5000000E-01   2.8145295E+02   6.0311347E+01   3.4176430E+02   4.0426715E-01   1.1485236E-05   3.3292386E-01
   1.0000000E+00   1.0060164E+02   2.5150411E+01   1.2575205E+02   4.2327210E-01   1.8556954E-05   3.3861396E-01
