   0.0000000E+00   3.2376796E+09   1.6603166E+09   4.6922137E+09   1.3247742E-05   9.0404102E-11   8.7667984E-06
   5.0000000E-02   9.9503670E+04   2.4382537E+04   1.2388621E+05   1.8577823E-01   6.1182971E-04   1.4933489E-01
   1.0000000E-01   4.6887046E+04   1.0536057E+04   5.7423103E+04   1.9090616E-01   7.2089536E-04   1.5601075E-01
   1.5000000E-01   2.8796434E+04   7.2150241E+03   3.6011458E+04   2.0570899E-01   1.0099601E-05   1.6449244E-01
   2.0000000E-01   2.1995213E+04   4.7746483E+03   2.6769861E+04   2.0941974E-01   8.9966223E-05   1.7205178E-01
   2.5000000E-01   1.6373861E+04   3.8706482E+03   2.0244509E+04   2.2132747E-01   8.9787041E-07   1.7901094E-01
   3.0000000E-01   1.2594461E+04   3.0876059E+03   1.5682067E+04   2.2544907E-01   3.3545607E-06   1.8106158E-01
   3.5000000E-01   1.0576983E+04   2.0917507E+03   1.2668733E+04   2.4327419E-01   3.9594888E-06   2.0310753E-01
   4.0000000E-01   8.1885218E+03   2.0371833E+03   1.0225705E+04   2.5001615E-01   1.4879389E-05   2.0021045E-01
   4.5000000E-01   6.9886704E+03   1.7966825E+03   8.7853529E+03   2.5803898E-01   3.8830899E-06   2.0526693E-01
   5.0000000E-01   5.8059723E+03   1.4514931E+03   7.2574654E+03   2.6762168E-01   4.3887723E-04   2.1400957E-01
   5.5000000E-01   4.7920107E+03   1.2674521E+03   6.0594627E+03   2.7652772E-01   2.4564763E-06   2.1868617E-01
   6.0000000E-01   4.3767609E+03   1.0292020E+03   5.4059629E+03   2.9446649E-01   1.9147453E-05   2.3840151E-01
   6.5000000E-01   3.4720263E+03   7.6884080E+02   4.2408671E+03   3.1184431E-01   2.4623209E-06   2.5530947E-01
   7.0000000E-01   3.0239439E+03   7.6849101E+02   3.7924349E+03   3.2536730E-01   1.5663748E-05   2.5943238E-01
   7.5000000E-01   2.1772396E+03   6.2388738E+02   2.8011270E+03   3.3865024E-01   1.1208873E-05   2.6322609E-01
   8.0000000E-01   1.9496481E+03   4.8940145E+02   2.4390495E+03   3.4987474E-01   1.8152851E-05   2.7966785E-01
   8.5000000E-01   1.3780946E+03   4.4937866E+02   1.8274732E+03   3.6568416E-01   4.8120809E-06   2.7576064E-01
   9.0000000E-01   1.2484821E+03   2.7940534E+02   1.5278875E+03   3.8224119E-01   5.4747892E-06   3.1234160E-01
   9.5000000E-01   6.8687923E+02   1.3737585E+02   8.2425507E+02   4.0166810E-01   1.5531466E-05   3.3472082E-01
   1.0000000E+00   2.8294212E+02   1.1317685E+02   3.9611897E+02   4.2348977E-01   4.8800758E-05   3.0247875E-01
