   0.0000000E+00   7.0909868E+08   8.8226028E+08   1.5717118E+09   9.9919711E-03   2.3271188E-04   4.5748362E-03
   5.0000000E-02   2.0452110E+07   9.3145749E+06   2.9723332E+07   1.3429250E-01   8.5792085E-03   9.4939250E-02
   1.0000000E-01   1.0916629E+07   4.5099418E+06   1.5405371E+07   1.1991133E-01   7.7542623E-03   8.7145042E-02
   1.5000000E-01   7.5018425E+06   2.8847364E+06   1.0370239E+07   1.1047267E-01   7.3903258E-03   8.1875525E-02
   2.0000000E-01   5.6827705E+06   2.0531624E+06   7.7251104E+06   1.0311357E-01   7.5313696E-03   7.7753430E-02
   2.5000000E-01   4.5227378E+06   1.5418804E+06   6.0553108E+06   9.7224015E-02   7.6287008E-03   7.4457040E-02
   3.0000000E-01   3.7115251E+06   1.2015774E+06   4.9050917E+06   9.3443617E-02   8.0060934E-03   7.2563732E-02
   3.5000000E-01   3.1228928E+06   9.6101392E+05   4.0777770E+06   9.0087666E-02   8.7954693E-03   7.0970663E-02
   4.0000000E-01   2.6347623E+06   7.7561774E+05   3.4055418E+06   8.8159243E-02   8.7507292E-03   7.0121651E-02
   4.5000000E-01   2.2548931E+06   6.3624487E+05   2.8868443E+06   8.5013668E-02   9.2701689E-03   6.8376036E-02
   5.0000000E-01   1.9411746E+06   5.1838675E+05   2.4569194E+06   8.4777478E-02   1.0042698E-02   6.9055822E-02
   5.5000000E-01   1.6744315E+06   4.3400106E+05   2.1058398E+06   8.4045790E-02   1.0905006E-02   6.9015795E-02
   6.0000000E-01   1.4379225E+06   3.5962120E+05   1.7955702E+06   8.3882123E-02   1.2307779E-02   6.9576746E-02
   6.5000000E-01   1.2436661E+06   2.9919170E+05   1.5411879E+06   8.4262007E-02   1.2616669E-02   7.0371109E-02
   7.0000000E-01   1.0656196E+06   2.4499857E+05   1.3092995E+06   8.5093390E-02   1.4158471E-02   7.1842638E-02
   7.5000000E-01   9.0466641E+05   2.0092569E+05   1.1046032E+06   8.7195314E-02   1.4552515E-02   7.4015440E-02
   8.0000000E-01   7.5532151E+05   1.6026903E+05   9.1486638E+05   9.0259155E-02   1.7763325E-02   7.7574851E-02
   8.5000000E-01   6.1457400E+05   1.2706931E+05   7.4117146E+05   9.3527027E-02   2.0386518E-02   8.1007386E-02
   9.0000000E-01   4.7943835E+05   9.5386863E+04   5.7454581E+05   9.9039985E-02   2.2153347E-02   8.6293905E-02
   9.5000000E-01   3.2996673E+05   6.3078968E+04   3.9289492E+05   1.0661365E-01   2.5766903E-02   9.3636726E-02
   1.0000000E+00   1.5824638E+05   2.8181035E+04   1.8642742E+05   1.2047382E-01   2.9133520E-02   1.0666635E-01
