   0.0000000E+00   2.4308689E+06   4.3513827E+08   4.3727324E+08   2.3953064E-03   3.1414134E-06   1.6376911E-05
   5.0000000E-02   2.3129033E+06   9.2297708E+07   9.4474629E+07   4.1092950E-05   5.2832034E-06   6.1154763E-06
   1.0000000E-01   2.3173915E+06   2.0287481E+07   2.2578707E+07   5.8976249E-05   1.4329640E-05   1.7332522E-05
   1.5000000E-01   2.3285854E+06   5.2337148E+06   7.5550851E+06   1.6201976E-04   3.8624217E-05   7.7494448E-05
   2.0000000E-01   2.3746554E+06   1.4146169E+06   3.7869645E+06   5.1427205E-05   8.7530320E-05   6.4900808E-05
   2.5000000E-01   2.4485542E+06   3.9274347E+05   2.8399608E+06   2.6828583E-05   3.3229557E-04   6.8570309E-05
   3.0000000E-01   2.5443146E+06   1.1305306E+05   2.6555851E+06   2.1740427E-05   7.4087988E-04   5.1743542E-05
   3.5000000E-01   2.6796872E+06   3.1767327E+04   2.7094083E+06   4.7003654E-06   1.3325255E-03   1.6778309E-05
   4.0000000E-01   2.8860362E+06   9.4378881E+03   2.8928957E+06   1.2849731E-05   5.2115542E-03   2.2575469E-05
   4.5000000E-01   3.1607818E+06   2.7657592E+03   3.1599613E+06   2.1641779E-06   1.3709807E-02   1.3532108E-05
   5.0000000E-01   3.5513898E+06   7.8940852E+02   3.5484868E+06   2.6393638E-06   4.6488994E-02   8.1466820E-06
   5.5000000E-01   4.0370953E+06   2.9516008E+02   4.0304456E+06   2.3930537E-06   2.8303215E-02   1.2613503E-06
   6.0000000E-01   4.4645720E+06   1.0079813E+02   4.4554737E+06   2.8098294E-06   2.3985272E-01   2.8696389E-06
   6.5000000E-01   4.4527978E+06   4.4073677E+01   4.4453934E+06   3.6184342E-06   1.5310646E-01   3.1276773E-06
   7.0000000E-01   3.6088020E+06   4.5472841E+00   3.6013626E+06   2.5173377E-06   7.0341382E-05   2.5328438E-06
   7.5000000E-01   2.2114388E+06   1.2732395E+01   2.2084637E+06   3.3695825E-06   6.2764817E-01   5.3496058E-06
   8.0000000E-01   1.0429782E+06   2.3873241E+01   1.0423216E+06   8.9806263E-06   4.8437308E-01   1.8154815E-05
   8.5000000E-01   4.1250340E+05   3.7448222E+00   4.1237233E+05   1.3650580E-05   1.7647674E-06   1.3655020E-05
   9.0000000E-01   1.4594155E+05   0.0000000E+00   1.4593094E+05   4.0024222E-05   0.0000000E+00   4.0027275E-05
   9.5000000E-01   4.4285282E+04   6.7012608E+00   4.4291983E+04   1.5870799E-04   7.4478730E-01   2.6869640E-04
   1.0000000E+00   1.1336548E+04   0.0000000E+00   1.1336548E+04   5.5983333E-04   0.0000000E+00   5.5983333E-04
