   0.0000000E+00   1.8338653E+09   1.2943529E+09   3.0535391E+09   4.9176789E-03   6.3480725E-06   2.8951012E-03
   5.0000000E-02   2.0264817E+07   6.7209859E+06   2.6946778E+07   1.7723858E-01   4.3104605E-04   1.3320178E-01
   1.0000000E-01   9.4082853E+06   3.0621729E+06   1.2455689E+07   1.8045201E-01   4.0832715E-04   1.3626932E-01
   1.5000000E-01   5.7623851E+06   1.8336984E+06   7.5864068E+06   1.8255626E-01   4.1062839E-04   1.3860663E-01
   2.0000000E-01   3.9294878E+06   1.2121718E+06   5.1356595E+06   1.8394011E-01   4.6280101E-04   1.4071455E-01
   2.5000000E-01   2.8591613E+06   8.5282858E+05   3.7084248E+06   1.8256072E-01   3.4450220E-04   1.4070160E-01
   3.0000000E-01   2.1627247E+06   6.1953714E+05   2.7799169E+06   1.8047482E-01   5.9544251E-04   1.4044078E-01
   3.5000000E-01   1.6840139E+06   4.5428277E+05   2.1362959E+06   1.7706395E-01   7.5819965E-04   1.3962948E-01
   4.0000000E-01   1.3287130E+06   3.3888066E+05   1.6664000E+06   1.7265908E-01   8.5873820E-04   1.3777580E-01
   4.5000000E-01   1.0825931E+06   2.5486012E+05   1.3366257E+06   1.6556813E-01   7.3586285E-04   1.3418474E-01
   5.0000000E-01   8.7667636E+05   1.9162255E+05   1.0677450E+06   1.5916506E-01   7.4906267E-04   1.3076369E-01
   5.5000000E-01   7.3342649E+05   1.4588431E+05   8.7876678E+05   1.5011876E-01   9.1126916E-04   1.2537800E-01
   6.0000000E-01   6.1035390E+05   1.0852245E+05   7.1853682E+05   1.4169559E-01   1.0616586E-03   1.2048504E-01
   6.5000000E-01   5.1187658E+05   8.2486334E+04   5.9417682E+05   1.3273020E-01   1.0726965E-03   1.1447402E-01
   7.0000000E-01   4.3350623E+05   6.1010911E+04   4.9432161E+05   1.2279885E-01   1.4670156E-03   1.0782665E-01
   7.5000000E-01   3.6382820E+05   4.5526802E+04   4.0921070E+05   1.1420909E-01   1.6279031E-03   1.0170414E-01
   8.0000000E-01   3.0587989E+05   3.3466306E+04   3.3923080E+05   1.0592620E-01   1.5601479E-03   9.5644858E-02
   8.5000000E-01   2.5030766E+05   2.3532463E+04   2.7379518E+05   9.8244692E-02   1.9492225E-03   8.9998737E-02
   9.0000000E-01   1.9555545E+05   1.5844759E+04   2.1135776E+05   9.2093688E-02   2.2194968E-03   8.5358318E-02
   9.5000000E-01   1.3206510E+05   9.7302306E+03   1.4177187E+05   8.8193951E-02   3.3121223E-03   8.2382806E-02
   1.0000000E+00   6.1756834E+04   4.2629946E+03   6.6019828E+04   8.9876182E-02   4.6281217E-03   8.4361353E-02
