   0.0000000E+00   1.4275103E+08   6.4359356E+08   7.8315029E+08   4.2954801E-02   1.2728654E-06   7.7680419E-03
   5.0000000E-02   1.8864190E+07   3.9345139E+07   5.8059723E+07   1.0316348E-01   2.7993013E-06   3.3394369E-02
   1.0000000E-01   9.2194957E+06   1.4740708E+07   2.3905391E+07   7.3900515E-02   5.8984348E-06   2.8427444E-02
   1.5000000E-01   5.9427607E+06   6.9829337E+06   1.2899211E+07   5.4232388E-02   5.1995507E-06   2.4942170E-02
   2.0000000E-01   4.3992654E+06   3.5861428E+06   7.9722939E+06   3.9558546E-02   6.9431383E-06   2.1792089E-02
   2.5000000E-01   3.5869450E+06   1.9323575E+06   5.5108736E+06   2.7840940E-02   7.4706189E-06   1.8099397E-02
   3.0000000E-01   3.1525729E+06   1.0592610E+06   4.2062848E+06   1.8320715E-02   1.4637434E-05   1.3719013E-02
   3.5000000E-01   2.9168463E+06   5.8423506E+05   3.4969615E+06   1.2166966E-02   3.1207645E-05   1.0148474E-02
   4.0000000E-01   2.7903840E+06   3.2883799E+05   3.1156013E+06   7.7730394E-03   3.3971671E-05   6.9505942E-03
   4.5000000E-01   2.7065607E+06   1.8624665E+05   2.8892705E+06   4.8974823E-03   6.3033835E-06   4.5775067E-03
   5.0000000E-01   2.6287367E+06   1.0658288E+05   2.7324548E+06   3.1341439E-03   9.0176499E-05   3.0171576E-03
   5.5000000E-01   2.5360501E+06   6.2012553E+04   2.5948796E+06   2.1461298E-03   1.8273606E-04   2.1003594E-03
   6.0000000E-01   2.4010062E+06   3.5677233E+04   2.4333146E+06   1.3701963E-03   1.0548156E-04   1.3514715E-03
   6.5000000E-01   2.2152311E+06   2.0553024E+04   2.2332230E+06   1.0164581E-03   2.1165428E-04   1.0109657E-03
   7.0000000E-01   1.9722253E+06   1.2050303E+04   1.9818246E+06   7.5249811E-04   1.8389872E-04   7.4834024E-04
   7.5000000E-01   1.6954288E+06   6.8288081E+03   1.7002629E+06   5.4158480E-04   3.8869237E-04   5.4220108E-04
   8.0000000E-01   1.3818628E+06   3.9351060E+03   1.3844849E+06   3.8710359E-04   1.3076789E-03   3.9181431E-04
   8.5000000E-01   1.0687535E+06   2.4004310E+03   1.0702889E+06   3.4664183E-04   1.2636078E-03   3.4850390E-04
   9.0000000E-01   7.5398063E+05   1.1989672E+03   7.5482238E+05   3.0387677E-04   3.9111727E-03   3.0970461E-04
   9.5000000E-01   4.5200339E+05   6.5672355E+02   4.5244902E+05   3.6816207E-04   3.4153083E-03   3.7256283E-04
   1.0000000E+00   2.0010296E+05   2.2635370E+02   2.0030416E+05   5.0770141E-04   2.8733359E-06   5.0718830E-04
