   0.0000000E+00   1.5249794E+08   7.8868532E+07   2.3129211E+08   6.7910199E-04   3.2214457E-04   5.5551823E-04
   5.0000000E-02   5.3544243E+07   2.6825757E+07   8.0306719E+07   1.3775874E-04   5.0708875E-05   1.0247558E-04
   1.0000000E-01   2.5068909E+07   1.2557707E+07   3.7601820E+07   3.2070779E-05   1.6455439E-04   7.6567213E-05
   1.5000000E-01   1.5044811E+07   7.5195618E+06   2.2546717E+07   1.6072891E-05   1.3308876E-04   4.0859290E-05
   2.0000000E-01   9.9630994E+06   4.9833800E+06   1.4936803E+07   1.0916584E-04   1.9418885E-04   1.3538835E-05
   2.5000000E-01   6.9729728E+06   3.4950935E+06   1.0462133E+07   6.6655054E-05   1.2075612E-04   1.4940325E-05
   3.0000000E-01   5.0329462E+06   2.5205474E+06   7.5497694E+06   1.0067515E-04   2.4809076E-04   1.0766357E-04
   3.5000000E-01   3.7304373E+06   1.8673513E+06   5.5953694E+06   2.0957400E-04   1.9815994E-04   7.5570381E-05
   4.0000000E-01   2.8114721E+06   1.4064602E+06   4.2163964E+06   1.5390172E-04   2.8544895E-04   1.9170945E-04
   4.5000000E-01   2.1413060E+06   1.0690614E+06   3.2093276E+06   8.4410701E-05   9.4114630E-05   6.0765002E-05
   5.0000000E-01   1.6422880E+06   8.2050103E+05   2.4622734E+06   2.7808378E-04   1.6825486E-04   2.3978674E-04
   5.5000000E-01   1.2685112E+06   6.3355821E+05   1.9015890E+06   7.8341510E-05   8.9188819E-05   7.5634545E-05
   6.0000000E-01   9.8288788E+05   4.9054206E+05   1.4731222E+06   8.3127541E-05   1.5900523E-04   3.9536471E-05
   6.5000000E-01   7.6087816E+05   3.8588463E+05   1.1465620E+06   1.3419087E-04   3.5159317E-04   1.8438658E-04
   7.0000000E-01   5.9471200E+05   2.9765612E+05   8.9224080E+05   1.5733666E-04   4.1105628E-04   1.9437859E-04
   7.5000000E-01   4.5729247E+05   2.2889876E+05   6.8611484E+05   8.7664891E-04   9.8389533E-04   8.6074960E-04
   8.0000000E-01   3.4892334E+05   1.7446963E+05   5.2336511E+05   7.2762930E-04   6.8242899E-04   7.1017966E-04
   8.5000000E-01   2.5759134E+05   1.2990414E+05   3.8746926E+05   1.0097598E-03   1.0337740E-03   1.0175974E-03
   9.0000000E-01   1.8278061E+05   9.1662637E+04   2.7442556E+05   1.6161700E-03   1.1772328E-03   1.4340827E-03
   9.5000000E-01   1.1375055E+05   5.7057885E+04   1.7080508E+05   2.7420392E-03   3.4745185E-03   2.8831795E-03
   1.0000000E+00   5.7531565E+04   2.8130734E+04   8.5656011E+04   2.9380933E-03   2.1791492E-03   2.2714088E-03
