   0.0000000E+00   1.2134019E+09   9.1436934E+08   2.0953871E+09   5.7255124E-03   4.9533472E-04   3.4771094E-03
   5.0000000E-02   1.8189818E+07   6.1604422E+06   2.4321867E+07   1.5181773E-01   3.0680931E-02   1.2117051E-01
   1.0000000E-01   9.2678788E+06   3.1322966E+06   1.2386934E+07   1.4622357E-01   3.1818952E-02   1.1733678E-01
   1.5000000E-01   6.1730261E+06   2.1213444E+06   8.2840997E+06   1.4440458E-01   3.2263227E-02   1.1575151E-01
   2.0000000E-01   4.5829780E+06   1.5833370E+06   6.1586756E+06   1.4317924E-01   3.3869864E-02   1.1514907E-01
   2.5000000E-01   3.6205076E+06   1.2543829E+06   4.8684097E+06   1.4342434E-01   3.5286350E-02   1.1560992E-01
   3.0000000E-01   2.9438678E+06   1.0333400E+06   3.9721466E+06   1.4471500E-01   3.6138189E-02   1.1653153E-01
   3.5000000E-01   2.4534598E+06   8.6393850E+05   3.3136969E+06   1.4729290E-01   3.9704589E-02   1.1929327E-01
   4.0000000E-01   2.0744892E+06   7.3712612E+05   2.8089017E+06   1.5059192E-01   4.0651776E-02   1.2179811E-01
   4.5000000E-01   1.7782346E+06   6.3979580E+05   2.4153779E+06   1.5357404E-01   4.4420572E-02   1.2470775E-01
   5.0000000E-01   1.5356542E+06   5.5581999E+05   2.0892970E+06   1.5804047E-01   4.5982550E-02   1.2829377E-01
   5.5000000E-01   1.3256507E+06   4.8143502E+05   1.8052338E+06   1.6289527E-01   4.8411202E-02   1.3240527E-01
   6.0000000E-01   1.1437405E+06   4.2399407E+05   1.5660422E+06   1.7010200E-01   5.1875881E-02   1.3817480E-01
   6.5000000E-01   9.8928264E+05   3.6887708E+05   1.3567445E+06   1.7577197E-01   5.5754562E-02   1.4318716E-01
   7.0000000E-01   8.5566245E+05   3.2125198E+05   1.1759459E+06   1.8401203E-01   5.8830611E-02   1.4985943E-01
   7.5000000E-01   7.2760547E+05   2.7664524E+05   1.0034146E+06   1.9304812E-01   6.3057633E-02   1.5725436E-01
   8.0000000E-01   6.1552378E+05   2.3332513E+05   8.4817648E+05   2.0270781E-01   6.6584662E-02   1.6533235E-01
   8.5000000E-01   5.0326665E+05   1.9312797E+05   6.9599767E+05   2.1538169E-01   7.2263026E-02   1.7571053E-01
   9.0000000E-01   3.9382360E+05   1.5192577E+05   5.4551948E+05   2.2762986E-01   7.7844639E-02   1.8591452E-01
   9.5000000E-01   2.6902546E+05   1.0408733E+05   3.7293186E+05   2.4338567E-01   8.5724201E-02   1.9944153E-01
   1.0000000E+00   1.2763205E+05   4.8552868E+04   1.7617234E+05   2.5956604E-01   9.5992876E-02   2.1446487E-01
