   0.0000000E+00   1.1356533E+08   6.0880203E+07   1.7443076E+08   1.0654994E-04   1.4201995E-04   5.7218998E-05
   5.0000000E-02   4.1936564E+07   2.1081282E+07   6.3002885E+07   6.1941687E-06   1.3456910E-04   4.7037461E-05
   1.0000000E-01   2.0403250E+07   1.0184739E+07   3.0581463E+07   1.1222876E-04   1.0242383E-04   1.0889624E-04
   1.5000000E-01   1.2787909E+07   6.3801821E+06   1.9163571E+07   6.5073599E-05   6.5119518E-05   5.9319361E-05
   2.0000000E-01   8.8541237E+06   4.4234252E+06   1.3274302E+07   8.6224200E-05   1.6276347E-04   1.1156879E-04
   2.5000000E-01   6.4785611E+06   3.2271911E+06   9.7039315E+06   1.1254203E-04   2.4446178E-04   1.4442667E-04
   3.0000000E-01   4.9110229E+06   2.4673366E+06   7.3772560E+06   1.2977706E-05   9.1132334E-05   2.4480737E-05
   3.5000000E-01   3.8437283E+06   1.9253656E+06   5.7680753E+06   1.8658361E-04   3.7918444E-04   2.4881264E-04
   4.0000000E-01   3.0475784E+06   1.5274020E+06   4.5743757E+06   1.8193000E-04   6.0046542E-04   3.2296037E-04
   4.5000000E-01   2.4557820E+06   1.2257972E+06   3.6811831E+06   1.2490073E-04   4.0637186E-04   6.7934453E-05
   5.0000000E-01   1.9820838E+06   9.9431732E+05   2.9760383E+06   1.6900186E-04   2.5524596E-04   1.9700348E-04
   5.5000000E-01   1.6162329E+06   8.0822353E+05   2.4242134E+06   4.6732774E-05   3.1324882E-04   9.3662730E-05
   6.0000000E-01   1.3179621E+06   6.5929405E+05   1.9770545E+06   2.7628279E-04   7.4226621E-05   2.0294207E-04
   6.5000000E-01   1.0817933E+06   5.4025513E+05   1.6218672E+06   1.7229254E-04   3.0526626E-04   2.1554836E-04
   7.0000000E-01   8.7993585E+05   4.4245984E+05   1.3223047E+06   5.1293536E-04   1.5671192E-04   2.8997916E-04
   7.5000000E-01   7.1218654E+05   3.5621847E+05   1.0683286E+06   6.0503313E-04   8.7112523E-04   3.9725124E-04
   8.0000000E-01   5.6883966E+05   2.8455710E+05   8.5334902E+05   7.4767469E-04   4.7336668E-04   3.8348428E-04
   8.5000000E-01   4.4107265E+05   2.2092953E+05   6.6197222E+05   7.7588220E-04   8.2964809E-04   6.8739584E-04
   9.0000000E-01   3.2411374E+05   1.6254317E+05   4.8664630E+05   1.4462438E-03   9.0435356E-04   1.2477327E-03
   9.5000000E-01   2.0831539E+05   1.0355458E+05   3.1185992E+05   1.0090101E-03   1.5494409E-03   1.1561655E-03
   1.0000000E+00   1.0316070E+05   5.1501754E+04   1.5464988E+05   2.7995517E-03   3.8583607E-03   3.1509026E-03
