   0.0000000E+00   1.2826361E+08   6.8384677E+07   1.9658156E+08   7.0974177E-04   3.6192250E-04   5.8261100E-04
   5.0000000E-02   4.7979740E+07   2.4224783E+07   7.2132585E+07   1.1341620E-04   1.1052220E-04   1.1246958E-04
   1.0000000E-01   2.3146954E+07   1.1583297E+07   3.4701730E+07   5.6114218E-05   1.4024159E-04   8.5771041E-05
   1.5000000E-01   1.4213852E+07   7.1116583E+06   2.1307600E+07   1.8322422E-05   1.1750376E-04   3.9289947E-05
   2.0000000E-01   9.6223328E+06   4.8052856E+06   1.4416844E+07   1.5722448E-04   5.7173442E-05   1.2210923E-04
   2.5000000E-01   6.8802173E+06   3.4223788E+06   1.0295988E+07   9.8019273E-05   1.2756288E-04   6.2865223E-05
   3.0000000E-01   5.0763530E+06   2.5352958E+06   7.6066195E+06   1.6088149E-04   2.2537489E-04   1.8271173E-04
   3.5000000E-01   3.8378987E+06   1.9198633E+06   5.7546062E+06   1.6125410E-04   1.8786951E-04   1.6339499E-04
   4.0000000E-01   2.9434593E+06   1.4652759E+06   4.4065309E+06   6.8919726E-05   4.8575185E-05   4.4037628E-05
   4.5000000E-01   2.2876012E+06   1.1439067E+06   3.4301498E+06   2.8697346E-04   9.9578257E-05   2.1846214E-04
   5.0000000E-01   1.7883923E+06   8.9475636E+05   2.6822510E+06   2.9669884E-04   3.1788045E-04   2.5512204E-04
   5.5000000E-01   1.4117680E+06   7.0540943E+05   2.1164945E+06   1.2394378E-04   2.4543343E-04   1.4006642E-04
   6.0000000E-01   1.1181855E+06   5.5892563E+05   1.6767239E+06   2.5862358E-04   8.5227468E-05   1.4723264E-04
   6.5000000E-01   8.8596905E+05   4.4018340E+05   1.3258096E+06   3.5510777E-04   7.0000452E-05   2.1478820E-04
   7.0000000E-01   7.0231439E+05   3.5015452E+05   1.0522597E+06   3.3346165E-04   5.3857692E-04   2.7213279E-04
   7.5000000E-01   5.5298067E+05   2.7441707E+05   8.2725769E+05   2.0659824E-04   6.2298139E-04   2.7512116E-04
   8.0000000E-01   4.3072500E+05   2.1392414E+05   6.4458946E+05   1.5116255E-03   5.3864006E-04   1.1174780E-03
   8.5000000E-01   3.2308453E+05   1.6164899E+05   4.8468485E+05   1.1100726E-03   1.3128824E-03   1.1567903E-03
   9.0000000E-01   2.3141129E+05   1.1567028E+05   3.4704620E+05   1.7413768E-03   1.3473449E-03   1.6075853E-03
   9.5000000E-01   1.4931414E+05   7.4514669E+04   2.2381876E+05   2.5643699E-03   3.4362882E-03   2.8424725E-03
   1.0000000E+00   7.6589288E+04   3.9341530E+04   1.1593082E+05   5.9430929E-03   6.4349578E-03   6.0467409E-03
