   0.0000000E+00   2.1756282E+09   1.3532331E+09   3.4235496E+09   2.9236254E-03   4.3452929E-08   1.8127608E-03
   5.0000000E-02   1.4287976E+07   4.0357237E+06   1.8305938E+07   1.7920319E-01   2.2345452E-05   1.3973446E-01
   1.0000000E-01   6.8008499E+06   1.8885644E+06   8.6819021E+06   1.8480537E-01   2.6925840E-05   1.4469626E-01
   1.5000000E-01   4.2640156E+06   1.1937894E+06   5.4524574E+06   1.9137146E-01   2.6046839E-05   1.4956620E-01
   2.0000000E-01   3.0041928E+06   8.3374908E+05   3.8343131E+06   1.9607693E-01   1.4478065E-05   1.5352191E-01
   2.5000000E-01   2.2359996E+06   6.2256321E+05   2.8561946E+06   2.0307728E-01   3.9552157E-05   1.5887610E-01
   3.0000000E-01   1.7270115E+06   4.8229253E+05   2.2077125E+06   2.0893967E-01   4.7206630E-05   1.6332856E-01
   3.5000000E-01   1.3661315E+06   3.8243569E+05   1.7474212E+06   2.1456392E-01   4.1844349E-05   1.6765261E-01
   4.0000000E-01   1.0947075E+06   3.0932559E+05   1.4028872E+06   2.2139043E-01   9.0559655E-05   1.7264552E-01
   4.5000000E-01   8.9429516E+05   2.4775827E+05   1.1413249E+06   2.2781143E-01   1.1688166E-04   1.7844115E-01
   5.0000000E-01   7.3181989E+05   2.0373106E+05   9.3509895E+05   2.3564783E-01   1.0265440E-04   1.8436455E-01
   5.5000000E-01   6.0107903E+05   1.7033630E+05   7.7106808E+05   2.4300754E-01   4.9891252E-05   1.8938997E-01
   6.0000000E-01   4.9439361E+05   1.3801917E+05   6.3204142E+05   2.5134517E-01   6.4928333E-05   1.9653267E-01
   6.5000000E-01   4.0717221E+05   1.1255927E+05   5.1956009E+05   2.5962015E-01   4.9950529E-05   2.0340413E-01
   7.0000000E-01   3.3317951E+05   9.3264797E+04   4.2628969E+05   2.6915968E-01   3.8504573E-05   2.1031549E-01
   7.5000000E-01   2.6984190E+05   7.4136495E+04   3.4388078E+05   2.7878694E-01   5.8536671E-05   2.1870773E-01
   8.0000000E-01   2.1512178E+05   5.9090251E+04   2.7411654E+05   2.9031358E-01   1.7900273E-05   2.2776635E-01
   8.5000000E-01   1.6701907E+05   4.5675596E+04   2.1263475E+05   3.0230672E-01   1.0001142E-04   2.3742413E-01
   9.0000000E-01   1.2219563E+05   3.3935371E+04   1.5610978E+05   3.1605767E-01   9.3555741E-05   2.4738254E-01
   9.5000000E-01   7.9775159E+04   2.1742241E+04   1.0151405E+05   3.3058891E-01   1.5319052E-04   2.5980422E-01
   1.0000000E+00   3.4845894E+04   9.3559528E+03   4.4201847E+04   3.4472805E-01   1.1831612E-06   2.7176158E-01
