   0.0000000E+00   5.5956332E+07   2.8055069E+07   8.4005799E+07   8.9761678E-03   5.4422383E-03   7.7956332E-03
   5.0000000E-02   2.1466500E+07   1.0785867E+07   3.2247147E+07   1.5796091E-03   1.5664368E-03   1.5502786E-03
   1.0000000E-01   1.1706865E+07   5.8843720E+06   1.7587385E+07   1.3176556E-03   5.7957382E-04   1.0678043E-03
   1.5000000E-01   8.1869515E+06   4.0807540E+06   1.2264501E+07   2.5224899E-04   7.0889563E-04   3.6511833E-04
   2.0000000E-01   6.2763707E+06   3.1441218E+06   9.4182325E+06   4.4139369E-04   7.7744876E-04   9.0157355E-05
   2.5000000E-01   5.0862227E+06   2.5564613E+06   7.6409397E+06   2.7825981E-04   1.1195439E-03   2.2820550E-04
   3.0000000E-01   4.2651297E+06   2.1300555E+06   6.3936573E+06   4.7594009E-04   4.8818831E-04   4.6951518E-04
   3.5000000E-01   3.6422563E+06   1.8335559E+06   5.4746026E+06   3.5030566E-04   3.5181627E-04   1.2747929E-04
   4.0000000E-01   3.1728334E+06   1.5850400E+06   4.7566479E+06   5.9055550E-04   1.7682746E-04   4.4882079E-04
   4.5000000E-01   2.7897315E+06   1.3940700E+06   4.1828112E+06   1.5181355E-04   5.1172940E-04   1.1487428E-04
   5.0000000E-01   2.4630946E+06   1.2377034E+06   3.7001487E+06   6.2482322E-04   4.6663593E-04   5.2995203E-04
   5.5000000E-01   2.1811982E+06   1.0875723E+06   3.2679429E+06   5.7815101E-04   3.5859621E-04   4.9781342E-04
   6.0000000E-01   1.9346663E+06   9.6883980E+05   2.9030074E+06   3.5850961E-04   4.7797665E-04   1.8279322E-04
   6.5000000E-01   1.7108226E+06   8.5563167E+05   2.5659792E+06   9.2329356E-04   4.7195474E-04   4.6332008E-04
   7.0000000E-01   1.5052920E+06   7.5861886E+05   2.2634516E+06   1.2678005E-03   9.2383190E-04   1.1526407E-03
   7.5000000E-01   1.3161477E+06   6.5881658E+05   1.9746205E+06   4.8913771E-04   2.5984679E-04   3.8320220E-04
   8.0000000E-01   1.1294789E+06   5.6851339E+05   1.6977018E+06   1.1046686E-03   1.0626104E-03   1.0931966E-03
   8.5000000E-01   9.4781824E+05   4.7327063E+05   1.4209129E+06   1.0534318E-03   1.0000382E-03   1.0204793E-03
   9.0000000E-01   7.4900792E+05   3.7404948E+05   1.1229654E+06   1.4709640E-03   1.2508382E-03   1.4022150E-03
   9.5000000E-01   5.2436695E+05   2.6170099E+05   7.8597077E+05   2.2570287E-03   1.0069919E-03   1.8332937E-03
   1.0000000E+00   2.8023845E+05   1.4124471E+05   4.2148316E+05   6.5632340E-03   5.7140263E-03   6.1583231E-03
