   0.0000000E+00   3.2406630E+09   1.6615257E+09   4.6818515E+09   1.7350399E-05   1.7369900E-06   1.2181846E-05
   5.0000000E-02   1.4171156E+05   3.6414651E+04   1.7812621E+05   1.7348150E-01   4.0532906E-02   1.4630259E-01
   1.0000000E-01   6.4075780E+04   1.4737748E+04   7.8813528E+04   1.8742780E-01   2.1762372E-02   1.5644917E-01
   1.5000000E-01   3.9555309E+04   9.3583107E+03   4.8913619E+04   1.8049903E-01   2.1235971E-02   1.5002831E-01
   2.0000000E-01   2.7231411E+04   5.2521131E+03   3.2483524E+04   1.8105806E-01   1.3872720E-02   1.5402662E-01
   2.5000000E-01   2.0562819E+04   3.2722256E+03   2.3835044E+04   1.8283238E-01   1.0629684E-02   1.5919124E-01
   3.0000000E-01   1.6212584E+04   2.6419721E+03   1.8854556E+04   1.6767644E-01   1.0512253E-02   1.4565400E-01
   3.5000000E-01   1.1486440E+04   1.7188734E+03   1.3205313E+04   1.6485208E-01   1.1821906E-02   1.4493287E-01
   4.0000000E-01   9.5413388E+03   1.3846480E+03   1.0925987E+04   1.4029762E-01   1.0060722E-02   1.2379272E-01
   4.5000000E-01   7.9718943E+03   9.6907676E+02   8.9409710E+03   1.3256289E-01   3.9198688E-03   1.1861978E-01
   5.0000000E-01   6.1242822E+03   6.0478878E+02   6.7290710E+03   1.2404527E-01   7.6548005E-03   1.1358444E-01
   5.5000000E-01   5.3649684E+03   4.2827148E+02   5.7932399E+03   1.1298791E-01   1.0300388E-05   1.0463439E-01
   6.0000000E-01   4.4987797E+03   2.8117373E+02   4.7799535E+03   9.3655492E-02   7.3375500E-07   8.8146389E-02
   6.5000000E-01   3.8393069E+03   2.7913328E+02   4.1184402E+03   8.1392622E-02   1.2400548E-02   7.6716554E-02
   7.0000000E-01   2.8693363E+03   1.5460766E+02   3.0239439E+03   6.6611897E-02   1.1782105E-02   6.3808569E-02
   7.5000000E-01   2.3724697E+03   1.3581222E+02   2.5082819E+03   5.1238076E-02   2.3829867E-05   4.8465054E-02
   8.0000000E-01   1.7785565E+03   4.7746483E+01   1.8263030E+03   5.0256456E-02   2.0506882E-07   4.8942556E-02
   8.5000000E-01   1.5016737E+03   4.4937866E+01   1.5466116E+03   4.2484489E-02   6.5950298E-06   4.1250264E-02
   9.0000000E-01   1.0857904E+03   2.8294212E+01   1.1140846E+03   3.4490375E-02   1.0088724E-05   3.3614685E-02
   9.5000000E-01   6.0981473E+02   2.0103782E+01   6.2991851E+02   3.8182387E-02   5.7488414E-04   3.6982148E-02
   1.0000000E+00   2.8294212E+02   6.2876027E+00   2.8922972E+02   9.1891129E-03   2.6841157E-04   8.9835146E-03
