   0.0000000E+00   2.3116937E+06   1.2977046E+09   1.2970970E+09   7.6029483E-05   2.5307980E-05   2.5345754E-05
   5.0000000E-02   2.2781439E+06   3.7036183E+07   3.9284406E+07   8.1847999E-05   3.7433359E-04   3.4773906E-04
   1.0000000E-01   2.3073647E+06   4.6941796E+06   6.9985840E+06   2.7345947E-05   1.1690819E-03   7.8107258E-04
   1.5000000E-01   2.3424212E+06   6.8339010E+05   3.0249625E+06   6.1737199E-05   3.7576672E-03   8.7532544E-04
   2.0000000E-01   2.3795256E+06   8.1885218E+04   2.4607582E+06   9.1862228E-06   1.9682331E-02   6.6089051E-04
   2.5000000E-01   2.4576706E+06   9.1673247E+03   2.4660740E+06   2.2116577E-05   1.0237338E-01   3.9920192E-04
   3.0000000E-01   2.5507657E+06   2.3554932E+03   2.5519646E+06   2.1058793E-05   2.9599133E-01   2.7222587E-04
   3.5000000E-01   2.6634807E+06   1.4187526E+03   2.6636262E+06   2.1355511E-05   3.8205640E-01   1.8749244E-04
   4.0000000E-01   2.8345097E+06   9.1514092E+02   2.8334355E+06   2.1168027E-05   4.1923334E-01   1.1660694E-04
   4.5000000E-01   3.0684932E+06   6.5784043E+02   3.0664984E+06   2.3210328E-05   4.2508075E-01   6.7795184E-05
   5.0000000E-01   3.4529365E+06   4.8383103E+02   3.4505747E+06   2.0447718E-05   4.4272017E-01   4.2221781E-05
   5.5000000E-01   4.0384728E+06   3.4724715E+02   4.0339875E+06   3.3337543E-05   5.1006494E-01   1.8084801E-05
   6.0000000E-01   4.9426151E+06   2.3342725E+02   4.9346415E+06   2.3131688E-05   5.6733742E-01   6.0343293E-06
   6.5000000E-01   6.1199777E+06   2.2036838E+02   6.1093412E+06   3.2710164E-05   5.3190185E-01   1.3868301E-05
   7.0000000E-01   5.4358598E+06   1.4551309E+02   5.4242960E+06   1.9690067E-05   6.2915313E-01   5.2036711E-06
   7.5000000E-01   5.4675453E+05   1.2307982E+02   5.4671633E+05   1.7047877E-04   6.5641272E-01   3.1684665E-04
   8.0000000E-01   7.5932823E+04   1.1140846E+02   7.6044232E+04   1.7228917E-03   6.5137135E-01   2.6703227E-03
   8.5000000E-01   1.2286762E+04   4.8682688E+01   1.2335444E+04   1.0263333E-02   7.1864912E-01   1.3042885E-02
   9.0000000E-01   1.6870424E+03   4.9514871E+01   1.7365573E+03   5.6924345E-02   7.1954644E-01   7.5491098E-02
   9.5000000E-01   2.7810232E+02   2.0103782E+01   2.9820610E+02   2.0551238E-01   7.9952530E-01   2.4536895E-01
   1.0000000E+00   6.9163630E+01   1.2575205E+01   8.1738835E+01   2.9182281E-01   8.5046904E-01   3.7110063E-01
