   0.0000000E+00   1.0047785E+09   1.1681418E+09   2.1339337E+09   8.3012703E-03   4.1661984E-04   4.0599910E-03
   5.0000000E-02   2.4349560E+07   9.5460498E+06   3.3830484E+07   1.3190844E-01   1.7329062E-02   9.9636631E-02
   1.0000000E-01   1.2432930E+07   4.2796446E+06   1.6686950E+07   1.1850997E-01   1.5112465E-02   9.2053573E-02
   1.5000000E-01   8.1920020E+06   2.5063720E+06   1.0679127E+07   1.0897766E-01   1.3524404E-02   8.6660641E-02
   2.0000000E-01   5.9271529E+06   1.6458213E+06   7.5607511E+06   9.8746640E-02   1.2476210E-02   8.0032109E-02
   2.5000000E-01   4.5548108E+06   1.1317190E+06   5.6785847E+06   9.0559658E-02   1.2602820E-02   7.5060533E-02
   3.0000000E-01   3.5976657E+06   8.1072467E+05   4.4020666E+06   8.2005364E-02   1.2260815E-02   6.9197191E-02
   3.5000000E-01   2.8992392E+06   5.9421180E+05   3.4887309E+06   7.4632688E-02   1.2355272E-02   6.4063204E-02
   4.0000000E-01   2.3809420E+06   4.3450891E+05   2.8119973E+06   6.8213868E-02   1.3275872E-02   5.9750682E-02
   4.5000000E-01   1.9548188E+06   3.2431533E+05   2.2765947E+06   6.2605640E-02   1.3544282E-02   5.5629403E-02
   5.0000000E-01   1.6167914E+06   2.4255850E+05   1.8577647E+06   5.7514831E-02   1.4304642E-02   5.1878150E-02
   5.5000000E-01   1.3369594E+06   1.8033123E+05   1.5158033E+06   5.2810729E-02   1.5294118E-02   4.8365890E-02
   6.0000000E-01   1.1045777E+06   1.3623663E+05   1.2399337E+06   4.9685729E-02   1.7587016E-02   4.6164800E-02
   6.5000000E-01   9.1431332E+05   1.0319607E+05   1.0169070E+06   4.6556506E-02   1.9623481E-02   4.3818065E-02
   7.0000000E-01   7.4248509E+05   7.6844554E+04   8.1889311E+05   4.4165892E-02   1.9740957E-02   4.1878494E-02
   7.5000000E-01   5.9925868E+05   5.7176944E+04   6.5616400E+05   4.2639073E-02   2.3079951E-02   4.0956290E-02
   8.0000000E-01   4.7378835E+05   4.2339194E+04   5.1585698E+05   4.1844512E-02   2.4563141E-02   4.0441160E-02
   8.5000000E-01   3.6776401E+05   3.1370375E+04   3.9901455E+05   4.2759021E-02   2.8861413E-02   4.1666400E-02
   9.0000000E-01   2.6696650E+05   2.1358593E+04   2.8826851E+05   4.4391965E-02   3.0839999E-02   4.3379825E-02
   9.5000000E-01   1.7160589E+05   1.3050705E+04   1.8460633E+05   4.8264762E-02   3.5997301E-02   4.7400981E-02
   1.0000000E+00   7.7658181E+04   5.7154308E+03   8.3367324E+04   5.2688459E-02   4.3626276E-02   5.2066457E-02
