   0.0000000E+00   2.1665444E+06   5.7408334E+08   5.7606450E+08   4.4293606E-04   7.0458395E-06   8.3344514E-06
   5.0000000E-02   2.1368779E+06   9.5025050E+07   9.7103932E+07   1.5892642E-04   7.3475839E-05   7.2728039E-05
   1.0000000E-01   2.1409205E+06   1.5891080E+07   1.8027067E+07   2.0072633E-04   2.9975408E-04   2.7036819E-04
   1.5000000E-01   2.1639555E+06   3.2139749E+06   5.3771452E+06   9.0311078E-05   1.2187179E-03   6.9604207E-04
   2.0000000E-01   2.2121423E+06   6.9108259E+05   2.9028588E+06   8.5985953E-05   4.3983821E-03   1.1108500E-03
   2.5000000E-01   2.2568298E+06   1.5613737E+05   2.4127507E+06   4.9249868E-05   1.5301004E-02   1.0124039E-03
   3.0000000E-01   2.3441507E+06   3.8929299E+04   2.3826662E+06   2.8238507E-05   4.1673384E-02   6.7075487E-04
   3.5000000E-01   2.4586710E+06   1.1768371E+04   2.4700483E+06   3.9837190E-05   1.0516429E-01   4.7438010E-04
   4.0000000E-01   2.6051834E+06   4.8542258E+03   2.6095363E+06   2.5320260E-05   2.1929056E-01   3.8427083E-04
   4.5000000E-01   2.8192565E+06   2.7303915E+03   2.8211734E+06   6.8257340E-05   3.2254091E-01   2.5109352E-04
   5.0000000E-01   3.1325258E+06   1.6170142E+03   3.1332770E+06   7.1033891E-05   4.1589449E-01   1.4604607E-04
   5.5000000E-01   3.5805232E+06   1.4295008E+03   3.5805232E+06   4.3594359E-05   4.1942178E-01   1.2654976E-04
   6.0000000E-01   4.1449783E+06   1.0132865E+03   4.1439173E+06   6.3122420E-05   4.5775989E-01   5.4081877E-05
   6.5000000E-01   4.5857583E+06   8.2270863E+02   4.5846124E+06   3.4857593E-05   4.8684580E-01   5.3359674E-05
   7.0000000E-01   4.2722325E+06   5.1384310E+02   4.2703863E+06   4.4989954E-05   4.9827419E-01   1.5561057E-05
   7.5000000E-01   2.8695127E+06   5.5598127E+02   2.8688973E+06   1.3167914E-05   5.5021876E-01   1.0702301E-04
   8.0000000E-01   1.2717395E+06   3.1433101E+02   1.2717793E+06   7.6460622E-05   5.9953109E-01   2.2417363E-04
   8.5000000E-01   4.2009790E+05   2.3217898E+02   4.2028888E+05   4.2241866E-04   6.1291559E-01   7.6005014E-04
   9.0000000E-01   1.2438843E+05   1.5561817E+02   1.2454051E+05   1.5816442E-03   6.8215223E-01   2.4275762E-03
   9.5000000E-01   3.0956474E+04   1.7423278E+02   3.1130707E+04   4.6098939E-03   7.2706614E-01   8.6462471E-03
   1.0000000E+00   5.8474705E+03   6.9163630E+01   5.9166341E+03   1.1533918E-02   7.4040674E-01   2.0042413E-02
