   0.0000000E+00   7.2422375E+07   3.6503268E+07   1.0891699E+08   1.6249331E-03   1.4720863E-03   1.5713596E-03
   5.0000000E-02   2.6070089E+07   1.3074706E+07   3.9139065E+07   3.0714569E-04   2.6843230E-04   2.7580816E-04
   1.0000000E-01   1.3590113E+07   6.8121499E+06   2.0398985E+07   1.2739636E-04   5.1318080E-04   2.0608579E-04
   1.5000000E-01   9.1944872E+06   4.5753651E+06   1.3767539E+07   4.4789323E-04   1.1131734E-04   3.2670565E-04
   2.0000000E-01   6.8744749E+06   3.4445427E+06   1.0317315E+07   1.9885456E-04   1.9053902E-04   7.3494423E-05
   2.5000000E-01   5.4347593E+06   2.7183410E+06   8.1516106E+06   1.9780815E-04   2.4565249E-04   1.0968865E-04
   3.0000000E-01   4.4568689E+06   2.2272143E+06   6.6830646E+06   1.3857511E-04   1.8128861E-04   1.5181207E-04
   3.5000000E-01   3.7263811E+06   1.8746088E+06   5.6001350E+06   1.8061104E-04   1.2229061E-04   7.9347297E-05
   4.0000000E-01   3.1796850E+06   1.5947007E+06   4.7736774E+06   3.2345748E-05   6.4133396E-04   1.9777974E-04
   4.5000000E-01   2.7370194E+06   1.3737477E+06   4.1102153E+06   2.2078188E-04   7.8081963E-04   3.5759725E-04
   5.0000000E-01   2.3690723E+06   1.1917395E+06   3.5604934E+06   3.4159228E-04   8.3840826E-05   2.0159369E-04
   5.5000000E-01   2.0644595E+06   1.0321979E+06   3.0962292E+06   2.3066097E-04   1.5357562E-04   1.6690896E-04
   6.0000000E-01   1.8018621E+06   9.0263134E+05   2.7041433E+06   3.9961701E-04   4.7244205E-04   3.9732877E-04
   6.5000000E-01   1.5712413E+06   7.8660249E+05   2.3574667E+06   4.4947695E-04   2.8248597E-04   3.7091062E-04
   7.0000000E-01   1.3611795E+06   6.8462090E+05   2.0455139E+06   4.4201490E-04   1.1280776E-03   6.6971009E-04
   7.5000000E-01   1.1692838E+06   5.8422172E+05   1.7532339E+06   1.3500281E-04   5.6803755E-04   2.1262948E-04
   8.0000000E-01   9.8664526E+05   4.9442279E+05   1.4808651E+06   5.6329491E-04   9.3369438E-04   6.8218628E-04
   8.5000000E-01   8.1294847E+05   4.0870989E+05   1.2215910E+06   8.5185439E-04   1.3758466E-03   1.0134252E-03
   9.0000000E-01   6.3257370E+05   3.1735142E+05   9.4983316E+05   2.9083801E-04   2.3726190E-04   2.7177746E-04
   9.5000000E-01   4.3149418E+05   2.1689971E+05   6.4835703E+05   9.9678170E-04   1.2355724E-03   1.0717358E-03
   1.0000000E+00   2.1999064E+05   1.1092589E+05   3.3091653E+05   3.1225271E-03   2.2709876E-03   2.8006478E-03
