   0.0000000E+00   1.1807311E+08   6.2008803E+07   1.8002741E+08   1.3657664E-03   6.3343918E-04   1.1106815E-03
   5.0000000E-02   4.4095723E+07   2.2227197E+07   6.6267089E+07   2.2692196E-04   2.5100986E-04   2.2889706E-04
   1.0000000E-01   2.1652966E+07   1.0819544E+07   3.2448351E+07   1.4333555E-04   1.5592104E-04   1.4266726E-04
   1.5000000E-01   1.3467840E+07   6.7241902E+06   2.0175054E+07   1.9866523E-04   2.0964029E-04   1.9563036E-04
   2.0000000E-01   9.2461382E+06   4.6352126E+06   1.3870974E+07   1.4062102E-04   2.0968361E-04   1.6274217E-04
   2.5000000E-01   6.7057198E+06   3.3634023E+06   1.0062527E+07   1.9039471E-04   6.6363466E-06   1.2306144E-04
   3.0000000E-01   5.0420074E+06   2.5193273E+06   7.5567722E+06   2.2061994E-04   1.2308330E-04   1.8940296E-04
   3.5000000E-01   3.8631634E+06   1.9328413E+06   5.7927761E+06   1.3673594E-04   2.2137648E-04   1.4859575E-04
   4.0000000E-01   3.0197900E+06   1.5088366E+06   4.5264064E+06   1.9073664E-04   1.4990429E-04   8.0193355E-05
   4.5000000E-01   2.3860933E+06   1.1940016E+06   3.5785175E+06   2.1822305E-04   2.4920655E-04   2.0617177E-04
   5.0000000E-01   1.9027610E+06   9.5348453E+05   2.8552269E+06   1.4023656E-04   3.3637244E-04   6.2355874E-05
   5.5000000E-01   1.5250053E+06   7.6041338E+05   2.2847589E+06   3.5362207E-04   2.6626480E-04   2.9409523E-04
   6.0000000E-01   1.2283154E+06   6.1265634E+05   1.8404625E+06   3.9692084E-04   5.8824893E-04   4.3851498E-04
   6.5000000E-01   9.8634440E+05   4.9339991E+05   1.4794113E+06   4.1275864E-04   4.0366216E-04   4.0445681E-04
   7.0000000E-01   7.9112739E+05   3.9557279E+05   1.1863819E+06   6.8917324E-04   5.2423849E-04   6.3501704E-04
   7.5000000E-01   6.3361493E+05   3.1710031E+05   9.5046059E+05   3.6305532E-04   3.3631160E-04   1.5568632E-04
   8.0000000E-01   4.9619339E+05   2.4743819E+05   7.4350027E+05   1.0730369E-03   1.0383052E-03   9.5810545E-04
   8.5000000E-01   3.8230141E+05   1.9179481E+05   5.7403630E+05   8.7959592E-04   1.5482330E-03   1.0908553E-03
   9.0000000E-01   2.7992879E+05   1.3958950E+05   4.1946877E+05   1.9245895E-03   1.1726341E-03   1.6698606E-03
   9.5000000E-01   1.8319237E+05   9.1937947E+04   2.7510016E+05   1.7239872E-03   4.0827161E-03   2.4700588E-03
   1.0000000E+00   9.6797643E+04   4.8024709E+04   1.4482235E+05   1.0770975E-02   4.5590194E-03   8.5281771E-03
