   0.0000000E+00   2.1713827E+07   1.0294957E+08   1.2461094E+08   3.8094371E-05   7.7029601E-06   7.2650502E-06
   5.0000000E-02   1.9317718E+07   3.6543503E+07   5.5757197E+07   6.7858436E-06   9.1914983E-06   6.6065693E-06
   1.0000000E-01   1.6235714E+07   1.6174726E+07   3.2348306E+07   3.2665392E-05   1.7305435E-05   9.6558680E-06
   1.5000000E-01   1.3399722E+07   8.9914691E+06   2.2339476E+07   4.5282597E-05   2.3290589E-05   3.6173975E-05
   2.0000000E-01   1.0827693E+07   5.5066815E+06   1.6298819E+07   4.0445300E-05   1.4688846E-05   2.5396115E-05
   2.5000000E-01   8.6413113E+06   3.5451445E+06   1.2163970E+07   7.8298503E-06   2.7414211E-05   1.3904786E-05
   3.0000000E-01   6.7781438E+06   2.3647984E+06   9.1264007E+06   1.1983037E-05   1.8042433E-05   1.1219810E-05
   3.5000000E-01   5.2760046E+06   1.6058643E+06   6.8709372E+06   8.7081384E-05   3.5425381E-05   7.6273782E-05
   4.0000000E-01   4.0529602E+06   1.1087370E+06   5.1548376E+06   3.6392075E-05   4.8057281E-05   2.7876533E-05
   4.5000000E-01   3.0830930E+06   7.7557972E+05   3.8543366E+06   1.5054830E-04   6.2423829E-05   1.2714724E-04
   5.0000000E-01   2.3192440E+06   5.4886810E+05   2.8659413E+06   1.2950419E-04   1.2340161E-04   1.2717209E-04
   5.5000000E-01   1.7379488E+06   3.9323425E+05   2.1296957E+06   2.4264128E-04   1.1832364E-05   1.9914519E-04
   6.0000000E-01   1.2999139E+06   2.8029308E+05   1.5791990E+06   2.4182397E-04   1.7729732E-04   2.2793573E-04
   6.5000000E-01   9.6050253E+05   2.0051074E+05   1.1604501E+06   1.6050579E-04   5.2812084E-04   2.0266160E-04
   7.0000000E-01   7.1206831E+05   1.4529937E+05   8.5696297E+05   8.2518822E-05   5.8693398E-04   1.6355878E-04
   7.5000000E-01   5.2097142E+05   1.0370112E+05   6.2451126E+05   4.7157794E-04   1.8317569E-04   4.2072257E-04
   8.0000000E-01   3.7727281E+05   7.5351908E+04   4.5248546E+05   1.4166238E-04   7.0016037E-04   1.4133622E-04
   8.5000000E-01   2.6884453E+05   5.2618497E+04   3.2138813E+05   7.6550396E-04   1.5738703E-03   8.9194232E-04
   9.0000000E-01   1.8391945E+05   3.5074213E+04   2.1897244E+05   2.0266490E-03   9.7334883E-04   1.7900318E-03
   9.5000000E-01   1.1492327E+05   2.1722137E+04   1.3662866E+05   2.8845822E-03   4.3733185E-03   3.1012011E-03
   1.0000000E+00   6.0342123E+04   1.1682366E+04   7.2024489E+04   5.8580772E-03   1.8124677E-03   4.8823092E-03
