   0.0000000E+00   1.5808033E+08   2.0807688E+08   3.6580681E+08   5.0630809E-06   4.3245373E-06   3.5984372E-06
   5.0000000E-02   9.5303190E+07   5.7904452E+07   1.5272693E+08   2.8646056E-06   6.5742590E-06   3.4625949E-06
   1.0000000E-01   4.7009150E+07   2.0977576E+07   6.7822860E+07   1.0691305E-05   1.3860914E-05   1.1590995E-05
   1.5000000E-01   2.3717376E+07   9.8099075E+06   3.3456364E+07   1.9212923E-05   2.5300810E-05   2.0652114E-05
   2.0000000E-01   1.2445948E+07   5.0071737E+06   1.7427641E+07   3.2960299E-05   3.1005292E-05   3.1643333E-05
   2.5000000E-01   6.6779504E+06   2.6662018E+06   9.3353414E+06   7.1608199E-05   5.6419788E-05   6.6959225E-05
   3.0000000E-01   3.6547386E+06   1.4328932E+06   5.0845866E+06   1.0226930E-04   1.2364544E-04   1.0834577E-04
   3.5000000E-01   2.0167569E+06   7.8971773E+05   2.8054014E+06   2.1179471E-04   2.7664743E-04   2.3007443E-04
   4.0000000E-01   1.1335095E+06   4.4433673E+05   1.5775040E+06   3.4546834E-04   3.8091579E-04   3.5501118E-04
   4.5000000E-01   6.3288494E+05   2.4997229E+05   8.8276527E+05   3.7453512E-04   6.5238863E-04   4.5322941E-04
   5.0000000E-01   3.5985569E+05   1.4174339E+05   5.0154179E+05   5.0205280E-04   3.2886191E-04   4.5247578E-04
   5.5000000E-01   2.0483531E+05   7.9154988E+04   2.8396714E+05   1.1879385E-03   1.6380985E-03   1.3102066E-03
   6.0000000E-01   1.1624147E+05   4.6032915E+04   1.6226377E+05   1.5684443E-03   1.7453045E-03   1.6184422E-03
   6.5000000E-01   6.6183971E+04   2.6782104E+04   9.2961178E+04   2.2948418E-03   2.2148366E-03   2.2718921E-03
   7.0000000E-01   3.8615536E+04   1.4710464E+04   5.3326001E+04   3.9232234E-03   4.6939531E-03   4.1358317E-03
   7.5000000E-01   2.2060997E+04   8.5731463E+03   3.0634143E+04   5.0890935E-03   6.7773670E-03   5.5539187E-03
   8.0000000E-01   1.2724438E+04   5.0173596E+03   1.7741797E+04   6.1305356E-03   9.5913527E-03   7.0733159E-03
   8.5000000E-01   7.4484513E+03   3.0108370E+03   1.0459288E+04   7.7715518E-03   1.6982574E-02   1.0205295E-02
   9.0000000E-01   4.0708298E+03   1.6339907E+03   5.7048205E+03   1.7278946E-02   9.1249462E-03   1.4828648E-02
   9.5000000E-01   2.0137289E+03   7.8404751E+02   2.7977764E+03   1.3658887E-02   3.5047945E-02   1.7290291E-02
   1.0000000E+00   7.2307431E+02   3.1438013E+02   1.0374544E+03   1.2831355E-02   3.6896847E-02   1.1463579E-02
