   0.0000000E+00   1.5619425E+09   6.9294738E+08   2.2161213E+09   3.4852246E-02   3.6462744E-06   2.4147046E-02
   5.0000000E-02   1.8668671E+08   9.9464455E+07   2.8102962E+08   1.6927583E-02   1.2707864E-05   1.1067803E-02
   1.0000000E-01   1.5358420E+07   1.0251170E+07   2.5523806E+07   1.2511341E-02   7.2347189E-05   7.5314276E-03
   1.5000000E-01   1.4257524E+06   1.1904365E+06   2.6151704E+06   1.3209831E-02   4.3357090E-04   7.4009766E-03
   2.0000000E-01   1.4438536E+05   1.4836424E+05   2.9274960E+05   2.2481817E-02   1.8980885E-03   1.2045753E-02
   2.5000000E-01   1.8270987E+04   2.0244509E+04   3.8515496E+04   6.3183694E-02   9.2792949E-03   3.4849882E-02
   3.0000000E-01   5.0611272E+03   3.0451646E+03   8.1062918E+03   1.1320067E-01   4.5421610E-02   8.7673063E-02
   3.5000000E-01   2.6101411E+03   9.9130793E+02   3.6014490E+03   1.3845679E-01   1.0439828E-01   1.2901861E-01
   4.0000000E-01   1.7507044E+03   4.2176060E+02   2.1724650E+03   1.2190033E-01   1.6624192E-01   1.3050484E-01
   4.5000000E-01   1.2095776E+03   3.3953055E+02   1.5491081E+03   1.0140202E-01   2.2099951E-01   1.2759664E-01
   5.0000000E-01   8.2760570E+02   1.7825354E+02   1.0058592E+03   8.2218932E-02   2.6122467E-01   1.1394143E-01
   5.5000000E-01   7.2921901E+02   1.3889886E+02   8.6811787E+02   6.7293017E-02   2.7156989E-01   9.9976574E-02
   6.0000000E-01   4.8276999E+02   1.2732395E+02   6.1009395E+02   3.6183586E-02   2.8308418E-01   8.7710221E-02
   6.5000000E-01   3.1830989E+02   7.8353203E+01   3.9666309E+02   3.2904084E-02   3.2644855E-01   9.0870947E-02
   7.0000000E-01   2.9102618E+02   8.6398398E+01   3.7742458E+02   5.9551576E-03   3.2626659E-01   7.0295230E-02
   7.5000000E-01   2.8435683E+02   6.3661977E+01   3.4801881E+02   1.8466745E-02   3.8012098E-01   5.4468424E-02
   8.0000000E-01   1.7109156E+02   4.3767609E+01   2.1485917E+02   5.7808595E-02   3.9395438E-01   3.4816930E-02
   8.5000000E-01   1.3855842E+02   2.6213755E+01   1.6477218E+02   6.6670402E-02   4.2860335E-01   1.2291243E-02
   9.0000000E-01   9.1956189E+01   7.0735530E+00   9.9029742E+01   9.1811762E-02   4.4909082E-01   5.3221095E-02
   9.5000000E-01   9.0467020E+01   2.0103782E+01   1.1057080E+02   1.2294297E-01   4.7829946E-01   1.3791999E-02
   1.0000000E+00   2.5150411E+01   0.0000000E+00   2.5150411E+01   1.0846780E-01   0.0000000E+00   1.0846780E-01
