   0.0000000E+00   1.7233195E+08   9.0493209E+07   2.6273349E+08   2.3897712E-04   1.0180063E-04   1.9007600E-04
   5.0000000E-02   6.0279425E+07   3.0250453E+07   9.0442470E+07   6.8396441E-05   9.0844262E-05   7.5631762E-05
   1.0000000E-01   2.7644959E+07   1.3841069E+07   4.1456520E+07   7.2989619E-05   3.1874463E-05   4.9183236E-05
   1.5000000E-01   1.6171373E+07   8.0507361E+06   2.4201122E+07   3.8080225E-05   2.9385746E-05   2.4228743E-05
   2.0000000E-01   1.0450830E+07   5.2061651E+06   1.5646347E+07   4.3967897E-05   2.3397284E-05   2.4897695E-05
   2.5000000E-01   7.1124562E+06   3.5580934E+06   1.0664463E+07   1.7522687E-04   1.2565072E-04   1.5672301E-04
   3.0000000E-01   5.0003512E+06   2.4929712E+06   7.4894497E+06   1.6864532E-05   1.3417354E-04   3.3891554E-05
   3.5000000E-01   3.6003304E+06   1.7929668E+06   5.3910781E+06   1.1626541E-04   1.4876428E-04   7.8475804E-05
   4.0000000E-01   2.6288656E+06   1.3101953E+06   3.9377082E+06   5.5325988E-05   1.4388663E-04   1.7992151E-05
   4.5000000E-01   1.9410395E+06   9.6997511E+05   2.9101092E+06   1.7314234E-04   8.5094603E-05   8.6619389E-05
   5.0000000E-01   1.4403777E+06   7.1925302E+05   2.1591724E+06   2.0432518E-04   2.7665876E-04   2.1740123E-04
   5.5000000E-01   1.0842734E+06   5.4134673E+05   1.6252093E+06   1.3754226E-04   4.4979564E-04   2.1365509E-04
   6.0000000E-01   8.1643833E+05   4.1151633E+05   1.2277318E+06   3.7905268E-04   7.8459013E-05   2.4927031E-04
   6.5000000E-01   6.1629691E+05   3.0756081E+05   9.2373039E+05   2.1590286E-04   7.4802118E-04   3.8659233E-04
   7.0000000E-01   4.6481428E+05   2.3261177E+05   6.9736694E+05   4.0211795E-04   6.6401427E-04   1.9349291E-04
   7.5000000E-01   3.4912653E+05   1.7479457E+05   5.2386168E+05   7.5571321E-04   6.0742816E-04   7.0605031E-04
   8.0000000E-01   2.5871830E+05   1.2903487E+05   3.8772929E+05   3.5929792E-04   1.4821411E-03   7.2915212E-04
   8.5000000E-01   1.8703889E+05   9.2351060E+04   2.7936748E+05   1.3948087E-03   1.6729127E-03   1.4725045E-03
   9.0000000E-01   1.2913832E+05   6.3732713E+04   1.9286396E+05   4.9673742E-04   1.2032283E-03   4.8132582E-04
   9.5000000E-01   7.6558554E+04   3.8837157E+04   1.1539571E+05   2.7269465E-03   9.1039877E-04   2.0647861E-03
   1.0000000E+00   3.6248030E+04   1.8818795E+04   5.5066824E+04   3.0334962E-03   1.0134780E-02   5.0405304E-03
