   0.0000000E+00   2.1334300E+08   1.0266487E+08   3.1598903E+08   7.9000920E-04   3.1869854E-05   5.4572448E-04
   5.0000000E-02   5.9789801E+07   2.8508470E+07   8.8284902E+07   1.2351265E-04   8.7180295E-05   9.9263377E-05
   1.0000000E-01   2.6348515E+07   1.2784184E+07   3.9127351E+07   2.3639852E-04   1.5430400E-04   1.4775826E-04
   1.5000000E-01   1.5264041E+07   7.5060230E+06   2.2767157E+07   4.9660780E-04   1.9268737E-04   3.8933571E-04
   2.0000000E-01   9.8694049E+06   4.9144500E+06   1.4782263E+07   1.5618727E-04   3.3282325E-04   1.9367740E-04
   2.5000000E-01   6.7760663E+06   3.3853275E+06   1.0160210E+07   6.7188478E-04   4.3835986E-04   5.5070603E-04
   3.0000000E-01   4.8192753E+06   2.4469224E+06   7.2656566E+06   7.0261291E-04   5.1823276E-04   5.3349125E-04
   3.5000000E-01   3.5092119E+06   1.7931851E+06   5.3021605E+06   3.7422963E-04   6.4387228E-04   3.8784207E-04
   4.0000000E-01   2.5990718E+06   1.3396947E+06   3.9385755E+06   6.4561695E-04   8.5806459E-04   5.3948075E-04
   4.5000000E-01   1.9643752E+06   1.0152883E+06   2.9794371E+06   6.3603243E-04   1.0374412E-03   5.4119677E-04
   5.0000000E-01   1.4918675E+06   7.7849685E+05   2.2702880E+06   5.0342209E-04   1.1671348E-03   3.0197764E-04
   5.5000000E-01   1.1461471E+06   6.0206868E+05   1.7481463E+06   9.4762624E-04   1.7018468E-03   1.0076731E-03
   6.0000000E-01   8.7881115E+05   4.6640356E+05   1.3451776E+06   4.5593910E-04   2.0811899E-03   7.2908412E-04
   6.5000000E-01   6.8221644E+05   3.6269698E+05   1.0448693E+06   5.6709121E-04   2.4852227E-03   4.9483593E-04
   7.0000000E-01   5.2356520E+05   2.8076751E+05   8.0432361E+05   1.6081177E-03   3.2358884E-03   1.6468293E-04
   7.5000000E-01   4.0197021E+05   2.1650165E+05   6.1847186E+05   1.0530835E-03   3.4091572E-03   1.0385357E-03
   8.0000000E-01   3.0278830E+05   1.6463783E+05   4.6742613E+05   1.8461900E-03   4.0042117E-03   1.5200290E-03
   8.5000000E-01   2.2209042E+05   1.2138467E+05   3.4347509E+05   1.5319451E-03   4.8507106E-03   1.1978171E-03
   9.0000000E-01   1.5341475E+05   8.5536940E+04   2.3895169E+05   1.7608794E-03   5.6401232E-03   9.3626977E-04
   9.5000000E-01   9.3328459E+04   5.0919530E+04   1.4424464E+05   1.7263235E-03   5.7158455E-03   1.9495440E-03
   1.0000000E+00   4.0052029E+04   2.2654232E+04   6.2706262E+04   6.5140428E-03   6.4174506E-03   4.4945216E-03
