   0.0000000E+00   6.5807641E+07   3.3710290E+07   9.9509782E+07   2.9269755E-03   1.9775434E-03   2.6024790E-03
   5.0000000E-02   2.5103700E+07   1.2546948E+07   3.7640462E+07   7.9814608E-04   6.8383427E-04   7.6063381E-04
   1.0000000E-01   1.3335752E+07   6.6659501E+06   1.9996386E+07   3.8128941E-04   5.3550723E-04   4.3266964E-04
   1.5000000E-01   9.0682030E+06   4.5388443E+06   1.3602676E+07   6.6446560E-05   8.6855332E-04   3.2524514E-04
   2.0000000E-01   6.8279221E+06   3.4223247E+06   1.0246745E+07   2.2211694E-04   6.6675582E-04   3.3533435E-04
   2.5000000E-01   5.4285077E+06   2.7145340E+06   8.1408772E+06   3.9849053E-04   1.8999565E-04   3.1051149E-04
   3.0000000E-01   4.4503436E+06   2.2369970E+06   6.6854944E+06   3.0813847E-04   3.2418055E-04   1.0408534E-04
   3.5000000E-01   3.7408869E+06   1.8747179E+06   5.6140587E+06   3.2166235E-04   4.0698592E-04   3.3228507E-04
   4.0000000E-01   3.1968101E+06   1.5966981E+06   4.7921951E+06   4.4766474E-04   1.1797113E-04   3.3631927E-04
   4.5000000E-01   2.7584523E+06   1.3805666E+06   4.1378588E+06   5.1774486E-04   1.8158712E-04   2.9025350E-04
   5.0000000E-01   2.3947217E+06   1.1975709E+06   3.5915668E+06   2.1780278E-04   1.7278257E-04   1.9281062E-04
   5.5000000E-01   2.0826495E+06   1.0432693E+06   3.1252128E+06   3.1907562E-04   4.9232400E-04   3.7728556E-04
   6.0000000E-01   1.8169287E+06   9.1271646E+05   2.7290457E+06   6.0331108E-04   4.4912709E-04   3.0516901E-04
   6.5000000E-01   1.5856729E+06   7.9018226E+05   2.3752871E+06   4.2236550E-04   4.8817170E-04   4.4316077E-04
   7.0000000E-01   1.3747213E+06   6.8841789E+05   2.0627072E+06   6.1870128E-04   9.0064593E-04   6.6174154E-04
   7.5000000E-01   1.1838836E+06   5.9408933E+05   1.7776631E+06   1.0707716E-03   8.5200696E-04   9.9558566E-04
   8.0000000E-01   1.0051192E+06   5.0162853E+05   1.5064214E+06   7.7710589E-04   8.1631691E-04   7.5818066E-04
   8.5000000E-01   8.2168514E+05   4.1552547E+05   1.2369897E+06   1.0978088E-03   1.1291060E-03   1.0388708E-03
   9.0000000E-01   6.4975890E+05   3.2669558E+05   9.7632716E+05   1.1296737E-03   1.6358614E-03   1.2880083E-03
   9.5000000E-01   4.4860250E+05   2.2454249E+05   6.7306458E+05   2.3624654E-03   2.5559389E-03   2.3871143E-03
   1.0000000E+00   2.4079632E+05   1.2052077E+05   3.6131080E+05   4.8778593E-03   5.2048475E-03   4.9687866E-03
