   0.0000000E+00   5.9522930E+07   3.1534578E+07   9.1048851E+07   4.2491832E-03   1.0514819E-03   3.1434692E-03
   5.0000000E-02   2.4427737E+07   1.2300194E+07   3.6717873E+07   5.5022720E-04   7.8922967E-04   6.2795725E-04
   1.0000000E-01   1.3203176E+07   6.6104687E+06   1.9808074E+07   5.3400809E-04   3.1102751E-04   3.9970699E-04
   1.5000000E-01   9.0333587E+06   4.5282977E+06   1.3556818E+07   3.9033891E-04   2.0050480E-04   3.0678471E-04
   2.0000000E-01   6.8123249E+06   3.4234228E+06   1.0232342E+07   8.9690788E-05   9.6259838E-05   9.0430544E-05
   2.5000000E-01   5.4254138E+06   2.7232684E+06   8.1461866E+06   1.9800176E-04   4.5677748E-04   2.6137826E-04
   3.0000000E-01   4.4674793E+06   2.2378777E+06   6.7030014E+06   4.7372605E-04   5.7166897E-04   2.9936242E-04
   3.5000000E-01   3.7550653E+06   1.8832304E+06   5.6366406E+06   2.6775532E-04   1.2612843E-04   1.8363606E-04
   4.0000000E-01   3.2076644E+06   1.6029688E+06   4.8091849E+06   6.3469366E-05   1.2828482E-04   6.5213514E-05
   4.5000000E-01   2.7681218E+06   1.3808283E+06   4.1476486E+06   2.9774039E-04   3.7377254E-04   3.0576923E-04
   5.0000000E-01   2.3980703E+06   1.1962022E+06   3.5935595E+06   3.6967734E-04   4.0427177E-04   3.1841248E-04
   5.5000000E-01   2.0932347E+06   1.0464698E+06   3.1388249E+06   4.2839622E-04   7.5928542E-04   4.8943043E-04
   6.0000000E-01   1.8291412E+06   9.1661576E+05   2.7450196E+06   1.9692539E-04   7.7854865E-04   3.8942280E-04
   6.5000000E-01   1.5900656E+06   7.9462390E+05   2.3841459E+06   5.4872434E-04   9.3511073E-04   6.6405637E-04
   7.0000000E-01   1.3828564E+06   6.9586634E+05   2.0781407E+06   3.1126365E-04   5.7413985E-04   3.8352408E-04
   7.5000000E-01   1.1929109E+06   5.9860084E+05   1.7911467E+06   1.0704268E-03   3.5966437E-04   6.1657225E-04
   8.0000000E-01   1.0127865E+06   5.0624402E+05   1.5187480E+06   9.5629355E-04   1.4689225E-03   1.1190694E-03
   8.5000000E-01   8.3499424E+05   4.1953992E+05   1.2543282E+06   1.6220328E-03   1.1649998E-03   1.3962813E-03
   9.0000000E-01   6.5747614E+05   3.2806078E+05   9.8544143E+05   2.4206042E-03   2.3092834E-03   2.3806039E-03
   9.5000000E-01   4.5722032E+05   2.2980969E+05   6.8696970E+05   2.4495726E-03   2.7284151E-03   2.4884429E-03
   1.0000000E+00   2.5359788E+05   1.2543139E+05   3.7902927E+05   6.4645796E-03   6.2615511E-03   6.3184679E-03
