   0.0000000E+00   1.7071901E+08   2.2570921E+08   3.9597801E+08   7.0119418E-06   7.8363874E-07   3.4358535E-06
   5.0000000E-02   1.0172471E+08   6.1233973E+07   1.6234002E+08   4.8226051E-06   3.9320296E-06   4.2464093E-06
   1.0000000E-01   4.8910192E+07   2.1479265E+07   7.0194333E+07   1.1055850E-05   1.7902337E-05   1.2980728E-05
   1.5000000E-01   2.3938049E+07   9.6735435E+06   3.3532694E+07   2.0429934E-05   2.8778565E-05   2.2855383E-05
   2.0000000E-01   1.2103399E+07   4.7783884E+06   1.6855670E+07   3.7356039E-05   3.4419441E-05   3.6389306E-05
   2.5000000E-01   6.2632818E+06   2.4155519E+06   8.6705321E+06   4.8341656E-05   1.0555021E-04   6.4058422E-05
   3.0000000E-01   3.2950803E+06   1.2775473E+06   4.5699750E+06   1.0248399E-04   1.3876911E-04   1.1181942E-04
   3.5000000E-01   1.7578345E+06   6.7588102E+05   2.4328516E+06   2.0669063E-04   3.3460894E-04   2.4222413E-04
   4.0000000E-01   9.4269860E+05   3.6339848E+05   1.3058981E+06   2.9063704E-04   4.4531363E-04   3.3277202E-04
   4.5000000E-01   5.1119153E+05   1.9456515E+05   7.0565058E+05   5.7640089E-04   6.4502376E-04   5.9528799E-04
   5.0000000E-01   2.7563726E+05   1.0634733E+05   3.8195276E+05   7.7958281E-04   1.0632666E-03   8.5862692E-04
   5.5000000E-01   1.5204795E+05   5.6763334E+04   2.0881129E+05   1.1167132E-03   1.7142883E-03   1.2779023E-03
   6.0000000E-01   8.3184984E+04   3.2531270E+04   1.1571625E+05   1.9497530E-03   3.4673147E-03   2.3763753E-03
   6.5000000E-01   4.6453655E+04   1.7497250E+04   6.3950905E+04   2.5724963E-03   3.7230155E-03   2.8766895E-03
   7.0000000E-01   2.5055535E+04   1.0249578E+04   3.5305114E+04   5.1454188E-03   3.7341809E-03   4.7171464E-03
   7.5000000E-01   1.4243306E+04   5.3391178E+03   1.9582424E+04   5.4979166E-03   9.8452882E-03   6.6824137E-03
   8.0000000E-01   7.8264443E+03   3.2268665E+03   1.1053311E+04   8.6852578E-03   9.8622486E-03   8.9744558E-03
   8.5000000E-01   4.2990559E+03   1.6327425E+03   5.9317983E+03   1.8382902E-02   1.5831764E-02   1.7635012E-02
   9.0000000E-01   2.2989047E+03   9.5846644E+02   3.2573712E+03   2.0028262E-02   3.1844728E-02   2.3336866E-02
   9.5000000E-01   9.7168281E+02   3.8532249E+02   1.3570053E+03   3.2930481E-02   7.5715586E-02   4.5078432E-02
   1.0000000E+00   3.7725616E+02   1.7605288E+02   5.5330904E+02   5.6982407E-02   6.7993739E-02   5.9939947E-02
