   0.0000000E+00   1.6119213E+08   9.5137987E+07   2.5617325E+08   1.0680050E-04   6.5806614E-05   9.1072052E-05
   5.0000000E-02   6.5347492E+07   3.3090732E+07   9.8261753E+07   3.9561093E-05   5.0273050E-05   4.3960837E-05
   1.0000000E-01   3.0394488E+07   1.5090849E+07   4.5412062E+07   2.0715524E-05   2.9028500E-05   2.2831369E-05
   1.5000000E-01   1.7519182E+07   8.6698488E+06   2.6151237E+07   1.4081495E-05   5.4737372E-05   2.2477413E-05
   2.0000000E-01   1.1059009E+07   5.4810893E+06   1.6520840E+07   2.4076264E-05   5.7303817E-05   2.3333803E-05
   2.5000000E-01   7.3249216E+06   3.6073041E+06   1.0921543E+07   3.2568364E-05   4.8289858E-05   3.4366215E-05
   3.0000000E-01   5.0243836E+06   2.4729919E+06   7.4915081E+06   2.5386211E-05   2.1288969E-05   1.9853013E-05
   3.5000000E-01   3.4814189E+06   1.7313148E+06   5.2091686E+06   4.8593889E-05   6.2184742E-05   4.9242932E-05
   4.0000000E-01   2.4709362E+06   1.2153708E+06   3.6843892E+06   1.0717785E-04   1.1439256E-04   1.0614065E-04
   4.5000000E-01   1.7683883E+06   8.7048558E+05   2.6379614E+06   1.0187635E-04   1.1919115E-04   9.9704415E-05
   5.0000000E-01   1.2657911E+06   6.2905036E+05   1.8942430E+06   6.1867838E-06   1.1558390E-04   3.6114876E-05
   5.5000000E-01   9.2031491E+05   4.5886396E+05   1.3787680E+06   1.4653039E-04   4.6170652E-05   1.1298425E-04
   6.0000000E-01   6.7188320E+05   3.3240571E+05   1.0040290E+06   3.8015890E-04   3.3760284E-04   2.9733129E-04
   6.5000000E-01   4.8807189E+05   2.4014277E+05   7.2808245E+05   1.5072918E-04   7.2292109E-04   2.0133273E-04
   7.0000000E-01   3.5440623E+05   1.7389269E+05   5.2823526E+05   6.7103507E-04   1.2931483E-04   4.5215854E-04
   7.5000000E-01   2.5699916E+05   1.2753192E+05   3.8449712E+05   3.0141013E-04   1.1457502E-03   3.8058222E-04
   8.0000000E-01   1.8654949E+05   9.0587015E+04   2.7712059E+05   7.6739679E-04   8.5366284E-04   7.9735336E-04
   8.5000000E-01   1.3105005E+05   6.4459624E+04   1.9549844E+05   1.2476882E-03   1.3203276E-03   1.2451738E-03
   9.0000000E-01   8.7743889E+04   4.3130990E+04   1.3086780E+05   9.0839220E-04   2.7352711E-03   1.2462136E-03
   9.5000000E-01   5.1881161E+04   2.5632322E+04   7.7500081E+04   3.3296241E-03   3.2568494E-03   3.2887169E-03
   1.0000000E+00   2.5816897E+04   1.3034200E+04   3.8851097E+04   4.4550950E-03   3.1683725E-03   3.6894730E-03
