   0.0000000E+00   3.2339785E+09   1.6573611E+09   4.6733397E+09   2.0480578E-05   1.5664897E-06   1.3820586E-05
   5.0000000E-02   1.6010987E+05   4.6600567E+04   2.0671044E+05   1.7671138E-01   1.5411805E-02   1.4034819E-01
   1.0000000E-01   7.7890429E+04   2.0499157E+04   9.8389586E+04   1.8311022E-01   2.2025162E-02   1.4954816E-01
   1.5000000E-01   5.0271741E+04   1.2711175E+04   6.2982916E+04   1.9108262E-01   1.3054711E-02   1.5515313E-01
   2.0000000E-01   3.6971693E+04   9.0877473E+03   4.6059441E+04   1.9899190E-01   1.4470804E-02   1.6258500E-01
   2.5000000E-01   2.7629298E+04   6.8882259E+03   3.4517524E+04   2.0624307E-01   2.1379702E-02   1.6935086E-01
   3.0000000E-01   2.2525730E+04   5.2202821E+03   2.7746012E+04   2.1221217E-01   1.0759196E-02   1.7430974E-01
   3.5000000E-01   1.7416098E+04   4.4381493E+03   2.1854247E+04   2.2340009E-01   1.6534176E-02   1.8138971E-01
   4.0000000E-01   1.4610424E+04   3.6207750E+03   1.8231199E+04   2.2815426E-01   1.8184259E-02   1.8645354E-01
   4.5000000E-01   1.2590924E+04   2.9284510E+03   1.5519375E+04   2.4565764E-01   1.2481487E-02   2.0165813E-01
   5.0000000E-01   9.8676065E+03   2.4064227E+03   1.2274029E+04   2.5256089E-01   1.2778114E-02   2.0554953E-01
   5.5000000E-01   8.3281441E+03   2.1124202E+03   1.0440564E+04   2.5929349E-01   8.6154290E-03   2.0857414E-01
   6.0000000E-01   7.3476532E+03   1.8461973E+03   9.1938505E+03   2.6502065E-01   1.2376210E-02   2.1428766E-01
   6.5000000E-01   6.2290796E+03   1.6209319E+03   7.8500115E+03   2.8034990E-01   5.0308999E-03   2.2349988E-01
   7.0000000E-01   5.1657147E+03   1.1959357E+03   6.3616504E+03   2.9443187E-01   9.7764524E-03   2.4091814E-01
   7.5000000E-01   4.1252961E+03   1.1077184E+03   5.2330145E+03   3.0069258E-01   9.1853475E-03   2.3898667E-01
   8.0000000E-01   3.4019369E+03   8.7933106E+02   4.2812680E+03   3.0925380E-01   8.1494219E-03   2.4740987E-01
   8.5000000E-01   2.7674236E+03   7.1900586E+02   3.4864295E+03   3.2215222E-01   5.1665478E-03   2.5678031E-01
   9.0000000E-01   2.2352428E+03   5.4112681E+02   2.7763696E+03   3.3152625E-01   7.7172785E-03   2.6841444E-01
   9.5000000E-01   1.5312381E+03   3.9872502E+02   1.9299631E+03   3.4628246E-01   1.3913082E-02   2.7761587E-01
   1.0000000E+00   6.0989746E+02   1.2575205E+02   7.3564951E+02   3.3208176E-01   4.2175848E-02   2.8252519E-01
