   0.0000000E+00   5.3604556E+08   6.4785076E+08   1.1734349E+09   1.2911926E-02   3.2090206E-04   6.0183111E-03
   5.0000000E-02   1.9755266E+07   8.1014959E+06   2.7820539E+07   1.3743422E-01   1.0898445E-02   1.0063364E-01
   1.0000000E-01   1.0553405E+07   4.1712601E+06   1.4706267E+07   1.2344148E-01   1.1174830E-02   9.1646480E-02
   1.5000000E-01   7.3594095E+06   2.8377114E+06   1.0181396E+07   1.1511069E-01   1.1682506E-02   8.6347362E-02
   2.0000000E-01   5.6394644E+06   2.1269626E+06   7.7544267E+06   1.0966481E-01   1.2456220E-02   8.3036445E-02
   2.5000000E-01   4.5356230E+06   1.6986289E+06   6.2237859E+06   1.0665894E-01   1.2800107E-02   8.1120498E-02
   3.0000000E-01   3.7838982E+06   1.3949400E+06   5.1706258E+06   1.0431730E-01   1.3871500E-02   7.9968716E-02
   3.5000000E-01   3.2077906E+06   1.1737268E+06   4.3746055E+06   1.0378358E-01   1.4625610E-02   7.9919619E-02
   4.0000000E-01   2.7652773E+06   1.0023578E+06   3.7621125E+06   1.0260824E-01   1.5624973E-02   7.9476303E-02
   4.5000000E-01   2.3992431E+06   8.6197610E+05   3.2565719E+06   1.0418102E-01   1.6720045E-02   8.1091989E-02
   5.0000000E-01   2.0952557E+06   7.5060018E+05   2.8425518E+06   1.0618341E-01   1.8270864E-02   8.2982648E-02
   5.5000000E-01   1.8278048E+06   6.5451458E+05   2.4789395E+06   1.0946304E-01   1.9224092E-02   8.5694592E-02
   6.0000000E-01   1.6084305E+06   5.7321244E+05   2.1787251E+06   1.1183426E-01   2.0671151E-02   8.7903066E-02
   6.5000000E-01   1.4037613E+06   5.0077491E+05   1.9020583E+06   1.1592996E-01   2.2658214E-02   9.1425940E-02
   7.0000000E-01   1.2242971E+06   4.3314245E+05   1.6553751E+06   1.2046341E-01   2.5183357E-02   9.5591661E-02
   7.5000000E-01   1.0574212E+06   3.7337325E+05   1.4294024E+06   1.2707217E-01   2.7340192E-02   1.0107558E-01
   8.0000000E-01   9.0403987E+05   3.1820644E+05   1.2209412E+06   1.3346936E-01   2.9890391E-02   1.0650566E-01
   8.5000000E-01   7.4782976E+05   2.6245586E+05   1.0092333E+06   1.4335062E-01   3.2669913E-02   1.1462074E-01
   9.0000000E-01   5.9374697E+05   2.0859554E+05   8.0188273E+05   1.5422288E-01   3.5935179E-02   1.2347792E-01
   9.5000000E-01   4.2067499E+05   1.4642255E+05   5.6674573E+05   1.6941037E-01   4.2748351E-02   1.3673114E-01
   1.0000000E+00   2.0474321E+05   7.0496601E+04   2.7520208E+05   1.8617599E-01   4.8411754E-02   1.5091127E-01
