   0.0000000E+00   5.0191612E+07   2.6985039E+07   7.7172067E+07   5.9060841E-03   1.0155871E-03   4.1399237E-03
   5.0000000E-02   2.1854838E+07   1.1088261E+07   3.2937625E+07   6.7385340E-04   3.6881009E-04   5.6965405E-04
   1.0000000E-01   1.2129453E+07   6.0513892E+06   1.8177150E+07   5.0151870E-04   2.5443731E-04   3.1509038E-04
   1.5000000E-01   8.4336417E+06   4.2280466E+06   1.2659269E+07   1.5334667E-04   2.4073629E-04   1.6304690E-04
   2.0000000E-01   6.4502793E+06   3.2340444E+06   9.6824774E+06   9.7307080E-05   3.1566277E-04   1.5735343E-04
   2.5000000E-01   5.1954794E+06   2.6070598E+06   7.8005785E+06   6.5517866E-04   5.7438476E-04   6.0315059E-04
   3.0000000E-01   4.3382136E+06   2.1683163E+06   6.5050127E+06   2.8058890E-05   2.5290664E-04   9.3745506E-05
   3.5000000E-01   3.6914034E+06   1.8496351E+06   5.5398562E+06   7.3430633E-04   3.7882962E-04   5.8875239E-04
   4.0000000E-01   3.1936429E+06   1.5995311E+06   4.7920280E+06   2.5337947E-04   1.0621440E-04   1.4427521E-04
   4.5000000E-01   2.7889039E+06   1.3987102E+06   4.1866592E+06   2.7802224E-04   4.8334195E-04   3.1651863E-04
   5.0000000E-01   2.4492673E+06   1.2277849E+06   3.6763073E+06   2.6636791E-04   5.8351214E-04   3.7069082E-04
   5.5000000E-01   2.1674820E+06   1.0846554E+06   3.2515413E+06   1.2357169E-04   1.5354811E-04   4.5281084E-05
   6.0000000E-01   1.9110158E+06   9.5785280E+05   2.8682851E+06   1.9934866E-04   4.1868395E-04   2.7297509E-04
   6.5000000E-01   1.6836928E+06   8.4366811E+05   2.5268908E+06   5.3093670E-04   6.7042150E-04   5.4058134E-04
   7.0000000E-01   1.4770306E+06   7.4146650E+05   2.2181561E+06   6.6769667E-04   6.2830211E-04   6.4421709E-04
   7.5000000E-01   1.2847751E+06   6.4085966E+05   1.9253292E+06   1.0303934E-03   1.7398369E-04   7.5025607E-04
   8.0000000E-01   1.1022673E+06   5.4773174E+05   1.6497245E+06   9.8959606E-04   4.8165569E-04   8.1902933E-04
   8.5000000E-01   9.1539932E+05   4.5928372E+05   1.3744958E+06   2.9869112E-04   9.6584748E-04   5.2189231E-04
   9.0000000E-01   7.2453696E+05   3.6146210E+05   1.0858965E+06   9.5773657E-04   1.4220980E-03   1.0932611E-03
   9.5000000E-01   5.0497015E+05   2.5306976E+05   7.5798966E+05   2.1911456E-03   2.5107724E-03   2.2530884E-03
   1.0000000E+00   2.7793719E+05   1.3946532E+05   4.1737735E+05   4.7018979E-03   3.5193287E-03   4.3052625E-03
