   0.0000000E+00   2.4166983E+09   1.5316201E+09   3.8278348E+09   2.1833566E-03   9.0675233E-05   1.3783279E-03
   5.0000000E-02   1.2142695E+07   3.3654904E+06   1.5495707E+07   1.7417255E-01   1.2746159E-02   1.3913488E-01
   1.0000000E-01   5.5793675E+06   1.4183889E+06   6.9930772E+06   1.7622831E-01   1.0217940E-02   1.4258970E-01
   1.5000000E-01   3.3714534E+06   7.8872946E+05   4.1572544E+06   1.7317909E-01   7.2915971E-03   1.4172519E-01
   2.0000000E-01   2.3100863E+06   4.8634568E+05   2.7945221E+06   1.6537825E-01   5.9434818E-03   1.3765603E-01
   2.5000000E-01   1.6847633E+06   3.1915022E+05   2.0029459E+06   1.5290035E-01   5.2620984E-03   1.2938906E-01
   3.0000000E-01   1.2854520E+06   2.0773964E+05   1.4925975E+06   1.3840901E-01   5.0129406E-03   1.1985778E-01
   3.5000000E-01   1.0102519E+06   1.4012911E+05   1.1498444E+06   1.2131089E-01   4.4312832E-03   1.0707322E-01
   4.0000000E-01   8.1274063E+05   9.5874938E+04   9.0840867E+05   1.0414074E-01   4.4680853E-03   9.3637587E-02
   4.5000000E-01   6.6543035E+05   6.3548800E+04   7.2873865E+05   8.7726711E-02   4.0793639E-03   8.0440906E-02
   5.0000000E-01   5.5098805E+05   4.1685863E+04   5.9252749E+05   7.2106575E-02   5.8785888E-03   6.7458055E-02
   5.5000000E-01   4.6156670E+05   2.8728914E+04   4.9013935E+05   5.8659525E-02   4.4719932E-03   5.5493997E-02
   6.0000000E-01   3.8511252E+05   1.8711316E+04   4.0372304E+05   4.8107118E-02   7.2667453E-03   4.6208323E-02
   6.5000000E-01   3.1758022E+05   1.2281865E+04   3.2981312E+05   3.9385364E-02   7.4550800E-03   3.8201318E-02
   7.0000000E-01   2.6035475E+05   7.9804836E+03   2.6828976E+05   3.1829283E-02   9.0748130E-03   3.1164996E-02
   7.5000000E-01   2.1197741E+05   5.3688267E+03   2.1730804E+05   2.6320355E-02   9.4528197E-03   2.5905849E-02
   8.0000000E-01   1.6615776E+05   3.2746130E+03   1.6942044E+05   2.2804312E-02   1.2393525E-02   2.2603453E-02
   8.5000000E-01   1.2509204E+05   2.0296936E+03   1.2711050E+05   2.1080111E-02   1.5392146E-02   2.0982219E-02
   9.0000000E-01   8.9402637E+04   1.3404383E+03   9.0736001E+04   1.8772370E-02   2.0062006E-02   1.8792408E-02
   9.5000000E-01   5.4320420E+04   7.4048931E+02   5.5060909E+04   1.8129506E-02   4.2342669E-03   1.7942364E-02
   1.0000000E+00   2.2855436E+04   2.5779171E+02   2.3113227E+04   1.7809871E-02   1.1023767E-02   1.7734157E-02
