   0.0000000E+00   3.2312355E+09   1.6597732E+09   4.6650091E+09   1.8682292E-05   2.4888807E-06   1.3282364E-05
   5.0000000E-02   1.4890536E+05   3.7942538E+04   1.8684790E+05   1.7523318E-01   4.2315679E-02   1.4824210E-01
   1.0000000E-01   7.0060006E+04   1.8493804E+04   8.8553810E+04   1.7911473E-01   3.1111677E-02   1.4820539E-01
   1.5000000E-01   4.4818032E+04   1.1183287E+04   5.6001319E+04   1.8224394E-01   2.2585965E-02   1.5036072E-01
   2.0000000E-01   3.1799158E+04   8.1009866E+03   3.9900144E+04   1.8776445E-01   3.1280445E-02   1.5599314E-01
   2.5000000E-01   2.4344340E+04   5.8314371E+03   3.0175777E+04   1.9483103E-01   2.7841927E-02   1.6256056E-01
   3.0000000E-01   1.8504415E+04   4.6367140E+03   2.3141129E+04   1.9972160E-01   2.9983464E-02   1.6571171E-01
   3.5000000E-01   1.5360726E+04   3.3558957E+03   1.8716621E+04   2.0471232E-01   2.8190496E-02   1.7306034E-01
   4.0000000E-01   1.2875635E+04   2.9602819E+03   1.5835917E+04   2.1508086E-01   2.2354127E-02   1.7905025E-01
   4.5000000E-01   1.0553741E+04   2.3979345E+03   1.2951676E+04   2.1900269E-01   1.9014728E-02   1.8197598E-01
   5.0000000E-01   8.9063106E+03   1.9225917E+03   1.0822536E+04   2.2906265E-01   1.3510090E-02   1.9090512E-01
   5.5000000E-01   7.5931376E+03   1.6609989E+03   9.2541365E+03   2.2972444E-01   1.5308286E-02   1.9123949E-01
   6.0000000E-01   6.2866203E+03   1.3209860E+03   7.6076063E+03   2.4068269E-01   2.4176593E-02   2.0308790E-01
   6.5000000E-01   5.2496646E+03   1.1116361E+03   6.3613006E+03   2.4923699E-01   9.6093785E-03   2.0736211E-01
   7.0000000E-01   4.5018112E+03   9.2309867E+02   5.4249099E+03   2.5126818E-01   2.1367145E-02   2.1214839E-01
   7.5000000E-01   3.8409393E+03   7.3847894E+02   4.5794182E+03   2.4717581E-01   1.6087609E-02   2.0991043E-01
   8.0000000E-01   3.1234158E+03   6.3661977E+02   3.7600355E+03   2.4876564E-01   1.8412083E-02   2.0976398E-01
   8.5000000E-01   2.5052860E+03   4.3439937E+02   2.9396854E+03   2.4751710E-01   1.7305958E-02   2.1349864E-01
   9.0000000E-01   1.8815651E+03   3.5721443E+02   2.2387795E+03   2.6234188E-01   3.7647962E-03   2.2108392E-01
   9.5000000E-01   1.1057080E+03   2.6134917E+02   1.3670572E+03   2.6705162E-01   5.4187306E-03   2.1703357E-01
   1.0000000E+00   5.1558342E+02   1.0688925E+02   6.2247267E+02   2.9396257E-01   6.8703426E-06   2.4348533E-01
