   0.0000000E+00   3.2389574E+09   1.6616077E+09   4.6782172E+09   1.3573410E-05   6.5028106E-07   8.9452564E-06
   5.0000000E-02   1.0510592E+05   2.8265918E+04   1.3337184E+05   1.7848639E-01   1.7821011E-02   1.4443573E-01
   1.0000000E-01   5.1025075E+04   1.2605071E+04   6.3630146E+04   1.7816301E-01   2.2381103E-02   1.4730276E-01
   1.5000000E-01   3.1533899E+04   8.7641322E+03   4.0298032E+04   2.0025246E-01   1.5361586E-02   1.6004186E-01
   2.0000000E-01   2.2663664E+04   5.7773244E+03   2.8440988E+04   2.0191542E-01   2.2078028E-02   1.6538438E-01
   2.5000000E-01   1.7978142E+04   4.3926764E+03   2.2370819E+04   2.0798034E-01   1.6224873E-02   1.7032773E-01
   3.0000000E-01   1.3740377E+04   3.5650707E+03   1.7305447E+04   2.1957267E-01   2.1541062E-02   1.7877646E-01
   3.5000000E-01   1.1350021E+04   2.7192759E+03   1.4069297E+04   2.2563857E-01   1.4213681E-02   1.8477494E-01
   4.0000000E-01   8.9604233E+03   2.4907749E+03   1.1451198E+04   2.3394228E-01   1.5311723E-02   1.8638748E-01
   4.5000000E-01   7.5050398E+03   1.8815651E+03   9.3866049E+03   2.5214173E-01   1.4816412E-02   2.0456936E-01
   5.0000000E-01   6.2898034E+03   1.6743100E+03   7.9641134E+03   2.4516028E-01   1.0375389E-02   1.9579779E-01
   5.5000000E-01   5.6427662E+03   1.4005635E+03   7.0433297E+03   2.6187430E-01   1.7036992E-02   2.1318850E-01
   6.0000000E-01   4.6526295E+03   1.1777466E+03   5.8303761E+03   2.8027935E-01   2.0840642E-02   2.2787226E-01
   6.5000000E-01   3.8882777E+03   9.8431211E+02   4.8725898E+03   2.8107729E-01   7.8613873E-03   2.2588493E-01
   7.0000000E-01   3.3786321E+03   8.6853126E+02   4.2471633E+03   3.0083350E-01   1.7324381E-02   2.4285679E-01
   7.5000000E-01   2.8944979E+03   7.8092025E+02   3.6754182E+03   3.0285995E-01   1.6629812E-02   2.4204430E-01
   8.0000000E-01   2.5186270E+03   6.3661977E+02   3.1552467E+03   3.3076221E-01   2.6195581E-02   2.6928552E-01
   8.5000000E-01   1.8761559E+03   5.1304064E+02   2.3891966E+03   3.3641288E-01   1.8470454E-02   2.6813998E-01
   9.0000000E-01   1.4995932E+03   4.1380285E+02   1.9133961E+03   3.5189313E-01   1.3734922E-02   2.7876095E-01
   9.5000000E-01   9.3817651E+02   2.7475169E+02   1.2129282E+03   3.7970786E-01   2.5128016E-02   2.9938867E-01
   1.0000000E+00   3.8354376E+02   8.1738835E+01   4.6528260E+02   3.8832676E-01   3.2728942E-02   3.2585687E-01
