   0.0000000E+00   2.2692648E+09   1.3906587E+09   3.5470009E+09   1.7163394E-03   2.9643639E-04   1.1852716E-03
   5.0000000E-02   1.0339533E+07   3.2396944E+06   1.3569805E+07   1.5626830E-01   4.8003101E-02   1.3042791E-01
   1.0000000E-01   5.0546973E+06   1.5298291E+06   6.5798473E+06   1.5671961E-01   4.7017052E-02   1.3126034E-01
   1.5000000E-01   3.2763637E+06   9.7173642E+05   4.2450019E+06   1.5841714E-01   4.5248022E-02   1.3253424E-01
   2.0000000E-01   2.3952660E+06   6.8193118E+05   3.0751281E+06   1.6041715E-01   4.3986772E-02   1.3462109E-01
   2.5000000E-01   1.8407479E+06   5.1589120E+05   2.3552385E+06   1.6197187E-01   4.2765101E-02   1.3588479E-01
   3.0000000E-01   1.4812232E+06   4.0513421E+05   1.8850736E+06   1.6568067E-01   4.1903918E-02   1.3912053E-01
   3.5000000E-01   1.2155345E+06   3.2948711E+05   1.5440667E+06   1.6809535E-01   4.0629241E-02   1.4094386E-01
   4.0000000E-01   1.0117957E+06   2.6933791E+05   1.2803379E+06   1.7112355E-01   3.9713704E-02   1.4352052E-01
   4.5000000E-01   8.5204483E+05   2.2041899E+05   1.0718979E+06   1.7401593E-01   4.0074215E-02   1.4651289E-01
   5.0000000E-01   7.2036074E+05   1.8656779E+05   9.0660385E+05   1.7744820E-01   4.1574355E-02   1.4950557E-01
   5.5000000E-01   6.1627688E+05   1.5660846E+05   7.7248022E+05   1.8201675E-01   4.1345899E-02   1.5350960E-01
   6.0000000E-01   5.2982150E+05   1.3248588E+05   6.6205273E+05   1.8667498E-01   4.1067562E-02   1.5755921E-01
   6.5000000E-01   4.5025178E+05   1.0952309E+05   5.5953981E+05   1.9145595E-01   4.1492494E-02   1.6211793E-01
   7.0000000E-01   3.8261303E+05   9.4019646E+04   4.7650535E+05   1.9501539E-01   4.0872534E-02   1.6460956E-01
   7.5000000E-01   3.2149723E+05   7.6797565E+04   3.9815049E+05   2.0004676E-01   4.0497814E-02   1.6928327E-01
   8.0000000E-01   2.6728879E+05   6.3952435E+04   3.3111390E+05   2.0623626E-01   4.1914186E-02   1.7453323E-01
   8.5000000E-01   2.1427498E+05   5.0277983E+04   2.6448930E+05   2.1183161E-01   4.2792565E-02   1.7970639E-01
   9.0000000E-01   1.6542565E+05   3.7638376E+04   2.0303219E+05   2.2151822E-01   4.3586453E-02   1.8855052E-01
   9.5000000E-01   1.0886198E+05   2.5086170E+04   1.3393475E+05   2.2855842E-01   4.6783090E-02   1.9449930E-01
   1.0000000E+00   4.9527446E+04   1.1286247E+04   6.0807406E+04   2.3985954E-01   5.2405060E-02   2.0509074E-01
