   0.0000000E+00   1.4728453E+09   9.9385208E+08   2.4104981E+09   7.5714392E-02   1.1543049E-06   4.5251662E-02
   5.0000000E-02   1.7260793E+08   6.5211128E+07   2.3408566E+08   1.0072730E-01   7.8976467E-06   7.3136979E-02
   1.0000000E-01   2.3574508E+07   8.2114401E+06   3.1659770E+07   8.0575487E-02   2.7852647E-05   5.9792642E-02
   1.5000000E-01   3.6604788E+06   1.2094502E+06   4.8650695E+06   6.9836807E-02   9.4924553E-05   5.2513451E-02
   2.0000000E-01   5.9991864E+05   1.8789833E+05   7.8775331E+05   6.4854657E-02   5.1033631E-04   4.9520261E-02
   2.5000000E-01   1.0035674E+05   3.1079777E+04   1.3143652E+05   6.0918054E-02   1.7793355E-03   4.6933416E-02
   3.0000000E-01   1.8101222E+04   5.6446953E+03   2.3745918E+04   6.7981875E-02   4.4991153E-03   5.2890686E-02
   3.5000000E-01   3.4559359E+03   1.2095776E+03   4.6655135E+03   7.8297723E-02   2.4470299E-02   6.4334527E-02
   4.0000000E-01   7.5598598E+02   2.3077467E+02   9.8676065E+02   1.0635997E-01   7.9280349E-02   9.9920021E-02
   4.5000000E-01   2.8294212E+02   7.7809083E+01   3.6075120E+02   1.0642376E-01   1.6875873E-01   1.1971375E-01
   5.0000000E-01   2.2281692E+02   2.5464791E+01   2.4828171E+02   9.2834572E-02   1.6564022E-01   1.0029333E-01
   5.5000000E-01   1.6204867E+02   2.3149810E+01   1.8519848E+02   8.2425943E-02   1.8207879E-01   9.4447754E-02
   6.0000000E-01   1.1671362E+02   3.7136153E+01   1.5384978E+02   6.1384390E-02   2.8315810E-01   1.1491495E-01
   6.5000000E-01   8.8147353E+01   1.9588301E+01   1.0773565E+02   5.8762324E-02   2.6798949E-01   9.6794426E-02
   7.0000000E-01   4.0925557E+01   1.3641852E+01   5.4567409E+01   1.7104254E-02   3.0254615E-01   8.8459350E-02
   7.5000000E-01   2.9708923E+01   1.2732395E+01   4.2441318E+01   1.1034234E-02   3.7319752E-01   1.1961527E-01
   8.0000000E-01   3.9788736E+01   3.9788736E+00   4.3767609E+01   2.9092460E-02   3.5307437E-01   6.6695149E-03
   8.5000000E-01   2.6213755E+01   1.1234467E+01   3.7448222E+01   1.0217862E-01   3.6821673E-01   4.0499878E-02
   9.0000000E-01   7.0735530E+00   3.5367765E+00   1.0610330E+01   3.3364494E-02   3.8234165E-01   1.0524547E-01
   9.5000000E-01   6.7012608E+00   3.3506304E+00   1.0051891E+01   4.4767407E-02   4.7917110E-01   1.2995706E-01
   1.0000000E+00   6.2876027E+00   6.2876027E+00   1.2575205E+01   1.3084662E-01   4.7183578E-01   1.7051472E-01
