   0.0000000E+00   1.1714415E+08   6.1453161E+07   1.7857949E+08   1.0136685E-04   1.0475071E-04   5.8910980E-05
   5.0000000E-02   4.2654161E+07   2.1419263E+07   6.4056236E+07   2.5301256E-05   8.5802949E-05   4.0587074E-05
   1.0000000E-01   2.0678110E+07   1.0314354E+07   3.0984666E+07   1.0517961E-04   1.5438395E-04   1.1184517E-04
   1.5000000E-01   1.2876547E+07   6.4462420E+06   1.9317548E+07   6.5248886E-05   7.4578962E-05   6.6704131E-05
   2.0000000E-01   8.9111648E+06   4.4545240E+06   1.3362251E+07   1.3750704E-04   1.1481975E-04   6.5748328E-05
   2.5000000E-01   6.5137025E+06   3.2395925E+06   9.7510159E+06   6.2663290E-05   3.6855527E-05   4.0825796E-05
   3.0000000E-01   4.9370182E+06   2.4769072E+06   7.4123019E+06   6.3562975E-05   8.3862392E-05   7.0104199E-05
   3.5000000E-01   3.8367709E+06   1.9172350E+06   5.7529783E+06   1.1047930E-04   1.5598847E-04   1.1187484E-04
   4.0000000E-01   3.0357293E+06   1.5181233E+06   4.5530250E+06   1.0555105E-04   1.0913070E-04   4.4758152E-05
   4.5000000E-01   2.4318026E+06   1.2183063E+06   3.6495148E+06   1.7881049E-05   1.3448739E-04   5.4607298E-05
   5.0000000E-01   1.9657036E+06   9.8506724E+05   2.9504780E+06   1.7136660E-04   1.3522655E-04   1.2815367E-04
   5.5000000E-01   1.5930831E+06   7.9527121E+05   2.3881170E+06   1.0702289E-04   1.6176179E-04   1.0148682E-04
   6.0000000E-01   1.3039564E+06   6.4969170E+05   1.9534412E+06   3.6976104E-04   3.0841384E-04   3.0278752E-04
   6.5000000E-01   1.0618622E+06   5.3413868E+05   1.5958050E+06   2.1458397E-04   2.2588367E-04   1.6561222E-04
   7.0000000E-01   8.6492526E+05   4.3244217E+05   1.2972219E+06   3.3711733E-04   5.6690068E-04   5.6875601E-05
   7.5000000E-01   6.9675912E+05   3.4910106E+05   1.0457965E+06   7.2027902E-04   6.0589400E-04   6.5668642E-04
   8.0000000E-01   5.5201300E+05   2.7490038E+05   8.2685768E+05   7.4895992E-04   5.1737961E-04   5.8221535E-04
   8.5000000E-01   4.2977826E+05   2.1405029E+05   6.4380983E+05   7.8093343E-04   1.0754718E-03   7.6598359E-04
   9.0000000E-01   3.1592610E+05   1.5782512E+05   4.7374060E+05   1.0092512E-03   1.8215144E-03   1.2156911E-03
   9.5000000E-01   2.0260927E+05   1.0234165E+05   3.0494422E+05   2.0868046E-03   4.7322639E-04   1.2356047E-03
   1.0000000E+00   1.0089087E+05   5.0313397E+04   1.5120427E+05   2.5581695E-03   1.7593746E-03   1.8186101E-03
