   0.0000000E+00   2.6984530E+07   2.1554927E+07   4.8532326E+07   3.9580188E-02   3.1338606E-03   2.3397452E-02
   5.0000000E-02   1.4819362E+07   8.9958830E+06   2.3801876E+07   2.1341305E-02   4.1636081E-03   1.4861325E-02
   1.0000000E-01   9.7858327E+06   5.2833712E+06   1.5058286E+07   1.0430494E-02   3.4349796E-03   7.9755224E-03
   1.5000000E-01   7.4441648E+06   3.8556240E+06   1.1290961E+07   6.7770200E-03   2.3405442E-03   5.2544529E-03
   2.0000000E-01   6.0122690E+06   3.0338434E+06   9.0378681E+06   4.8187866E-03   3.1891703E-03   4.2674898E-03
   2.5000000E-01   5.0318172E+06   2.4890815E+06   7.5136285E+06   4.0584718E-03   2.9104504E-03   3.6596166E-03
   3.0000000E-01   4.2976185E+06   2.1187661E+06   6.4104004E+06   3.5204729E-03   2.4438368E-03   3.1462883E-03
   3.5000000E-01   3.7283455E+06   1.8352293E+06   5.5585364E+06   3.0316695E-03   2.5817227E-03   2.8861437E-03
   4.0000000E-01   3.2664324E+06   1.6008441E+06   4.8626769E+06   3.2923346E-03   2.5222254E-03   3.0287659E-03
   4.5000000E-01   2.8817160E+06   1.4105443E+06   4.2886881E+06   3.1453765E-03   2.4290094E-03   2.9041853E-03
   5.0000000E-01   2.5580656E+06   1.2488761E+06   3.8038986E+06   3.7643386E-03   3.4059853E-03   3.6454602E-03
   5.5000000E-01   2.2805977E+06   1.1115381E+06   3.3891495E+06   3.7851897E-03   3.4272835E-03   3.6551769E-03
   6.0000000E-01   2.0286473E+06   9.9706858E+05   3.0232808E+06   4.7146986E-03   4.0490826E-03   4.4956549E-03
   6.5000000E-01   1.8069228E+06   8.7955877E+05   2.6844101E+06   5.7111080E-03   5.2100344E-03   5.5439833E-03
   7.0000000E-01   1.5970244E+06   7.7878151E+05   2.3739324E+06   6.2043321E-03   5.9211881E-03   6.1138843E-03
   7.5000000E-01   1.4037593E+06   6.8271104E+05   2.0849595E+06   7.6073647E-03   6.4727337E-03   7.2240006E-03
   8.0000000E-01   1.2182157E+06   5.9366385E+05   1.8105108E+06   9.3229484E-03   9.3382129E-03   9.3242117E-03
   8.5000000E-01   1.0350838E+06   5.0570453E+05   1.5397660E+06   1.0976727E-02   1.0066340E-02   1.0667244E-02
   9.0000000E-01   8.5467619E+05   4.1497353E+05   1.2690980E+06   1.3801906E-02   1.2376364E-02   1.3336799E-02
   9.5000000E-01   6.4539507E+05   3.1518710E+05   9.6021695E+05   1.9742875E-02   1.9721786E-02   1.9745752E-02
   1.0000000E+00   4.0499078E+05   1.9731126E+05   6.0222659E+05   2.9896458E-02   3.1047546E-02   3.0264780E-02
