   0.0000000E+00   5.6633695E+07   2.8136047E+07   8.4766687E+07   1.0492941E-02   6.2510406E-03   9.0666709E-03
   5.0000000E-02   2.1583065E+07   1.0820817E+07   3.2398535E+07   1.2363517E-03   1.7694737E-03   1.4069425E-03
   1.0000000E-01   1.1765975E+07   5.8659101E+06   1.7628320E+07   1.1789640E-03   3.5917334E-04   8.9934420E-04
   1.5000000E-01   8.1650306E+06   4.0932742E+06   1.2255016E+07   4.1038497E-04   4.6089167E-04   3.4175061E-04
   2.0000000E-01   6.2682538E+06   3.1449176E+06   9.4107363E+06   3.9711910E-04   3.6740718E-04   3.8975813E-04
   2.5000000E-01   5.0880562E+06   2.5555573E+06   7.6416527E+06   2.7335419E-04   3.6516157E-04   7.3832362E-05
   3.0000000E-01   4.2721006E+06   2.1331855E+06   6.4036840E+06   6.3467709E-04   4.0238113E-04   2.9412206E-04
   3.5000000E-01   3.6563165E+06   1.8262984E+06   5.4810325E+06   3.4882836E-04   4.8045937E-04   6.9728585E-05
   4.0000000E-01   3.1667298E+06   1.5842363E+06   4.7498599E+06   5.0598881E-04   5.6326069E-04   5.1712432E-04
   4.5000000E-01   2.7827287E+06   1.3968923E+06   4.1785317E+06   3.4657143E-04   7.4449602E-04   3.3707373E-04
   5.0000000E-01   2.4564674E+06   1.2255185E+06   3.6812284E+06   3.5519556E-04   2.5007010E-04   2.5835474E-04
   5.5000000E-01   2.1771123E+06   1.0887471E+06   3.2650087E+06   4.3906931E-04   5.3595886E-04   4.7221066E-04
   6.0000000E-01   1.9330111E+06   9.6571506E+05   2.8981425E+06   8.8204112E-04   8.5574804E-04   7.7133682E-04
   6.5000000E-01   1.7149704E+06   8.5501953E+05   2.5693484E+06   5.2435279E-04   5.0668696E-04   3.8229083E-04
   7.0000000E-01   1.5081341E+06   7.5512200E+05   2.2628695E+06   6.0284566E-04   4.1510481E-04   5.4020982E-04
   7.5000000E-01   1.3135546E+06   6.6040813E+05   1.9735637E+06   7.1836664E-04   3.9346330E-04   5.9329104E-04
   8.0000000E-01   1.1294232E+06   5.6562075E+05   1.6947495E+06   1.0082356E-03   9.7829323E-04   9.5700404E-04
   8.5000000E-01   9.4388243E+05   4.7360392E+05   1.4172092E+06   1.0655127E-03   5.8381436E-04   8.4783862E-04
   9.0000000E-01   7.5282410E+05   3.7285405E+05   1.1255190E+06   1.4654920E-03   6.4279887E-04   1.1365290E-03
   9.5000000E-01   5.2305351E+05   2.6186517E+05   7.8480140E+05   2.6879461E-03   1.4395280E-03   2.2696603E-03
   1.0000000E+00   2.8294841E+05   1.4303667E+05   4.2597879E+05   6.7229450E-03   6.7924938E-03   6.7342724E-03
