   0.0000000E+00   1.0092715E+07   3.5910499E+08   3.6878416E+08   1.8139009E-02   3.1472333E-06   4.9766438E-04
   5.0000000E-02   5.8484349E+06   8.6826024E+07   9.2463356E+07   8.2484140E-03   6.4185475E-06   5.2277386E-04
   1.0000000E-01   3.5507149E+06   2.2300377E+07   2.5812449E+07   5.9539764E-03   1.0703041E-05   8.2669409E-04
   1.5000000E-01   2.4815439E+06   6.8586656E+06   9.3285381E+06   3.3062177E-03   2.5267568E-05   8.9398268E-04
   2.0000000E-01   2.0285412E+06   2.2241267E+06   4.2493097E+06   2.2090556E-03   5.9746421E-05   1.0862708E-03
   2.5000000E-01   1.8460064E+06   7.3770226E+05   2.5824481E+06   9.0912145E-04   1.3900942E-04   6.8613899E-04
   3.0000000E-01   1.8086262E+06   2.5133749E+05   2.0589451E+06   1.8804852E-04   3.7557612E-04   2.1017280E-04
   3.5000000E-01   1.8335559E+06   8.5052402E+04   1.9175624E+06   5.9637916E-05   8.6530634E-04   9.2724052E-05
   4.0000000E-01   1.8891851E+06   2.9594862E+04   1.9177852E+06   7.1381095E-05   1.9894371E-03   9.4153500E-05
   4.5000000E-01   1.9677917E+06   1.0398123E+04   1.9767963E+06   4.4417083E-05   3.3434100E-03   5.3242499E-05
   5.0000000E-01   2.0951857E+06   3.6541975E+03   2.0974648E+06   1.2931686E-05   8.5114734E-03   8.6851233E-06
   5.5000000E-01   2.2669972E+06   1.3195392E+03   2.2660307E+06   4.0066512E-06   2.1154783E-02   1.5879341E-05
   6.0000000E-01   2.4846951E+06   4.4032868E+02   2.4822919E+06   7.9945664E-06   3.0414851E-02   2.6465457E-06
   6.5000000E-01   2.7593060E+06   1.8119178E+02   2.7564853E+06   2.4002015E-06   5.9008920E-02   2.9802758E-06
   7.0000000E-01   3.0351030E+06   5.4567409E+01   3.0303419E+06   7.5691282E-06   2.7832319E-01   3.5327593E-06
   7.5000000E-01   3.1673319E+06   1.6976527E+01   3.1615259E+06   7.6280413E-06   3.8825687E-01   5.6217165E-06
   8.0000000E-01   2.9680606E+06   1.5915494E+01   2.9626136E+06   3.4965202E-06   4.6909998E-01   1.1818400E-06
   8.5000000E-01   2.3167380E+06   1.4979289E+01   2.3132253E+06   1.7958356E-06   6.4708055E-01   5.4913065E-06
   9.0000000E-01   1.4212749E+06   3.5367765E+00   1.4202315E+06   9.9250616E-07   7.0420616E-01   1.1606906E-06
   9.5000000E-01   6.3395602E+05   0.0000000E+00   6.3364441E+05   2.6196570E-06   0.0000000E+00   2.6090153E-06
   1.0000000E+00   2.0412073E+05   0.0000000E+00   2.0410187E+05   4.0640685E-05   0.0000000E+00   4.0644344E-05
