   0.0000000E+00   1.2224984E+08   6.3202592E+07   1.8541933E+08   8.0040072E-04   2.5587582E-04   6.0735900E-04
   5.0000000E-02   4.4084519E+07   2.2033792E+07   6.6083997E+07   1.8693945E-04   9.6707201E-05   1.5290244E-04
   1.0000000E-01   2.1354901E+07   1.0693684E+07   3.2034962E+07   1.2822367E-04   1.9276010E-04   1.4134445E-04
   1.5000000E-01   1.3284684E+07   6.6400715E+06   1.9912851E+07   1.2665750E-04   2.5846184E-05   8.3934310E-05
   2.0000000E-01   9.1342842E+06   4.5807021E+06   1.3707267E+07   9.8807740E-05   5.8568260E-05   4.8808608E-05
   2.5000000E-01   6.6420833E+06   3.3254343E+06   9.9626156E+06   2.6124552E-04   2.9785731E-04   2.7219752E-04
   3.0000000E-01   4.9962026E+06   2.4900321E+06   7.4828925E+06   1.6040999E-04   2.4502626E-04   9.7020348E-05
   3.5000000E-01   3.8532321E+06   1.9321865E+06   5.7830176E+06   1.0347013E-04   2.6060582E-04   4.0884453E-05
   4.0000000E-01   3.0198855E+06   1.5059957E+06   4.5242498E+06   2.4826535E-04   2.7284927E-05   1.7030711E-04
   4.5000000E-01   2.3908468E+06   1.1960105E+06   3.5855274E+06   2.7436302E-04   1.4816658E-04   2.3009764E-04
   5.0000000E-01   1.9139146E+06   9.5879394E+05   2.8719764E+06   3.9272825E-04   3.0154745E-04   3.3643412E-04
   5.5000000E-01   1.5426049E+06   7.7259018E+05   2.3145064E+06   6.7871088E-05   2.2120248E-04   1.1974823E-04
   6.0000000E-01   1.2412176E+06   6.2084221E+05   1.8616513E+06   1.1553586E-04   2.2307990E-04   1.4919931E-04
   6.5000000E-01   1.0096251E+06   5.0215588E+05   1.5114431E+06   3.4316612E-04   4.9668894E-04   3.0936005E-04
   7.0000000E-01   8.0692466E+05   4.0487199E+05   1.2116148E+06   5.8880332E-04   3.0733067E-04   4.8597292E-04
   7.5000000E-01   6.4729801E+05   3.2341558E+05   9.7054806E+05   3.5723050E-04   4.4733200E-04   1.6590056E-04
   8.0000000E-01   5.0920032E+05   2.5603256E+05   7.6514137E+05   6.8087950E-04   5.2679628E-04   5.6760007E-04
   8.5000000E-01   3.9578651E+05   1.9905977E+05   5.9478636E+05   6.9567985E-04   1.0606217E-03   8.0983158E-04
   9.0000000E-01   2.8892988E+05   1.4404937E+05   4.3294389E+05   2.3602125E-03   4.3563848E-04   1.5184340E-03
   9.5000000E-01   1.8790000E+05   9.3506042E+04   2.8137254E+05   2.1837067E-03   3.2761318E-03   2.3855515E-03
   1.0000000E+00   9.6741055E+04   4.7157020E+04   1.4389808E+05   4.8766472E-03   8.4385147E-03   6.0210548E-03
