   0.0000000E+00   3.3618617E+07   4.3075731E+07   7.6672957E+07   9.2295077E-02   2.0704172E-03   4.1615828E-02
   5.0000000E-02   1.4277153E+07   7.0610682E+06   2.1325807E+07   7.8169027E-02   7.2648134E-03   5.4694697E-02
   1.0000000E-01   8.9231810E+06   4.3599860E+06   1.3274159E+07   5.3439230E-02   7.9023678E-03   3.8493901E-02
   1.5000000E-01   6.8119164E+06   3.2997064E+06   1.0101394E+07   4.0412128E-02   7.8646680E-03   2.9806481E-02
   2.0000000E-01   5.5541733E+06   2.7188439E+06   8.2636270E+06   3.2412713E-02   7.9407550E-03   2.4368467E-02
   2.5000000E-01   4.7188677E+06   2.3082178E+06   7.0187457E+06   2.7087079E-02   7.8014980E-03   2.0742338E-02
   3.0000000E-01   4.1027492E+06   2.0088749E+06   6.1042605E+06   2.4188141E-02   8.3315849E-03   1.8974331E-02
   3.5000000E-01   3.6296058E+06   1.7793341E+06   5.4027010E+06   2.1813866E-02   8.9947045E-03   1.7587058E-02
   4.0000000E-01   3.2198239E+06   1.5881674E+06   4.8019832E+06   2.0566392E-02   9.8431118E-03   1.7029101E-02
   4.5000000E-01   2.8768918E+06   1.4167549E+06   4.2883274E+06   1.9827789E-02   1.0193496E-02   1.6646635E-02
   5.0000000E-01   2.5873310E+06   1.2715207E+06   3.8551784E+06   1.9479367E-02   1.1090621E-02   1.6720913E-02
   5.5000000E-01   2.3215613E+06   1.1459387E+06   3.4634141E+06   2.0910401E-02   1.1293222E-02   1.7725942E-02
   6.0000000E-01   2.0851101E+06   1.0264910E+06   3.1080096E+06   2.1575373E-02   1.2597855E-02   1.8622231E-02
   6.5000000E-01   1.8755308E+06   9.2914656E+05   2.8011858E+06   2.2857168E-02   1.4087745E-02   1.9953130E-02
   7.0000000E-01   1.6719136E+06   8.3111166E+05   2.5002150E+06   2.4379180E-02   1.6026622E-02   2.1610946E-02
   7.5000000E-01   1.4780613E+06   7.3529159E+05   2.2107301E+06   2.6751463E-02   1.7703318E-02   2.3753329E-02
   8.0000000E-01   1.2911206E+06   6.4398069E+05   1.9331636E+06   2.9557593E-02   2.0319770E-02   2.6481919E-02
   8.5000000E-01   1.1086097E+06   5.5252979E+05   1.6596640E+06   3.3760805E-02   2.3618509E-02   3.0393676E-02
   9.0000000E-01   9.1500653E+05   4.5811512E+05   1.3720924E+06   3.9442444E-02   2.8231980E-02   3.5700387E-02
   9.5000000E-01   6.9632801E+05   3.4573480E+05   1.0413156E+06   4.8338596E-02   3.5681049E-02   4.4139106E-02
   1.0000000E+00   4.0350690E+05   2.0230990E+05   6.0570992E+05   6.1675831E-02   4.6925674E-02   5.6748917E-02
