   0.0000000E+00   1.1126076E+08   5.7083912E+07   1.6832736E+08   2.9028956E-04   3.8022543E-04   3.1336999E-04
   5.0000000E-02   3.9456675E+07   1.9794228E+07   5.9228366E+07   1.1019000E-04   8.1937683E-05   5.1417628E-05
   1.0000000E-01   1.9379693E+07   9.7155817E+06   2.9085693E+07   6.5909127E-06   1.4400263E-04   5.0704567E-05
   1.5000000E-01   1.2255631E+07   6.1563254E+06   1.8405399E+07   4.8256453E-05   2.6561085E-04   5.7962237E-05
   2.0000000E-01   8.5714804E+06   4.3018944E+06   1.2869189E+07   1.9194236E-04   1.5137280E-04   7.8911263E-05
   2.5000000E-01   6.3780516E+06   3.1822585E+06   9.5572925E+06   7.6780684E-05   2.2109974E-04   5.6978314E-05
   3.0000000E-01   4.9087416E+06   2.4540631E+06   7.3607994E+06   1.4120197E-04   1.0244999E-04   1.2528684E-04
   3.5000000E-01   3.8509130E+06   1.9327594E+06   5.7819718E+06   1.3017185E-04   2.5175883E-04   4.9720430E-05
   4.0000000E-01   3.0836907E+06   1.5445987E+06   4.6273345E+06   1.1252086E-04   2.7976610E-04   3.6457881E-05
   4.5000000E-01   2.4980748E+06   1.2502081E+06   3.7474340E+06   2.2719727E-04   4.1842340E-04   2.7996064E-04
   5.0000000E-01   2.0400863E+06   1.0260974E+06   3.0657571E+06   2.1157150E-04   3.1034403E-04   5.9438751E-05
   5.5000000E-01   1.6854914E+06   8.3883915E+05   2.5238212E+06   1.2733569E-04   5.1225856E-04   8.7881751E-05
   6.0000000E-01   1.3843721E+06   6.9330546E+05   2.0773381E+06   1.5620794E-04   2.5271995E-04   2.1059188E-05
   6.5000000E-01   1.1405680E+06   5.7379519E+05   1.7141281E+06   1.9784239E-04   5.2944929E-04   6.7817946E-05
   7.0000000E-01   9.4485742E+05   4.7121231E+05   1.4158651E+06   6.5950562E-05   1.4794128E-03   5.3593846E-04
   7.5000000E-01   7.6329013E+05   3.8178512E+05   1.1449649E+06   5.5226174E-04   2.5486478E-04   4.4674629E-04
   8.0000000E-01   6.1419882E+05   3.0854573E+05   9.2264508E+05   3.9166235E-04   5.8456440E-04   4.5158973E-04
   8.5000000E-01   4.8421300E+05   2.4325616E+05   7.2742797E+05   8.8504133E-04   1.5387193E-03   1.0863677E-03
   9.0000000E-01   3.6003678E+05   1.8009973E+05   5.4010821E+05   1.3269832E-03   2.8159989E-04   8.1405019E-04
   9.5000000E-01   2.3581402E+05   1.1727876E+05   3.5307938E+05   2.7359951E-03   1.3814072E-03   2.2176178E-03
   1.0000000E+00   1.1788626E+05   6.0159783E+04   1.7804605E+05   5.7322722E-04   4.4101671E-03   1.6417019E-03
