   0.0000000E+00   2.6233828E+06   5.0439741E+08   5.0647534E+08   1.0292999E-04   3.8785289E-06   4.1942191E-06
   5.0000000E-02   2.6350329E+06   9.7655436E+07   1.0010598E+08   3.1515792E-05   1.2014828E-05   1.2054163E-05
   1.0000000E-01   2.6498980E+06   1.7515447E+07   2.0142395E+07   3.5188642E-05   3.7429923E-05   3.1534810E-05
   1.5000000E-01   2.7255815E+06   3.7386345E+06   6.4591230E+06   1.3674582E-05   1.0784789E-04   6.8021414E-05
   2.0000000E-01   2.7927714E+06   8.3702768E+05   3.6277459E+06   1.6047607E-05   3.3525701E-04   8.7929957E-05
   2.5000000E-01   2.8943281E+06   1.8939438E+05   3.0821310E+06   1.2156908E-05   1.3319312E-03   8.5507685E-05
   3.0000000E-01   3.0341829E+06   4.6314088E+04   3.0785765E+06   5.3424142E-06   3.9519888E-03   5.7288949E-05
   3.5000000E-01   3.2406584E+06   1.0285957E+04   3.2486980E+06   1.7721078E-05   1.4605852E-02   6.0811862E-05
   4.0000000E-01   3.5523224E+06   2.6817608E+03   3.5517972E+06   5.1018437E-06   3.7786662E-02   2.4102166E-05
   4.5000000E-01   3.9865838E+06   7.1442886E+02   3.9822123E+06   1.1946736E-06   6.4994412E-02   1.0114976E-05
   5.0000000E-01   4.6264687E+06   2.9284510E+02   4.6210447E+06   1.0096692E-05   1.7409232E-01   1.9649185E-05
   5.5000000E-01   5.2807436E+06   9.8386692E+01   5.2702452E+06   1.9445946E-06   2.7895833E-01   3.6607195E-06
   6.0000000E-01   5.4069762E+06   6.8967142E+01   5.3944560E+06   8.5807428E-06   4.4023269E-01   3.1874162E-06
   6.5000000E-01   4.2512538E+06   7.8353203E+01   4.2448435E+06   8.9703587E-06   5.8891075E-01   2.7233984E-06
   7.0000000E-01   2.3082605E+06   3.6378273E+01   2.3056276E+06   4.3415768E-06   6.0159691E-01   1.2079830E-05
   7.5000000E-01   8.8695989E+05   2.5464791E+01   8.8656943E+05   4.3162890E-05   4.9823041E-01   5.5122961E-05
   8.0000000E-01   2.8298147E+05   3.9788736E+01   2.8294566E+05   1.4181291E-04   5.9269454E-01   2.2495073E-04
   8.5000000E-01   8.2917853E+04   7.4896444E+00   8.2917853E+04   3.6156419E-04   6.1458159E-01   4.1679858E-04
   9.0000000E-01   2.3073930E+04   2.4757436E+01   2.3098687E+04   8.1183750E-04   7.1928388E-01   1.5621336E-03
   9.5000000E-01   5.4950338E+03   3.3506304E+00   5.4983845E+03   3.9372029E-03   8.1552207E-01   4.4317256E-03
   1.0000000E+00   1.1129057E+03   0.0000000E+00   1.1129057E+03   1.0270364E-02   0.0000000E+00   1.0270364E-02
