   0.0000000E+00   5.1104881E+08   2.3347903E+08   7.4381279E+08   3.7127839E-03   1.0634479E-05   2.5462916E-03
   5.0000000E-02   1.2840054E+08   6.1660827E+07   1.8970295E+08   1.1034704E-03   3.6605932E-05   7.5840510E-04
   1.0000000E-01   4.2917054E+07   2.1369480E+07   6.4212399E+07   8.1658690E-04   8.1000099E-05   5.7203289E-04
   1.5000000E-01   1.8522176E+07   9.5705172E+06   2.8070200E+07   8.6606107E-04   1.8336484E-04   6.2530451E-04
   2.0000000E-01   8.7448161E+06   4.6818450E+06   1.3419929E+07   2.5251830E-04   2.9177799E-04   2.6451013E-04
   2.5000000E-01   4.3158746E+06   2.3874387E+06   6.7009069E+06   5.0212314E-04   5.1663162E-04   5.0332744E-04
   3.0000000E-01   2.1962852E+06   1.2538439E+06   3.4495136E+06   5.2784095E-04   9.0206513E-04   6.4068042E-04
   3.5000000E-01   1.1304457E+06   6.6823249E+05   1.7985691E+06   4.0781633E-04   1.4331670E-03   7.8362180E-04
   4.0000000E-01   5.9533498E+05   3.6085200E+05   9.5609149E+05   5.4099047E-04   2.4463293E-03   7.4925920E-04
   4.5000000E-01   3.1679615E+05   1.9666599E+05   5.1343385E+05   1.0621991E-03   4.2285047E-03   1.2892293E-03
   5.0000000E-01   1.7067139E+05   1.0793252E+05   2.7859118E+05   3.1027977E-03   6.4525103E-03   7.1330302E-04
   5.5000000E-01   9.4653785E+04   5.9564461E+04   1.5421825E+05   4.8594297E-03   1.0493329E-02   1.0709918E-03
   6.0000000E-01   5.2669676E+04   3.2716951E+04   8.5381322E+04   7.7844546E-03   1.6240546E-02   1.4641292E-03
   6.5000000E-01   3.1150295E+04   1.8550121E+04   4.9700416E+04   1.6679027E-02   2.5219551E-02   3.4413701E-03
   7.0000000E-01   1.9189539E+04   1.1068089E+04   3.0257628E+04   2.7537344E-02   3.9651357E-02   4.4681048E-03
   7.5000000E-01   1.2388621E+04   6.2685827E+03   1.8657203E+04   3.3717863E-02   5.5701494E-02   4.4689147E-03
   8.0000000E-01   8.6858810E+03   3.8197186E+03   1.2505600E+04   5.1115005E-02   8.2658925E-02   1.0325096E-02
   8.5000000E-01   6.1564877E+03   2.1719969E+03   8.3284846E+03   6.7489494E-02   1.1809942E-01   1.9302323E-02
   9.0000000E-01   4.0814401E+03   1.1529891E+03   5.2344292E+03   9.0690344E-02   1.4470694E-01   3.9119199E-02
   9.5000000E-01   2.4057526E+03   6.5672355E+02   3.0624762E+03   1.1993716E-01   2.1495813E-01   4.8228554E-02
   1.0000000E+00   1.0940429E+03   2.3892890E+02   1.3329718E+03   1.3363382E-01   1.9729409E-01   7.4723286E-02
