   0.0000000E+00   9.3455783E+06   1.2661858E+08   1.3593054E+08   2.2585656E-02   8.5258424E-06   1.5604063E-03
   5.0000000E-02   6.5678152E+06   4.3361892E+07   4.9878714E+07   6.8047557E-03   1.0646818E-06   8.9629787E-04
   1.0000000E-01   5.4817419E+06   1.8342384E+07   2.3795065E+07   2.4740645E-03   6.5334442E-06   5.7263607E-04
   1.5000000E-01   4.9047734E+06   9.7430412E+06   1.4629119E+07   1.4176018E-03   4.7465737E-06   4.7724668E-04
   2.0000000E-01   4.5394173E+06   5.6698948E+06   1.0196421E+07   1.3378750E-03   1.5751593E-05   6.0474751E-04
   2.5000000E-01   4.2654289E+06   3.4544007E+06   7.7109679E+06   1.1365925E-03   1.8438080E-05   6.3957231E-04
   3.0000000E-01   4.0419944E+06   2.1663534E+06   6.2013026E+06   7.8381356E-04   2.2990646E-05   5.2212320E-04
   3.5000000E-01   3.8521317E+06   1.3690053E+06   5.2152437E+06   6.0429026E-04   4.7627448E-05   4.5800283E-04
   4.0000000E-01   3.6727231E+06   8.7746099E+05   4.5450991E+06   4.6789982E-04   6.3649057E-05   3.9157731E-04
   4.5000000E-01   3.4725982E+06   5.6791435E+05   4.0364452E+06   3.3597147E-04   4.4717434E-05   2.9517186E-04
   5.0000000E-01   3.2402800E+06   3.7179868E+05   3.6089720E+06   1.7477067E-04   8.9878599E-05   1.6420044E-04
   5.5000000E-01   2.9920435E+06   2.4281836E+05   3.2315977E+06   2.7431710E-04   1.7507749E-04   2.6673834E-04
   6.0000000E-01   2.6862755E+06   1.6071997E+05   2.8441360E+06   2.2592698E-04   9.2592012E-05   2.1751022E-04
   6.5000000E-01   2.3634705E+06   1.0553197E+05   2.4674452E+06   1.5778528E-04   1.2017966E-04   1.5686999E-04
   7.0000000E-01   2.0049703E+06   6.9387008E+04   2.0725930E+06   1.6895030E-04   1.5285281E-04   1.6297490E-04
   7.5000000E-01   1.6418339E+06   4.6511441E+04   1.6871952E+06   1.6111995E-04   1.5697216E-04   1.5931967E-04
   8.0000000E-01   1.2876789E+06   3.0716904E+04   1.3176000E+06   1.5073971E-04   4.0581930E-04   1.5498906E-04
   8.5000000E-01   9.5436794E+05   1.9686530E+04   9.7359385E+05   4.7086233E-05   4.9333399E-04   5.2734437E-05
   9.0000000E-01   6.5874585E+05   1.2262004E+04   6.7084870E+05   2.5233819E-04   1.0892081E-03   2.6589080E-04
   9.5000000E-01   3.9522026E+05   6.8888961E+03   4.0201198E+05   2.2233401E-04   8.7662027E-04   2.3339914E-04
   1.0000000E+00   1.9763822E+05   3.4833319E+03   2.0111526E+05   7.3182825E-04   9.7462306E-07   7.1918269E-04
