   0.0000000E+00   2.3515711E+09   1.4052195E+09   3.6282642E+09   1.8501766E-02   8.9887895E-08   1.1642411E-02
   5.0000000E-02   6.5022688E+07   1.9173587E+07   8.3738227E+07   2.0872016E-01   5.0413349E-06   1.6119601E-01
   1.0000000E-01   1.5801985E+07   4.4943128E+06   2.0244413E+07   2.2732327E-01   7.7709921E-06   1.7706489E-01
   1.5000000E-01   4.5766595E+06   1.1821605E+06   5.7526448E+06   2.3133636E-01   2.2035668E-05   1.8389103E-01
   2.0000000E-01   1.4071843E+06   3.1145031E+05   1.7180776E+06   2.2777697E-01   3.9703766E-05   1.8651562E-01
   2.5000000E-01   4.5687655E+05   8.5319782E+04   5.4205627E+05   2.2070664E-01   1.0015638E-04   1.8597459E-01
   3.0000000E-01   1.5793476E+05   2.5730049E+04   1.8365419E+05   2.1655017E-01   3.5099339E-04   1.8628039E-01
   3.5000000E-01   5.6786484E+04   8.1032602E+03   6.4880649E+04   2.1582431E-01   1.1471432E-03   1.8904224E-01
   4.0000000E-01   2.0332044E+04   2.9523242E+03   2.3284368E+04   2.1119522E-01   8.9697147E-04   1.8453060E-01
   4.5000000E-01   7.1938034E+03   8.4175281E+02   8.0355562E+03   2.0372337E-01   2.6182447E-03   1.8265688E-01
   5.0000000E-01   2.5655777E+03   2.3554932E+02   2.8011270E+03   1.9946436E-01   1.1782681E-02   1.8367327E-01
   5.5000000E-01   9.2599240E+02   1.0417414E+02   1.0301665E+03   2.1894555E-01   1.6789325E-02   1.9849933E-01
   6.0000000E-01   3.5014087E+02   4.7746483E+01   3.9788736E+02   2.3737547E-01   4.8290530E-02   2.1468525E-01
   6.5000000E-01   1.4691226E+02   9.7941503E+00   1.5670641E+02   2.3726394E-01   6.0812629E-02   2.2584704E-01
   7.0000000E-01   4.5472841E+01   1.3641852E+01   5.9114693E+01   1.4701946E-01   9.0287849E-02   1.3383481E-01
   7.5000000E-01   3.3953055E+01   4.2441318E+00   3.8197186E+01   2.3089043E-01   1.7448760E-01   2.1929220E-01
   8.0000000E-01   3.1830989E+01   0.0000000E+00   3.1830989E+01   1.6709429E-01   0.0000000E+00   1.6709429E-01
   8.5000000E-01   1.8724111E+01   0.0000000E+00   1.8724111E+01   2.3471515E-01   0.0000000E+00   2.3471515E-01
   9.0000000E-01   0.0000000E+00   3.5367765E+00   3.5367765E+00   0.0000000E+00   2.2025939E-01   2.2025939E-01
   9.5000000E-01   0.0000000E+00   0.0000000E+00   0.0000000E+00   0.0000000E+00   0.0000000E+00   0.0000000E+00
   1.0000000E+00   0.0000000E+00   0.0000000E+00   0.0000000E+00   0.0000000E+00   0.0000000E+00   0.0000000E+00
