   0.0000000E+00   1.7754052E+06   1.2533709E+09   1.2520136E+09   7.0371694E-04   2.6037070E-05   2.7045896E-05
   5.0000000E-02   1.7640734E+06   3.8478254E+07   4.0210815E+07   8.2281133E-05   3.9892026E-04   3.8354989E-04
   1.0000000E-01   1.7152765E+06   5.7562205E+06   7.4683457E+06   2.4662440E-04   1.0105311E-03   8.3396308E-04
   1.5000000E-01   1.7012602E+06   1.1626162E+06   2.8629003E+06   6.9425081E-05   2.5797052E-03   1.0571879E-03
   2.0000000E-01   1.7073347E+06   2.1326762E+05   1.9199338E+06   7.2079197E-05   8.4479484E-03   9.7298472E-04
   2.5000000E-01   1.7280025E+06   3.4721242E+04   1.7623418E+06   3.2449178E-05   3.3141734E-02   6.7993318E-04
   3.0000000E-01   1.7709064E+06   5.5492023E+03   1.7758827E+06   2.7424747E-06   1.3720485E-01   4.3090018E-04
   3.5000000E-01   1.8204870E+06   2.0280887E+03   1.8216875E+06   3.9678121E-05   3.1769860E-01   3.6947334E-04
   4.0000000E-01   1.8919623E+06   1.0981691E+03   1.8923682E+06   1.9593207E-05   3.8360173E-01   2.1156871E-04
   4.5000000E-01   1.9845490E+06   7.6394373E+02   1.9842519E+06   7.0705774E-06   4.1262774E-01   1.6403387E-04
   5.0000000E-01   2.1134885E+06   5.9842259E+02   2.1131447E+06   2.0136057E-05   4.4910714E-01   1.0706390E-04
   5.5000000E-01   2.2792898E+06   5.0929582E+02   2.2781439E+06   1.5455514E-05   4.4858632E-01   8.4820246E-05
   6.0000000E-01   2.5366486E+06   3.5544604E+02   2.5348183E+06   2.9094345E-05   4.9560408E-01   4.0590497E-05
   6.5000000E-01   2.9140731E+06   2.5954498E+02   2.9118548E+06   2.9339815E-05   5.0952877E-01   2.2138615E-05
   7.0000000E-01   3.4463639E+06   2.3645877E+02   3.4419212E+06   4.6470227E-05   5.6060802E-01   8.1103564E-06
   7.5000000E-01   4.1099324E+06   9.3370900E+01   4.1030017E+06   4.4243677E-05   5.7574827E-01   3.1289931E-05
   8.0000000E-01   4.9356693E+06   9.9471839E+01   4.9254396E+06   4.3777376E-05   6.6526026E-01   3.0362733E-05
   8.5000000E-01   1.9893993E+06   7.1151622E+01   1.9877142E+06   1.1565481E-05   6.5588335E-01   2.1063430E-05
   9.0000000E-01   1.9636891E+05   4.5978095E+01   1.9639366E+05   5.2725945E-04   7.3827331E-01   7.0001185E-04
   9.5000000E-01   3.9467075E+04   5.0259456E+01   3.9513984E+04   1.8447013E-03   7.6282685E-01   2.7911162E-03
   1.0000000E+00   6.3882043E+03   1.8862808E+01   6.4070671E+03   3.8826492E-03   8.0999333E-01   6.1737112E-03
