   0.0000000E+00   3.2201308E+09   1.6579616E+09   4.6883990E+09   4.0083422E-05   8.3922692E-06   2.9587710E-05
   5.0000000E-02   3.2601299E+05   8.5689021E+04   4.1170201E+05   1.6500534E-01   4.4480860E-02   1.3992014E-01
   1.0000000E-01   1.5393466E+05   4.0266201E+04   1.9420086E+05   1.7099851E-01   5.0154890E-02   1.4594131E-01
   1.5000000E-01   9.9058037E+04   2.3703476E+04   1.2276151E+05   1.7428367E-01   4.8181293E-02   1.4993512E-01
   2.0000000E-01   7.0648879E+04   1.5008311E+04   8.5657190E+04   1.7892758E-01   4.3224944E-02   1.5515062E-01
   2.5000000E-01   5.2495666E+04   1.0848001E+04   6.3343667E+04   1.7739625E-01   3.7335208E-02   1.5340992E-01
   3.0000000E-01   3.9756905E+04   8.4352120E+03   4.8192117E+04   1.7820051E-01   2.8900196E-02   1.5206791E-01
   3.5000000E-01   3.2167488E+04   6.4025760E+03   3.8570064E+04   1.8004656E-01   2.1821011E-02   1.5378134E-01
   4.0000000E-01   2.6586833E+04   4.5040849E+03   3.1090918E+04   1.7183354E-01   2.6776840E-02   1.5081915E-01
   4.5000000E-01   2.1454086E+04   3.4731145E+03   2.4927201E+04   1.6945077E-01   2.5303868E-02   1.4936674E-01
   5.0000000E-01   1.7360621E+04   2.8393242E+03   2.0199945E+04   1.6232389E-01   2.0570479E-02   1.4239860E-01
   5.5000000E-01   1.4798516E+04   2.2281692E+03   1.7026685E+04   1.6472751E-01   1.9016531E-02   1.4565928E-01
   6.0000000E-01   1.2514884E+04   1.8037560E+03   1.4318640E+04   1.5702979E-01   1.6271288E-02   1.3929799E-01
   6.5000000E-01   1.0783360E+04   1.2928278E+03   1.2076187E+04   1.4632033E-01   6.5637818E-03   1.3135313E-01
   7.0000000E-01   8.4488538E+03   9.9130793E+02   9.4401618E+03   1.5223375E-01   1.8681215E-02   1.3820834E-01
   7.5000000E-01   7.3847894E+03   8.7853529E+02   8.2633246E+03   1.4355947E-01   9.7959896E-03   1.2933787E-01
   8.0000000E-01   5.8648597E+03   6.8436626E+02   6.5492259E+03   1.3531284E-01   9.2787983E-03   1.2214282E-01
   8.5000000E-01   4.5087659E+03   4.5686831E+02   4.9656342E+03   1.4021428E-01   6.4758464E-03   1.2789737E-01
   9.0000000E-01   3.3882319E+03   2.7940534E+02   3.6676372E+03   1.2745176E-01   5.2307333E-03   1.1814080E-01
   9.5000000E-01   1.9902744E+03   1.7088215E+02   2.1611566E+03   1.2417775E-01   1.6636774E-02   1.1567448E-01
   1.0000000E+00   8.9912718E+02   6.9163630E+01   9.6829081E+02   1.2387673E-01   1.4996166E-06   1.1502849E-01
