   0.0000000E+00   2.6435152E+09   1.5427181E+09   4.0299447E+09   1.1900682E-03   1.2167322E-04   8.0326711E-04
   5.0000000E-02   7.7024626E+06   2.1251641E+06   9.8210059E+06   1.6685181E-01   3.0714652E-02   1.3742876E-01
   1.0000000E-01   3.6582719E+06   9.4184712E+05   4.5981455E+06   1.7016448E-01   2.6949362E-02   1.4085007E-01
   1.5000000E-01   2.2994282E+06   5.6020418E+05   2.8582106E+06   1.7132586E-01   2.3905748E-02   1.4246985E-01
   2.0000000E-01   1.6200541E+06   3.7105383E+05   1.9901689E+06   1.7246993E-01   2.1780793E-02   1.4441993E-01
   2.5000000E-01   1.2146451E+06   2.6277118E+05   1.4767796E+06   1.7027772E-01   1.8556055E-02   1.4329543E-01
   3.0000000E-01   9.5588459E+05   1.9548471E+05   1.1509024E+06   1.6755527E-01   1.6783895E-02   1.4197273E-01
   3.5000000E-01   7.5806864E+05   1.4614062E+05   9.0383637E+05   1.6469887E-01   1.3318939E-02   1.4024159E-01
   4.0000000E-01   6.2042576E+05   1.1222015E+05   7.3241513E+05   1.5897112E-01   1.4053870E-02   1.3679556E-01
   4.5000000E-01   5.0764768E+05   8.6714687E+04   5.9419967E+05   1.5365322E-01   1.1956596E-02   1.3298087E-01
   5.0000000E-01   4.2322482E+05   6.6507668E+04   4.8961790E+05   1.4767156E-01   1.2214198E-02   1.2927201E-01
   5.5000000E-01   3.5356705E+05   5.1467815E+04   4.0495962E+05   1.4037047E-01   1.0912481E-02   1.2390947E-01
   6.0000000E-01   2.9465416E+05   4.0908126E+04   3.3545618E+05   1.3259123E-01   1.0789399E-02   1.1774712E-01
   6.5000000E-01   2.4833068E+05   3.0381454E+04   2.7866317E+05   1.2501508E-01   1.0661619E-02   1.1254424E-01
   7.0000000E-01   2.0662859E+05   2.3641330E+04   2.3024718E+05   1.1840094E-01   1.0991769E-02   1.0738688E-01
   7.5000000E-01   1.7193827E+05   1.7375476E+04   1.8928828E+05   1.1085893E-01   1.0783685E-02   1.0168883E-01
   8.0000000E-01   1.4088396E+05   1.3384931E+04   1.5424899E+05   1.0420421E-01   1.2705110E-02   9.6244108E-02
   8.5000000E-01   1.1152080E+05   9.9087995E+03   1.2142211E+05   9.8523243E-02   1.4019581E-02   9.1622784E-02
   9.0000000E-01   8.2551901E+04   6.7410960E+03   8.9282386E+04   9.3343404E-02   1.2883710E-02   8.7268642E-02
   9.5000000E-01   5.3385594E+04   3.8230693E+03   5.7201962E+04   8.7630997E-02   1.1619857E-02   8.2557421E-02
   1.0000000E+00   2.3503059E+04   1.6096263E+03   2.5112685E+04   8.7130787E-02   1.4943572E-02   8.2496474E-02
