   0.0000000E+00   2.1420982E+06   5.1532843E+08   5.1694188E+08   5.9764566E-04   3.1027603E-06   5.0099937E-06
   5.0000000E-02   2.1420345E+06   9.5228068E+07   9.7213112E+07   2.9975735E-04   2.2152135E-05   2.6019494E-05
   1.0000000E-01   2.1457269E+06   1.7669223E+07   1.9800307E+07   5.3021532E-05   8.7825936E-05   7.5713865E-05
   1.5000000E-01   2.1705976E+06   3.9087605E+06   6.0755384E+06   2.4452282E-05   2.8641988E-04   1.8009205E-04
   2.0000000E-01   2.2060626E+06   9.0766064E+05   3.1127524E+06   2.7811308E-05   8.1655129E-04   2.5718640E-04
   2.5000000E-01   2.2721214E+06   2.1973568E+05   2.4912205E+06   4.9410238E-05   2.9402130E-03   2.7572905E-04
   3.0000000E-01   2.3412329E+06   5.3560944E+04   2.3937434E+06   1.7709800E-05   8.4093609E-03   1.7861182E-04
   3.5000000E-01   2.4674200E+06   1.3714609E+04   2.4800342E+06   2.7509714E-05   2.5087806E-02   1.1841251E-04
   4.0000000E-01   2.6180749E+06   4.1141553E+03   2.6209875E+06   9.8060687E-06   7.3104759E-02   1.1769029E-04
   4.5000000E-01   2.8372375E+06   1.4430048E+03   2.8369616E+06   9.2948798E-06   1.6098056E-01   7.3093455E-05
   5.0000000E-01   3.1577996E+06   6.0478878E+02   3.1565200E+06   2.1257323E-05   2.6436742E-01   5.3127345E-05
   5.5000000E-01   3.6040087E+06   3.5882205E+02   3.6008430E+06   1.5337692E-05   4.0136063E-01   3.0394655E-05
   6.0000000E-01   4.1497901E+06   2.4403758E+02   4.1451905E+06   2.1980476E-05   4.5842680E-01   5.7853139E-06
   6.5000000E-01   4.5130563E+06   1.8608886E+02   4.5081005E+06   1.8161857E-05   4.7232800E-01   3.8654792E-06
   7.0000000E-01   4.1443811E+06   1.6370223E+02   4.1389243E+06   1.3085151E-05   5.0992657E-01   8.6340844E-06
   7.5000000E-01   2.8143772E+06   1.1034743E+02   2.8113426E+06   6.1733717E-06   5.6978528E-01   1.5507262E-05
   8.0000000E-01   1.3243203E+06   5.9683104E+01   1.3236161E+06   4.3258625E-05   6.3497159E-01   7.1807970E-05
   8.5000000E-01   4.7850963E+05   5.2427511E+01   4.7846844E+05   1.3176181E-04   6.6388136E-01   2.0420687E-04
   9.0000000E-01   1.4931563E+05   3.8904542E+01   1.4934039E+05   4.7994495E-04   7.0153543E-01   6.5697784E-04
   9.5000000E-01   4.0556030E+04   4.0207565E+01   4.0592887E+04   1.1735796E-03   7.2979359E-01   1.8751121E-03
   1.0000000E+00   8.2367595E+03   0.0000000E+00   8.2367595E+03   2.2495066E-03   0.0000000E+00   2.2495066E-03
