   0.0000000E+00   3.7801973E+08   2.3355644E+08   6.1130930E+08   1.6341772E-05   1.3844060E-05   5.0037049E-06
   5.0000000E-02   1.2656459E+08   6.2122312E+07   1.8850197E+08   3.2063864E-05   3.4342918E-05   3.2774470E-05
   1.0000000E-01   4.4673169E+07   2.1661624E+07   6.6294973E+07   6.8878814E-05   9.6809166E-05   7.7862468E-05
   1.5000000E-01   1.9825592E+07   9.6046825E+06   2.9417054E+07   1.3146204E-04   1.5648245E-04   1.3956860E-04
   2.0000000E-01   9.5935417E+06   4.6389369E+06   1.4228627E+07   2.6779433E-04   3.0414286E-04   2.7944651E-04
   2.5000000E-01   4.8649464E+06   2.3480574E+06   7.2116288E+06   4.9741534E-04   5.5445875E-04   5.1578243E-04
   3.0000000E-01   2.5195819E+06   1.2198271E+06   3.7389528E+06   9.1647006E-04   8.6044635E-04   8.9704977E-04
   3.5000000E-01   1.3284981E+06   6.4172183E+05   1.9700290E+06   1.4772784E-03   1.4285410E-03   1.4605073E-03
   4.0000000E-01   7.0110140E+05   3.4141123E+05   1.0424490E+06   2.3354044E-03   2.2035949E-03   2.2920975E-03
   4.5000000E-01   3.8246701E+05   1.8433679E+05   5.6676844E+05   3.9170194E-03   4.5661269E-03   4.1272073E-03
   5.0000000E-01   2.0762081E+05   9.9338149E+04   3.0695896E+05   5.8661343E-03   6.5989578E-03   6.1018248E-03
   5.5000000E-01   1.1294214E+05   5.4969224E+04   1.6791136E+05   1.1039987E-02   1.0924021E-02   1.1001731E-02
   6.0000000E-01   6.1513386E+04   2.9279204E+04   9.0792590E+04   1.7429046E-02   1.7849048E-02   1.7564393E-02
   6.5000000E-01   3.4362776E+04   1.6772482E+04   5.1135259E+04   2.6365386E-02   2.7350878E-02   2.6687962E-02
   7.0000000E-01   1.8962175E+04   9.5674857E+03   2.8529660E+04   4.2127071E-02   4.3293636E-02   4.2514787E-02
   7.5000000E-01   1.0657015E+04   5.5810333E+03   1.6238048E+04   5.5928678E-02   5.7079423E-02   5.6323378E-02
   8.0000000E-01   6.1195076E+03   2.9841552E+03   9.1036627E+03   8.3917864E-02   9.1465714E-02   8.6392028E-02
   8.5000000E-01   3.4002985E+03   1.6177632E+03   5.0180617E+03   1.2174921E-01   1.3623966E-01   1.2641741E-01
   9.0000000E-01   1.9876684E+03   1.0150549E+03   3.0027233E+03   1.6181414E-01   1.6286425E-01   1.6209957E-01
   9.5000000E-01   1.0018385E+03   4.4898447E+02   1.4508230E+03   2.6312476E-01   2.6862954E-01   2.6482152E-01
   1.0000000E+00   3.2066774E+02   1.8234048E+02   5.0300822E+02   3.2804446E-01   3.6245021E-01   3.4025922E-01
