   0.0000000E+00   3.2392828E+09   1.6608610E+09   4.6850234E+09   9.8556694E-06   2.6271674E-06   7.3995024E-06
   5.0000000E-02   8.6070993E+04   2.4891833E+04   1.1096283E+05   1.7103231E-01   5.2833197E-02   1.4451703E-01
   1.0000000E-01   4.2016905E+04   1.0758874E+04   5.2775779E+04   1.7179119E-01   4.0976165E-02   1.4512323E-01
   1.5000000E-01   2.6356059E+04   6.4935217E+03   3.2849580E+04   1.7578839E-01   5.9885311E-02   1.5287725E-01
   2.0000000E-01   1.8446058E+04   4.4245074E+03   2.2870565E+04   1.7800982E-01   4.5107500E-02   1.5229872E-01
   2.5000000E-01   1.4018367E+04   3.5268735E+03   1.7545241E+04   1.8469447E-01   4.5702134E-02   1.5675479E-01
   3.0000000E-01   1.0949860E+04   2.6738030E+03   1.3623663E+04   1.8268365E-01   3.3328442E-02   1.5337092E-01
   3.5000000E-01   8.5397995E+03   2.0644670E+03   1.0604266E+04   1.9395335E-01   3.6490876E-02   1.6329813E-01
   4.0000000E-01   7.6314795E+03   1.5597184E+03   9.1911980E+03   1.8320519E-01   3.0117808E-02   1.5722673E-01
   4.5000000E-01   6.3166829E+03   1.2095776E+03   7.5262604E+03   1.9758244E-01   3.0937127E-02   1.7080016E-01
   5.0000000E-01   4.9210708E+03   1.0122254E+03   5.9332963E+03   1.8977091E-01   3.8539662E-02   1.6397073E-01
   5.5000000E-01   4.2190529E+03   8.7390532E+02   5.0929582E+03   1.9857949E-01   4.2345350E-02   1.7177114E-01
   6.0000000E-01   3.4961036E+03   6.8436626E+02   4.1804698E+03   1.9694557E-01   2.6437150E-02   1.6903239E-01
   6.5000000E-01   3.2565550E+03   5.2398704E+02   3.7805420E+03   2.0709448E-01   2.4384669E-02   1.8177071E-01
   7.0000000E-01   2.7101813E+03   3.3649902E+02   3.0466803E+03   2.0084817E-01   2.1823546E-02   1.8107530E-01
   7.5000000E-01   2.1390424E+03   3.4801881E+02   2.4870612E+03   2.0207143E-01   1.2645018E-02   1.7556466E-01
   8.0000000E-01   1.6313382E+03   3.2228876E+02   1.9536269E+03   1.9071061E-01   1.1480897E-02   1.6114318E-01
   8.5000000E-01   1.3031981E+03   1.8724111E+02   1.4904392E+03   1.9722760E-01   2.8391085E-02   1.7601699E-01
   9.0000000E-01   1.0857904E+03   1.3793428E+02   1.2237247E+03   2.1761653E-01   2.1164587E-02   1.9547311E-01
   9.5000000E-01   6.3997040E+02   1.2062269E+02   7.6059310E+02   2.1598008E-01   2.1155205E-02   1.8508274E-01
   1.0000000E+00   1.5090246E+02   4.4013219E+01   1.9491568E+02   2.4667534E-01   6.0515550E-02   2.0463926E-01
