   0.0000000E+00   1.7397005E+09   1.1779691E+09   2.8348001E+09   5.1087012E-02   4.3754105E-07   3.0562845E-02
   5.0000000E-02   1.2805136E+08   4.3171988E+07   1.6917668E+08   1.5848883E-01   5.3548604E-06   1.1865411E-01
   1.0000000E-01   2.4059930E+07   7.0741189E+06   3.1012518E+07   1.4724641E-01   1.5703145E-05   1.1388207E-01
   1.5000000E-01   5.4102070E+06   1.3399361E+06   6.7424400E+06   1.3507382E-01   3.6680729E-05   1.0828382E-01
   2.0000000E-01   1.2990863E+06   2.7852115E+05   1.5769231E+06   1.2609128E-01   1.2352202E-04   1.0385496E-01
   2.5000000E-01   3.3305400E+05   6.4731498E+04   3.9773457E+05   1.2103692E-01   3.4591198E-04   1.0139681E-01
   3.0000000E-01   8.2654467E+04   1.4143569E+04   9.6798036E+04   1.1751628E-01   1.6090495E-03   1.0058053E-01
   3.5000000E-01   2.2663664E+04   3.0466803E+03   2.5710344E+04   1.1553226E-01   3.5487275E-03   1.0226092E-01
   4.0000000E-01   5.9444371E+03   7.6394373E+02   6.7083809E+03   1.1054769E-01   1.0247861E-02   9.9125495E-02
   4.5000000E-01   1.5774023E+03   1.7683883E+02   1.7542412E+03   1.1614664E-01   3.0038319E-02   1.0746297E-01
   5.0000000E-01   4.3926764E+02   8.2760570E+01   5.2202821E+02   9.7688286E-02   3.7356864E-02   8.8087883E-02
   5.5000000E-01   2.1413574E+02   2.8937262E+01   2.4307300E+02   9.3755598E-02   1.5634864E-01   1.0100677E-01
   6.0000000E-01   8.4882636E+01   3.7136153E+01   1.2201879E+02   1.2722237E-01   2.0481106E-01   1.5069922E-01
   6.5000000E-01   3.4279526E+01   9.7941503E+00   4.4073677E+01   1.7005510E-01   2.2601681E-01   1.8248556E-01
   7.0000000E-01   3.1830989E+01   9.0945682E+00   4.0925557E+01   1.3639557E-01   1.9489716E-01   1.4905581E-01
   7.5000000E-01   3.3953055E+01   4.2441318E+00   3.8197186E+01   1.1266003E-01   2.8962621E-01   1.3231949E-01
   8.0000000E-01   2.3873241E+01   3.9788736E+00   2.7852115E+01   8.6352356E-02   2.5773743E-01   1.1079582E-01
   8.5000000E-01   7.4896444E+00   0.0000000E+00   7.4896444E+00   2.4585053E-02   0.0000000E+00   2.4585053E-02
   9.0000000E-01   1.0610330E+01   3.5367765E+00   1.4147106E+01   8.3577853E-02   3.0878495E-01   1.3979729E-01
   9.5000000E-01   1.0051891E+01   3.3506304E+00   1.3402522E+01   6.1137184E-02   3.8637063E-01   1.4243598E-01
   1.0000000E+00   0.0000000E+00   0.0000000E+00   0.0000000E+00   0.0000000E+00   0.0000000E+00   0.0000000E+00
