   0.0000000E+00   5.9792857E+07   3.0207863E+07   8.9994608E+07   5.9822454E-03   4.2632330E-03   5.3801203E-03
   5.0000000E-02   2.2851085E+07   1.1468896E+07   3.4310623E+07   1.3659209E-03   1.4017266E-03   1.3707738E-03
   1.0000000E-01   1.2296406E+07   6.1813870E+06   1.8472955E+07   3.8968545E-04   8.4688422E-04   5.3905043E-04
   1.5000000E-01   8.5025027E+06   4.2588165E+06   1.2757775E+07   4.2441616E-04   4.8537885E-05   2.9926015E-04
   2.0000000E-01   6.4808370E+06   3.2628196E+06   9.7409510E+06   1.9954594E-04   3.9211292E-04   2.2740853E-04
   2.5000000E-01   5.2170354E+06   2.6158197E+06   7.8304741E+06   1.6396699E-04   5.4675194E-04   2.8791496E-04
   3.0000000E-01   4.3313699E+06   2.1861099E+06   6.5152516E+06   4.7762537E-04   2.1747577E-04   3.2617945E-04
   3.5000000E-01   3.6906849E+06   1.8454789E+06   5.5344722E+06   1.4479241E-04   1.4186611E-04   1.3988885E-04
   4.0000000E-01   3.1792553E+06   1.5973825E+06   4.7752770E+06   2.4440620E-05   3.0925240E-04   1.2059610E-04
   4.5000000E-01   2.7646345E+06   1.3847753E+06   4.1480659E+06   3.7404641E-04   2.2526791E-04   3.2224569E-04
   5.0000000E-01   2.4395652E+06   1.2189613E+06   3.6576543E+06   2.7411288E-04   3.1693004E-04   2.8366293E-04
   5.5000000E-01   2.1383942E+06   1.0766571E+06   3.2141254E+06   6.1803380E-04   1.0340464E-03   5.7215688E-04
   6.0000000E-01   1.8864105E+06   9.4953961E+05   2.8351543E+06   2.2738898E-04   3.2687685E-04   1.9880283E-04
   6.5000000E-01   1.6616217E+06   8.3392783E+05   2.4949570E+06   2.8958330E-04   6.9169301E-04   4.2224782E-04
   7.0000000E-01   1.4563132E+06   7.2776553E+05   2.1835194E+06   6.2765419E-04   7.1596529E-04   6.5179230E-04
   7.5000000E-01   1.2649508E+06   6.3359371E+05   1.8981413E+06   5.9488609E-04   6.1564280E-04   5.6149386E-04
   8.0000000E-01   1.0826992E+06   5.3952332E+05   1.6219361E+06   1.1064787E-03   3.1385297E-04   8.4167407E-04
   8.5000000E-01   9.0157718E+05   4.5018380E+05   1.3515475E+06   1.3326815E-03   6.6511819E-04   1.1091523E-03
   9.0000000E-01   7.1174444E+05   3.5561580E+05   1.0672223E+06   1.6793333E-03   1.4558433E-03   1.5326384E-03
   9.5000000E-01   4.9868772E+05   2.4965547E+05   7.4828623E+05   2.5242173E-03   2.5382598E-03   2.5090186E-03
   1.0000000E+00   2.6814110E+05   1.3544125E+05   4.0356349E+05   5.8684469E-03   7.9543145E-03   6.5583823E-03
