   0.0000000E+00   1.7300321E+08   1.3562853E+08   3.0838015E+08   1.7101413E-05   6.1315009E-06   8.3822991E-06
   5.0000000E-02   8.3240263E+07   4.3342093E+07   1.2626647E+08   1.8927256E-06   8.9567914E-06   4.4156782E-06
   1.0000000E-01   3.7977043E+07   1.8282478E+07   5.6150023E+07   8.8713941E-06   1.0006528E-05   8.3816462E-06
   1.5000000E-01   2.0430147E+07   9.7445691E+06   3.0124551E+07   1.4939449E-05   1.2301490E-05   1.4105628E-05
   2.0000000E-01   1.1867213E+07   5.6253951E+06   1.7469865E+07   1.9112481E-05   2.1617703E-05   1.9483073E-05
   2.5000000E-01   7.2194210E+06   3.4333796E+06   1.0642526E+07   2.6922330E-05   3.3038457E-05   2.8162124E-05
   3.0000000E-01   4.4899519E+06   2.1246973E+06   6.6100868E+06   6.8126012E-05   5.2729335E-05   6.0569465E-05
   3.5000000E-01   2.8432803E+06   1.3517893E+06   4.1931234E+06   2.0230250E-05   8.6772776E-05   3.1205541E-05
   4.0000000E-01   1.8297328E+06   8.6963057E+05   2.6983845E+06   1.0414222E-04   1.8243241E-04   1.2386560E-04
   4.5000000E-01   1.1855133E+06   5.6238991E+05   1.7474010E+06   1.3405137E-04   3.4795707E-04   2.0138716E-04
   5.0000000E-01   7.7389409E+05   3.6535609E+05   1.1390083E+06   2.7333405E-04   2.3218521E-04   2.5384226E-04
   5.5000000E-01   5.0442278E+05   2.4044550E+05   7.4475253E+05   3.8976349E-04   2.6277561E-04   3.4712263E-04
   6.0000000E-01   3.3120674E+05   1.5874114E+05   4.8990544E+05   3.4227758E-04   3.1964597E-05   2.4174920E-04
   6.5000000E-01   2.2075035E+05   1.0454276E+05   3.2524904E+05   5.5556528E-04   1.2827842E-03   7.5093428E-04
   7.0000000E-01   1.4498106E+05   6.9568899E+04   2.1454541E+05   5.7801951E-04   4.8593817E-04   5.3593771E-04
   7.5000000E-01   9.5522675E+04   4.5030239E+04   1.4054867E+05   4.9008417E-04   1.3942656E-03   7.2588021E-04
   8.0000000E-01   6.2185815E+04   2.9921129E+04   9.2106944E+04   1.3662962E-03   2.6762112E-03   1.7273633E-03
   8.5000000E-01   3.9856143E+04   1.8821476E+04   5.8673874E+04   2.3987426E-03   1.4554986E-03   2.0274910E-03
   9.0000000E-01   2.4414368E+04   1.1837591E+04   3.6251959E+04   3.3597367E-03   3.8334137E-03   3.1426979E-03
   9.5000000E-01   1.2742447E+04   6.1182511E+03   1.8860698E+04   5.1630825E-03   5.6404498E-03   5.3081350E-03
   1.0000000E+00   5.9103465E+03   3.0306245E+03   8.9409710E+03   9.0204673E-03   1.6424568E-02   1.0868509E-02
