   0.0000000E+00   4.3906392E+06   6.5811460E+08   6.6164708E+08   2.7843416E-05   3.3862641E-06   3.1666891E-06
   5.0000000E-02   4.4226612E+06   9.8964390E+07   1.0318060E+08   2.9538459E-05   1.6482655E-05   1.4634320E-05
   1.0000000E-01   4.5183133E+06   1.1988601E+07   1.6487370E+07   1.1247780E-05   8.5638926E-05   6.5249831E-05
   1.5000000E-01   4.6499557E+06   1.6412482E+06   6.2863868E+06   1.3838118E-05   4.1949401E-04   1.0348280E-04
   2.0000000E-01   4.8874732E+06   2.4123115E+05   5.1246618E+06   3.2427826E-06   1.8377869E-03   8.3430776E-05
   2.5000000E-01   5.2398900E+06   3.6541975E+04   5.2725486E+06   1.1547303E-05   8.2064508E-03   6.3436243E-05
   3.0000000E-01   5.8223228E+06   5.8356812E+03   5.8209859E+06   9.8736315E-06   4.2725303E-02   3.8677866E-05
   3.5000000E-01   6.7589921E+06   1.0913482E+03   6.7488790E+06   2.1907120E-06   1.3376153E-01   2.3166092E-05
   4.0000000E-01   8.1800389E+06   4.0584510E+02   8.1616803E+06   8.6049292E-06   2.7279587E-01   1.1632073E-05
   4.5000000E-01   9.1488274E+06   1.8391238E+02   9.1220823E+06   7.7053524E-06   3.9453412E-01   3.2134462E-06
   5.0000000E-01   7.2688163E+06   1.2095776E+02   7.2535375E+06   2.4791536E-06   4.9653732E-01   6.4022113E-06
   5.5000000E-01   3.1710783E+06   1.0417414E+02   3.1672007E+06   5.7149519E-06   4.6489231E-01   2.0159804E-05
   6.0000000E-01   8.1557359E+05   9.5492966E+01   8.1540913E+05   7.4616316E-05   5.4895557E-01   1.3578223E-04
   6.5000000E-01   1.7114298E+05   1.0283858E+02   1.7123603E+05   4.3017671E-04   6.0584661E-01   7.9374485E-04
   7.0000000E-01   3.2140204E+04   2.7283705E+01   3.2167488E+04   2.1221951E-03   7.5603205E-01   2.7300629E-03
   7.5000000E-01   6.1837001E+03   3.8197186E+01   6.2218972E+03   9.1637634E-03   6.1591666E-01   1.2861272E-02
   8.0000000E-01   1.0146128E+03   3.5809862E+01   1.0504226E+03   4.4187260E-02   6.4149935E-01   6.4549941E-02
   8.5000000E-01   2.4715826E+02   1.1234467E+01   2.5839273E+02   1.3629011E-01   7.0486012E-01   1.6073787E-01
   9.0000000E-01   7.7809083E+01   2.4757436E+01   1.0256652E+02   3.4647550E-01   6.8364239E-01   4.2504565E-01
   9.5000000E-01   3.6856934E+01   1.6753152E+01   5.3610086E+01   4.2616175E-01   8.5032147E-01   5.5871166E-01
   1.0000000E+00   1.2575205E+01   0.0000000E+00   1.2575205E+01   5.4542427E-01   0.0000000E+00   5.4542427E-01
