   0.0000000E+00   8.7933386E+08   8.4875931E+08   1.7042861E+09   1.0107414E-02   1.2181586E-06   5.1405754E-03
   5.0000000E-02   2.1659333E+07   7.7305376E+06   2.9346453E+07   1.6249260E-01   3.3651639E-05   1.1975140E-01
   1.0000000E-01   1.0994232E+07   3.8241750E+06   1.4795903E+07   1.5610249E-01   7.1630894E-05   1.1586576E-01
   1.5000000E-01   7.3255837E+06   2.5084092E+06   9.8194780E+06   1.5322562E-01   5.2186655E-05   1.1420157E-01
   2.0000000E-01   5.4088807E+06   1.8395924E+06   7.2374119E+06   1.5224415E-01   1.1736100E-04   1.1367242E-01
   2.5000000E-01   4.2481637E+06   1.4293769E+06   5.6693028E+06   1.5245929E-01   7.1571986E-05   1.1411186E-01
   3.0000000E-01   3.4299057E+06   1.1523242E+06   4.5753014E+06   1.5331453E-01   1.3909259E-04   1.1479941E-01
   3.5000000E-01   2.8554670E+06   9.5207396E+05   3.8022207E+06   1.5474967E-01   1.3483118E-04   1.1607946E-01
   4.0000000E-01   2.4062954E+06   7.9562352E+05   3.1974865E+06   1.5817369E-01   1.5218701E-04   1.1894914E-01
   4.5000000E-01   2.0462586E+06   6.7866497E+05   2.7215920E+06   1.6178653E-01   2.1151874E-04   1.2156655E-01
   5.0000000E-01   1.7595088E+06   5.8672788E+05   2.3435629E+06   1.6670116E-01   2.1374600E-04   1.2509984E-01
   5.5000000E-01   1.5135346E+06   5.0280230E+05   2.0140161E+06   1.7186149E-01   1.9446423E-04   1.2909051E-01
   6.0000000E-01   1.3030917E+06   4.3040271E+05   1.7315633E+06   1.7906678E-01   2.0810528E-04   1.3467575E-01
   6.5000000E-01   1.1257886E+06   3.7803951E+05   1.5021092E+06   1.8566500E-01   3.5527679E-04   1.3910570E-01
   7.0000000E-01   9.6621602E+05   3.2004695E+05   1.2849670E+06   1.9495547E-01   3.2958328E-04   1.4656764E-01
   7.5000000E-01   8.2094666E+05   2.7455289E+05   1.0944173E+06   2.0424702E-01   3.4877809E-04   1.5317097E-01
   8.0000000E-01   6.9247520E+05   2.2974812E+05   9.2145937E+05   2.1577501E-01   4.5208825E-04   1.6216076E-01
   8.5000000E-01   5.6550185E+05   1.8803876E+05   7.5298638E+05   2.2874489E-01   6.2392168E-04   1.7183614E-01
   9.0000000E-01   4.4175046E+05   1.4582837E+05   5.8734540E+05   2.4386580E-01   6.2410900E-04   1.8351100E-01
   9.5000000E-01   3.0327561E+05   9.8967570E+04   4.0208235E+05   2.6311878E-01   6.8699581E-04   1.9857214E-01
   1.0000000E+00   1.4462115E+05   4.5987526E+04   1.9057724E+05   2.8292364E-01   8.3834011E-04   2.1486521E-01
