   0.0000000E+00   2.3305275E+09   1.5016297E+09   3.7058574E+09   2.6225206E-03   3.0174652E-05   1.6120110E-03
   5.0000000E-02   1.3345460E+07   3.8173631E+06   1.7147354E+07   1.8248917E-01   3.8967346E-03   1.4273254E-01
   1.0000000E-01   6.0360785E+06   1.6648244E+06   7.6946004E+06   1.8774585E-01   3.1016105E-03   1.4784159E-01
   1.5000000E-01   3.6223241E+06   9.5369886E+05   4.5721183E+06   1.8838739E-01   2.2364626E-03   1.4960145E-01
   2.0000000E-01   2.4617609E+06   5.9215188E+05   3.0518597E+06   1.8529512E-01   1.8141111E-03   1.4972862E-01
   2.5000000E-01   1.7633986E+06   3.9530268E+05   2.1571861E+06   1.7681559E-01   1.6530841E-03   1.4477615E-01
   3.0000000E-01   1.3363180E+06   2.6631927E+05   1.6018096E+06   1.6427516E-01   1.4095137E-03   1.3722986E-01
   3.5000000E-01   1.0405823E+06   1.8110923E+05   1.2210640E+06   1.5009688E-01   1.5897591E-03   1.2808158E-01
   4.0000000E-01   8.3842028E+05   1.2734783E+05   9.6530656E+05   1.3185956E-01   1.6582608E-03   1.1470468E-01
   4.5000000E-01   6.9478560E+05   8.5250461E+04   7.7973897E+05   1.1338966E-01   1.7940022E-03   1.0119499E-01
   5.0000000E-01   5.8407318E+05   6.0994540E+04   6.4487036E+05   9.7114151E-02   2.2203555E-03   8.8142922E-02
   5.5000000E-01   4.9997802E+05   4.0917289E+04   5.4068696E+05   7.9983273E-02   2.0171083E-03   7.4090456E-02
   6.0000000E-01   4.2682173E+05   2.7687655E+04   4.5437675E+05   6.4991529E-02   2.3902652E-03   6.1176574E-02
   6.5000000E-01   3.6952350E+05   1.8687239E+04   3.8808831E+05   5.3515698E-02   2.8974346E-03   5.1066200E-02
   7.0000000E-01   3.1644550E+05   1.2877909E+04   3.2924156E+05   4.3305109E-02   3.3260231E-03   4.1740827E-02
   7.5000000E-01   2.6918830E+05   8.7132026E+03   2.7782511E+05   3.6253784E-02   3.5967060E-03   3.5229876E-02
   8.0000000E-01   2.2360872E+05   5.6619371E+03   2.2919108E+05   2.9468229E-02   4.1498465E-03   2.8848272E-02
   8.5000000E-01   1.8043677E+05   3.3441262E+03   1.8374345E+05   2.5023295E-02   5.7493530E-03   2.4673171E-02
   9.0000000E-01   1.3475826E+05   2.3307357E+03   1.3707838E+05   2.1242687E-02   9.0943924E-03   2.1036943E-02
   9.5000000E-01   8.8466694E+04   1.1593181E+03   8.9612610E+04   2.0238301E-02   5.0094761E-03   2.0039893E-02
   1.0000000E+00   3.7895381E+04   4.2755698E+02   3.8322938E+04   1.7216507E-02   8.6313384E-03   1.7025581E-02
