   0.0000000E+00   2.1952483E+08   3.9973254E+08   6.1668593E+08   6.4666350E-02   1.2431341E-06   2.2879142E-02
   5.0000000E-02   3.9689359E+07   3.2998613E+07   7.2408496E+07   1.1285265E-01   4.7301159E-06   6.1606048E-02
   1.0000000E-01   1.7933834E+07   1.4162052E+07   3.1997465E+07   8.9281909E-02   4.3817193E-06   4.9896507E-02
   1.5000000E-01   1.0433668E+07   7.7089349E+06   1.8091970E+07   7.4183756E-02   3.5190110E-06   4.2664543E-02
   2.0000000E-01   6.8421188E+06   4.6224803E+06   1.1436683E+07   6.2646156E-02   6.8150995E-06   3.7404317E-02
   2.5000000E-01   4.8030161E+06   2.9218301E+06   7.7093509E+06   5.3108747E-02   4.2772483E-06   3.3036960E-02
   3.0000000E-01   3.5805936E+06   1.8780177E+06   5.4491894E+06   4.5146917E-02   1.5401517E-05   2.9622837E-02
   3.5000000E-01   2.8157329E+06   1.2391349E+06   4.0488745E+06   3.7037005E-02   1.6923219E-05   2.5739295E-02
   4.0000000E-01   2.3121951E+06   8.1920232E+05   3.1275617E+06   2.9008476E-02   2.2957856E-05   2.1434825E-02
   4.5000000E-01   1.9830423E+06   5.4744349E+05   2.5274300E+06   2.2017131E-02   8.8460553E-06   1.7256509E-02
   5.0000000E-01   1.7511054E+06   3.7216155E+05   2.1215036E+06   1.7384788E-02   2.8642721E-05   1.4338104E-02
   5.5000000E-01   1.5946804E+06   2.4716473E+05   1.8401552E+06   1.2550987E-02   2.0044894E-05   1.0862836E-02
   6.0000000E-01   1.4712177E+06   1.6943105E+05   1.6392057E+06   9.7527510E-03   1.2477506E-05   8.7477084E-03
   6.5000000E-01   1.3615877E+06   1.1495884E+05   1.4755279E+06   7.0483424E-03   2.9715375E-05   6.5065213E-03
   7.0000000E-01   1.2565737E+06   7.9227331E+04   1.3346324E+06   5.3907350E-03   2.9109276E-05   5.0681038E-03
   7.5000000E-01   1.1407420E+06   5.3993845E+04   1.1937767E+06   4.1385205E-03   6.3267555E-05   3.9583694E-03
   8.0000000E-01   1.0177402E+06   3.5706411E+04   1.0525991E+06   3.5128550E-03   1.0437152E-04   3.4044920E-03
   8.5000000E-01   8.6612495E+05   2.4288917E+04   8.8987461E+05   3.0055729E-03   2.0619403E-04   2.9325974E-03
   9.0000000E-01   6.9230632E+05   1.5126793E+04   7.0709358E+05   2.5313521E-03   1.6668039E-05   2.4759726E-03
   9.5000000E-01   4.8446430E+05   8.4904974E+03   4.9272360E+05   2.6371522E-03   4.6489662E-04   2.6025647E-03
   1.0000000E+00   2.5389968E+05   4.0743665E+03   2.5794890E+05   2.4639141E-03   6.5163964E-04   2.4284461E-03
