   0.0000000E+00   1.5663902E+08   2.2199237E+08   3.7813839E+08   4.3010368E-03   1.2548338E-03   2.5136766E-03
   5.0000000E-02   2.8854218E+07   1.3959353E+07   4.2769581E+07   6.7670264E-03   5.3315270E-03   6.2978194E-03
   1.0000000E-01   1.6488579E+07   7.7406916E+06   2.4199159E+07   3.9808146E-03   3.4052078E-03   3.7962265E-03
   1.5000000E-01   1.1186152E+07   5.1823396E+06   1.6346698E+07   2.7984200E-03   2.5119631E-03   2.7072771E-03
   2.0000000E-01   8.1625637E+06   3.7580302E+06   1.1906525E+07   2.0034856E-03   2.0000188E-03   1.9989004E-03
   2.5000000E-01   6.2622250E+06   2.8621279E+06   9.1138614E+06   1.7157299E-03   1.7349572E-03   1.7188427E-03
   3.0000000E-01   4.8947042E+06   2.2380580E+06   7.1240087E+06   1.4623995E-03   1.3702749E-03   1.4297795E-03
   3.5000000E-01   3.9472972E+06   1.7845998E+06   5.7253217E+06   1.3819926E-03   1.6641388E-03   1.4732442E-03
   4.0000000E-01   3.1980913E+06   1.4471800E+06   4.6404568E+06   1.6968901E-03   1.3729026E-03   1.5878399E-03
   4.5000000E-01   2.6200582E+06   1.1845584E+06   3.8010586E+06   1.4513118E-03   1.2847534E-03   1.3847305E-03
   5.0000000E-01   2.1699631E+06   9.7874560E+05   3.1463341E+06   1.6888575E-03   1.9016398E-03   1.7519342E-03
   5.5000000E-01   1.8014372E+06   8.0676509E+05   2.6061304E+06   2.3894567E-03   2.2003663E-03   2.3202721E-03
   6.0000000E-01   1.5046031E+06   6.7509813E+05   2.1781468E+06   2.4210300E-03   2.6453776E-03   2.4788083E-03
   6.5000000E-01   1.2466974E+06   5.5696395E+05   1.8024860E+06   2.3270674E-03   2.2103085E-03   2.2390952E-03
   7.0000000E-01   1.0344798E+06   4.6469151E+05   1.4982483E+06   3.4044791E-03   2.8325117E-03   3.2214978E-03
   7.5000000E-01   8.5231928E+05   3.8167053E+05   1.2333405E+06   3.7943654E-03   3.9075368E-03   3.8130251E-03
   8.0000000E-01   6.9501770E+05   3.1060679E+05   1.0052505E+06   4.8015365E-03   4.6858090E-03   4.7361442E-03
   8.5000000E-01   5.5760028E+05   2.4692609E+05   8.0422303E+05   6.9213362E-03   6.6959929E-03   6.8385860E-03
   9.0000000E-01   4.2889074E+05   1.8911851E+05   6.1785364E+05   8.6710420E-03   9.0435881E-03   8.7854211E-03
   9.5000000E-01   2.9996854E+05   1.3415254E+05   4.3402726E+05   1.3495772E-02   1.3810927E-02   1.3599264E-02
   1.0000000E+00   1.7774424E+05   7.7211761E+04   2.5491828E+05   2.3183901E-02   2.5959389E-02   2.4003403E-02
