   0.0000000E+00   6.1274704E+08   6.2828413E+08   1.2317747E+09   4.9519264E-03   1.9015434E-03   3.4034225E-03
   5.0000000E-02   2.2152140E+07   1.0232262E+07   3.2338184E+07   5.2725226E-02   4.2906206E-02   4.9617837E-02
   1.0000000E-01   1.2416696E+07   5.3522216E+06   1.7741988E+07   4.3851968E-02   3.6832235E-02   4.1734403E-02
   1.5000000E-01   8.6716101E+06   3.5880739E+06   1.2236172E+07   3.9154631E-02   3.3296644E-02   3.7442595E-02
   2.0000000E-01   6.5261962E+06   2.6378818E+06   9.1486081E+06   3.5930101E-02   3.0398152E-02   3.4337204E-02
   2.5000000E-01   5.1579571E+06   2.0338601E+06   7.1803453E+06   3.3337309E-02   2.9027059E-02   3.2128134E-02
   3.0000000E-01   4.1704961E+06   1.6162184E+06   5.7769637E+06   3.2527481E-02   2.8241427E-02   3.1345786E-02
   3.5000000E-01   3.4170657E+06   1.2993137E+06   4.7087127E+06   3.1179079E-02   2.7213047E-02   3.0078084E-02
   4.0000000E-01   2.8485552E+06   1.0636882E+06   3.9061636E+06   3.0634959E-02   2.5833725E-02   2.9325355E-02
   4.5000000E-01   2.3647878E+06   8.7714180E+05   3.2368862E+06   3.1115978E-02   2.6252319E-02   2.9798068E-02
   5.0000000E-01   1.9863874E+06   7.2969995E+05   2.7131780E+06   3.1286667E-02   2.6830878E-02   3.0093089E-02
   5.5000000E-01   1.6641009E+06   6.0282684E+05   2.2641556E+06   3.1753988E-02   2.7588423E-02   3.0664767E-02
   6.0000000E-01   1.3977465E+06   5.0208610E+05   1.8979280E+06   3.3534095E-02   2.8023269E-02   3.2086935E-02
   6.5000000E-01   1.1729377E+06   4.1506140E+05   1.5865348E+06   3.5027524E-02   2.9340461E-02   3.3551009E-02
   7.0000000E-01   9.7643377E+05   3.4397476E+05   1.3192717E+06   3.7191345E-02   3.1514461E-02   3.5715921E-02
   7.5000000E-01   8.0486140E+05   2.8158541E+05   1.0856532E+06   4.0538861E-02   3.4517126E-02   3.8986499E-02
   8.0000000E-01   6.5629132E+05   2.2857435E+05   8.8426884E+05   4.3925875E-02   3.8019932E-02   4.2394390E-02
   8.5000000E-01   5.2329396E+05   1.7993122E+05   7.0279453E+05   4.8769603E-02   4.2295714E-02   4.7119920E-02
   9.0000000E-01   3.9924902E+05   1.3830918E+05   5.3731416E+05   5.5406254E-02   4.8512771E-02   5.3626849E-02
   9.5000000E-01   2.7762318E+05   9.4471024E+04   3.7194678E+05   6.5563686E-02   5.7546863E-02   6.3518284E-02
   1.0000000E+00   1.4269086E+05   4.8785509E+04   1.9145121E+05   8.0990689E-02   6.8079043E-02   7.7699911E-02
