   0.0000000E+00   8.8292287E+08   6.9299169E+08   1.5609443E+09   4.8928036E-03   2.5618299E-03   3.8672922E-03
   5.0000000E-02   1.9686066E+07   9.0110346E+06   2.8659540E+07   8.6271052E-02   7.7026320E-02   8.3333006E-02
   1.0000000E-01   1.0577915E+07   4.6288305E+06   1.5185769E+07   7.8294484E-02   7.0268455E-02   7.5842638E-02
   1.5000000E-01   7.2549614E+06   3.1019723E+06   1.0341506E+07   7.2699646E-02   6.6272800E-02   7.0784004E-02
   2.0000000E-01   5.4784155E+06   2.2820591E+06   7.7475194E+06   7.0147476E-02   6.3202664E-02   6.8107927E-02
   2.5000000E-01   4.3565801E+06   1.7824717E+06   6.1290696E+06   6.8043267E-02   6.0839589E-02   6.5963032E-02
   3.0000000E-01   3.5543331E+06   1.4312486E+06   4.9786213E+06   6.7291235E-02   5.9256864E-02   6.4995010E-02
   3.5000000E-01   2.9483590E+06   1.1782013E+06   4.1205033E+06   6.6412151E-02   5.9584477E-02   6.4462565E-02
   4.0000000E-01   2.4925733E+06   9.7943156E+05   3.4670711E+06   6.6691474E-02   6.0116767E-02   6.4839840E-02
   4.5000000E-01   2.1080461E+06   8.2923262E+05   2.9331549E+06   6.6973358E-02   5.9858052E-02   6.4976807E-02
   5.0000000E-01   1.8059948E+06   6.9982338E+05   2.5029852E+06   6.8377986E-02   6.1777466E-02   6.6536845E-02
   5.5000000E-01   1.5409439E+06   5.9017547E+05   2.1286250E+06   6.9325062E-02   6.2486700E-02   6.7440511E-02
   6.0000000E-01   1.3208216E+06   5.0309939E+05   1.8220058E+06   7.1901580E-02   6.3315061E-02   6.9530220E-02
   6.5000000E-01   1.1298042E+06   4.3021295E+05   1.5584060E+06   7.4304779E-02   6.5325574E-02   7.1834669E-02
   7.0000000E-01   9.5804000E+05   3.6108619E+05   1.3178984E+06   7.7471751E-02   6.8831785E-02   7.5113922E-02
   7.5000000E-01   8.0705137E+05   3.0408356E+05   1.1101630E+06   8.0687739E-02   7.1891239E-02   7.8292100E-02
   8.0000000E-01   6.7264051E+05   2.5088787E+05   9.2292360E+05   8.6222669E-02   7.6654002E-02   8.3619181E-02
   8.5000000E-01   5.4634334E+05   2.0313039E+05   7.4902810E+05   9.2705337E-02   8.1952280E-02   8.9793205E-02
   9.0000000E-01   4.2298432E+05   1.5743607E+05   5.8011269E+05   1.0042008E-01   8.9005037E-02   9.7333199E-02
   9.5000000E-01   2.9286185E+05   1.0847666E+05   4.0115422E+05   1.1316768E-01   9.7591636E-02   1.0895905E-01
   1.0000000E+00   1.4335105E+05   5.2614659E+04   1.9595314E+05   1.2314379E-01   1.1483212E-01   1.2090210E-01
