   0.0000000E+00   1.8637747E+09   1.1621733E+09   2.9636234E+09   2.2149734E-03   1.4326933E-03   1.9119644E-03
   5.0000000E-02   1.5223107E+07   6.5981820E+06   2.1793850E+07   1.0883960E-01   9.6705907E-02   1.0517933E-01
   1.0000000E-01   7.6343443E+06   3.1520000E+06   1.0772784E+07   1.0622476E-01   9.4298038E-02   1.0275999E-01
   1.5000000E-01   5.0042770E+06   1.9727574E+06   6.9684188E+06   1.0456061E-01   9.4414777E-02   1.0172619E-01
   2.0000000E-01   3.6365950E+06   1.3821652E+06   5.0130306E+06   1.0357953E-01   9.3681910E-02   1.0086923E-01
   2.5000000E-01   2.7993190E+06   1.0279372E+06   3.8229654E+06   1.0428472E-01   9.3416596E-02   1.0138505E-01
   3.0000000E-01   2.2286785E+06   7.9691002E+05   3.0228086E+06   1.0426618E-01   9.2409687E-02   1.0114746E-01
   3.5000000E-01   1.7965228E+06   6.2388738E+05   2.4179274E+06   1.0476885E-01   9.2600118E-02   1.0164291E-01
   4.0000000E-01   1.4821065E+06   4.9829025E+05   1.9787416E+06   1.0602116E-01   9.3309129E-02   1.0282520E-01
   4.5000000E-01   1.2183629E+06   4.0420404E+05   1.6212866E+06   1.0719781E-01   9.2820928E-02   1.0361945E-01
   5.0000000E-01   1.0169555E+06   3.2957806E+05   1.3456550E+06   1.0846202E-01   9.4198322E-02   1.0498964E-01
   5.5000000E-01   8.5201139E+05   2.7084699E+05   1.1221002E+06   1.1033852E-01   9.3988175E-02   1.0640711E-01
   6.0000000E-01   7.1065865E+05   2.1989908E+05   9.2999008E+05   1.1349863E-01   9.5259661E-02   1.0919282E-01
   6.5000000E-01   5.9372139E+05   1.8017319E+05   7.7338039E+05   1.1620472E-01   9.6658450E-02   1.1167565E-01
   7.0000000E-01   4.8998805E+05   1.4647712E+05   6.3616504E+05   1.1802285E-01   9.8951850E-02   1.1365466E-01
   7.5000000E-01   4.0235218E+05   1.1800809E+05   5.2010138E+05   1.2176861E-01   9.9967650E-02   1.1685240E-01
   8.0000000E-01   3.2406732E+05   9.4311240E+04   4.1825123E+05   1.2630347E-01   1.0444734E-01   1.2137818E-01
   8.5000000E-01   2.5425470E+05   7.2368689E+04   3.2654101E+05   1.3109907E-01   1.0908593E-01   1.2621505E-01
   9.0000000E-01   1.8976221E+05   5.3748393E+04   2.4344340E+05   1.3859842E-01   1.1738386E-01   1.3392563E-01
   9.5000000E-01   1.2435530E+05   3.4571804E+04   1.5889024E+05   1.4680471E-01   1.2019409E-01   1.4102354E-01
   1.0000000E+00   5.6758189E+04   1.5329175E+04   7.2081077E+04   1.5518968E-01   1.2666633E-01   1.4909050E-01
