   0.0000000E+00   1.1882330E+08   1.4383074E+08   2.6250889E+08   2.9482538E-03   8.3247626E-04   1.7877860E-03
   5.0000000E-02   3.2839649E+07   1.5902762E+07   4.8703641E+07   1.9412847E-03   1.5047320E-03   1.7954587E-03
   1.0000000E-01   1.7719484E+07   8.5131661E+06   2.6209604E+07   9.5538085E-04   6.9046450E-04   8.7270432E-04
   1.5000000E-01   1.1667246E+07   5.5785505E+06   1.7228438E+07   6.2137693E-04   3.2803007E-04   5.2601944E-04
   2.0000000E-01   8.3898847E+06   3.9955371E+06   1.2373756E+07   3.0976538E-04   5.1553136E-04   3.6523637E-04
   2.5000000E-01   6.3126835E+06   3.0082194E+06   9.3131106E+06   3.0490298E-04   4.1953226E-04   3.3680533E-04
   3.0000000E-01   4.9203387E+06   2.3452436E+06   7.2595769E+06   4.1311619E-04   3.3557024E-04   3.8926484E-04
   3.5000000E-01   3.9226691E+06   1.8653232E+06   5.7832450E+06   4.2920288E-04   2.6866777E-04   3.6151816E-04
   4.0000000E-01   3.1628862E+06   1.5032821E+06   4.6628101E+06   6.0554794E-04   2.1798864E-04   4.7237943E-04
   4.5000000E-01   2.5966447E+06   1.2239581E+06   3.8180139E+06   5.0565812E-04   4.9402272E-04   4.8386480E-04
   5.0000000E-01   2.1394053E+06   1.0094752E+06   3.1475309E+06   6.9532766E-04   5.0490202E-04   6.2575803E-04
   5.5000000E-01   1.7663479E+06   8.3486896E+05   2.5998047E+06   5.4358817E-04   7.2970039E-04   6.0272460E-04
   6.0000000E-01   1.4707349E+06   6.9362907E+05   2.1632976E+06   1.0502018E-03   1.0563451E-03   1.0406349E-03
   6.5000000E-01   1.2177361E+06   5.7541123E+05   1.7924030E+06   1.4578680E-03   1.2704074E-03   1.3942557E-03
   7.0000000E-01   1.0071234E+06   4.7567775E+05   1.4821099E+06   1.4188097E-03   1.2403066E-03   1.2685466E-03
   7.5000000E-01   8.2952405E+05   3.8945427E+05   1.2185200E+06   1.9201275E-03   1.1663573E-03   1.6427730E-03
   8.0000000E-01   6.7371481E+05   3.1764939E+05   9.9105783E+05   1.9670431E-03   2.1921185E-03   2.0336150E-03
   8.5000000E-01   5.3566686E+05   2.5002305E+05   7.8548020E+05   2.6756392E-03   2.7299564E-03   2.6952168E-03
   9.0000000E-01   4.0627659E+05   1.9091520E+05   5.9710337E+05   3.7674724E-03   4.4349731E-03   3.9841025E-03
   9.5000000E-01   2.8070576E+05   1.3075165E+05   4.1137365E+05   6.8900350E-03   6.3059598E-03   6.7158677E-03
   1.0000000E+00   1.6167942E+05   7.5683874E+04   2.3735700E+05   1.5504718E-02   1.4294420E-02   1.5076596E-02
