   0.0000000E+00   1.3753177E+09   9.7901222E+08   2.3191325E+09   3.0543407E-03   1.6855225E-03   2.4854035E-03
   5.0000000E-02   1.8336559E+07   8.1176660E+06   2.6420039E+07   9.1939701E-02   7.8534852E-02   8.7801550E-02
   1.0000000E-01   9.5392062E+06   3.9928156E+06   1.3514769E+07   8.5592487E-02   7.5148291E-02   8.2518813E-02
   1.5000000E-01   6.4076841E+06   2.5417469E+06   8.9373564E+06   8.2600167E-02   7.2442641E-02   7.9728711E-02
   2.0000000E-01   4.7452524E+06   1.8244249E+06   6.5602553E+06   7.9533014E-02   6.9785388E-02   7.6820752E-02
   2.5000000E-01   3.7143071E+06   1.3804463E+06   5.0885273E+06   7.8541728E-02   6.7317085E-02   7.5518178E-02
   3.0000000E-01   2.9707756E+06   1.0762482E+06   4.0420793E+06   7.7549057E-02   6.7103438E-02   7.4773139E-02
   3.5000000E-01   2.4278677E+06   8.5933665E+05   3.2836575E+06   7.7765785E-02   6.6605199E-02   7.4865166E-02
   4.0000000E-01   2.0025750E+06   6.9082795E+05   2.6904745E+06   7.8049004E-02   6.6658281E-02   7.5136235E-02
   4.5000000E-01   1.6706247E+06   5.6310434E+05   2.2315716E+06   7.8421349E-02   6.6362947E-02   7.5399358E-02
   5.0000000E-01   1.3980998E+06   4.6294990E+05   1.8595536E+06   7.9246261E-02   6.6675181E-02   7.6115753E-02
   5.5000000E-01   1.1719476E+06   3.8025878E+05   1.5507768E+06   8.0591591E-02   6.7812178E-02   7.7462573E-02
   6.0000000E-01   9.8658558E+05   3.1533369E+05   1.3009378E+06   8.2576797E-02   6.8406889E-02   7.9156277E-02
   6.5000000E-01   8.2416796E+05   2.5997593E+05   1.0833555E+06   8.4219570E-02   6.9647037E-02   8.0733668E-02
   7.0000000E-01   6.8385696E+05   2.1129865E+05   8.9462358E+05   8.7339852E-02   7.2997619E-02   8.3963435E-02
   7.5000000E-01   5.6291194E+05   1.7221414E+05   7.3474410E+05   9.1571205E-02   7.5199157E-02   8.7767559E-02
   8.0000000E-01   4.5715268E+05   1.3784012E+05   5.9476600E+05   9.6361846E-02   7.8077146E-02   9.2119816E-02
   8.5000000E-01   3.6168616E+05   1.0789956E+05   4.6940223E+05   1.0159845E-01   8.2089105E-02   9.7120558E-02
   9.0000000E-01   2.7259351E+05   8.0355562E+04   3.5287127E+05   1.0900261E-01   8.7400124E-02   1.0409574E-01
   9.5000000E-01   1.8324262E+05   5.2903103E+04   2.3605526E+05   1.2064463E-01   9.5465312E-02   1.1500893E-01
   1.0000000E+00   8.5498821E+04   2.4433624E+04   1.0992616E+05   1.3239626E-01   1.1321355E-01   1.2812406E-01
