   0.0000000E+00   2.1821085E+08   3.1502034E+08   5.3202467E+08   5.5223582E-03   1.4898194E-03   3.1397566E-03
   5.0000000E-02   3.0477662E+07   1.4509838E+07   4.4921037E+07   1.3095683E-02   1.0155569E-02   1.2148206E-02
   1.0000000E-01   1.7378160E+07   7.9442190E+06   2.5285391E+07   8.2854007E-03   7.0015613E-03   7.8796664E-03
   1.5000000E-01   1.1756924E+07   5.2524951E+06   1.6979774E+07   6.1829316E-03   5.4438284E-03   5.9539385E-03
   2.0000000E-01   8.5376919E+06   3.7706671E+06   1.2288480E+07   4.8905347E-03   4.2718506E-03   4.6915089E-03
   2.5000000E-01   6.4444892E+06   2.8191051E+06   9.2484428E+06   4.2949022E-03   3.6875536E-03   4.1105942E-03
   3.0000000E-01   5.0134444E+06   2.1687089E+06   7.1713095E+06   3.8292990E-03   3.5244593E-03   3.7408078E-03
   3.5000000E-01   3.9440869E+06   1.7020848E+06   5.6387414E+06   3.5070397E-03   2.8853692E-03   3.3176035E-03
   4.0000000E-01   3.1523820E+06   1.3496498E+06   4.4968274E+06   3.3766418E-03   3.3850746E-03   3.3747726E-03
   4.5000000E-01   2.5494146E+06   1.0814119E+06   3.6267733E+06   3.5276910E-03   3.1223676E-03   3.4042078E-03
   5.0000000E-01   2.0642332E+06   8.7097861E+05   2.9328882E+06   3.5441105E-03   3.0748779E-03   3.4035652E-03
   5.5000000E-01   1.6843744E+06   7.1268426E+05   2.3948652E+06   3.9953346E-03   3.6739152E-03   3.9018038E-03
   6.0000000E-01   1.3779264E+06   5.7973249E+05   1.9559930E+06   4.0389370E-03   4.3948669E-03   4.1402635E-03
   6.5000000E-01   1.1228455E+06   4.7102028E+05   1.5927639E+06   4.7514550E-03   4.3046746E-03   4.6079667E-03
   7.0000000E-01   9.1455432E+05   3.8223561E+05   1.2960169E+06   4.8925782E-03   5.9009014E-03   5.1932146E-03
   7.5000000E-01   7.3881847E+05   3.1084446E+05   1.0490687E+06   6.9490874E-03   6.9378983E-03   6.9411165E-03
   8.0000000E-01   5.9386678E+05   2.4731882E+05   8.4079965E+05   7.7607305E-03   7.5735505E-03   7.6989640E-03
   8.5000000E-01   4.6645131E+05   1.9456224E+05   6.6079634E+05   1.0128884E-02   9.7296102E-03   1.0008198E-02
   9.0000000E-01   3.5150607E+05   1.4733504E+05   4.9869610E+05   1.4182153E-02   1.3065199E-02   1.3853881E-02
   9.5000000E-01   2.4571848E+05   1.0122589E+05   3.4688071E+05   1.9964157E-02   1.9124620E-02   1.9708680E-02
   1.0000000E+00   1.3930813E+05   5.8160325E+04   1.9746216E+05   3.1434647E-02   2.9854975E-02   3.0974262E-02
