   0.0000000E+00   2.0518866E+08   2.9531773E+08   4.9946845E+08   5.0986055E-03   1.3179657E-03   2.8683481E-03
   5.0000000E-02   2.7803923E+07   1.3295868E+07   4.1045805E+07   1.2355585E-02   1.0448397E-02   1.1731055E-02
   1.0000000E-01   1.6042436E+07   7.4104133E+06   2.3419554E+07   8.0866230E-03   6.4817763E-03   7.5808104E-03
   1.5000000E-01   1.1041066E+07   4.9876613E+06   1.6003008E+07   5.9412147E-03   5.3498307E-03   5.7533063E-03
   2.0000000E-01   8.1189393E+06   3.6279528E+06   1.1729863E+07   4.5252783E-03   4.3203928E-03   4.4665001E-03
   2.5000000E-01   6.2175725E+06   2.7631081E+06   8.9665603E+06   4.1231257E-03   3.6414301E-03   3.9756485E-03
   3.0000000E-01   4.8965822E+06   2.1531860E+06   7.0401234E+06   3.2482202E-03   3.2539269E-03   3.2510192E-03
   3.5000000E-01   3.9263797E+06   1.7044039E+06   5.6236717E+06   3.4528918E-03   3.3162309E-03   3.3955312E-03
   4.0000000E-01   3.1929187E+06   1.3861043E+06   4.5741210E+06   3.5697869E-03   2.8961165E-03   3.3620332E-03
   4.5000000E-01   2.6025724E+06   1.1347252E+06   3.7331596E+06   3.3417831E-03   3.1235751E-03   3.2671200E-03
   5.0000000E-01   2.1490183E+06   9.2574064E+05   3.0718241E+06   3.5177335E-03   3.4155314E-03   3.4775544E-03
   5.5000000E-01   1.7760881E+06   7.6089953E+05   2.5347479E+06   3.8587955E-03   3.2114358E-03   3.6512340E-03
   6.0000000E-01   1.4761303E+06   6.3634390E+05   2.1108030E+06   3.7878801E-03   3.7588954E-03   3.7848314E-03
   6.5000000E-01   1.2229711E+06   5.1996165E+05   1.7416301E+06   4.5962526E-03   4.4260172E-03   4.5453188E-03
   7.0000000E-01   1.0088786E+06   4.3190559E+05   1.4397565E+06   5.5387683E-03   5.6165298E-03   5.5589080E-03
   7.5000000E-01   8.3093735E+05   3.5461419E+05   1.1848852E+06   7.3848878E-03   6.4024868E-03   7.0811158E-03
   8.0000000E-01   6.7473340E+05   2.8639534E+05   9.6066322E+05   9.2485274E-03   7.0585955E-03   8.5951916E-03
   8.5000000E-01   5.3604883E+05   2.2721334E+05   7.6295884E+05   1.0232873E-02   9.9780683E-03   1.0162652E-02
   9.0000000E-01   4.0937834E+05   1.7438430E+05   5.8354690E+05   1.4833870E-02   1.3263409E-02   1.4365495E-02
   9.5000000E-01   2.9041589E+05   1.2233152E+05   4.1264018E+05   2.0433422E-02   1.9248266E-02   2.0074022E-02
   1.0000000E+00   1.7001678E+05   7.1923887E+04   2.4192809E+05   3.4071204E-02   2.9612982E-02   3.2732389E-02
