   0.0000000E+00   1.3435835E+08   1.6947175E+08   3.0351535E+08   7.9488527E-03   2.6138670E-03   4.9703162E-03
   5.0000000E-02   3.9511106E+07   1.9022708E+07   5.8445260E+07   6.9468207E-03   5.8533448E-03   6.5964351E-03
   1.0000000E-01   2.1081759E+07   9.9440327E+06   3.0980019E+07   3.9605635E-03   3.3152451E-03   3.7564897E-03
   1.5000000E-01   1.3450927E+07   6.3445314E+06   1.9760211E+07   2.6896318E-03   2.2016027E-03   2.5340572E-03
   2.0000000E-01   9.3786029E+06   4.4041038E+06   1.3759072E+07   1.9879272E-03   2.0737156E-03   2.0134104E-03
   2.5000000E-01   6.8280144E+06   3.2153628E+06   1.0029028E+07   1.6299906E-03   1.6670657E-03   1.6460130E-03
   3.0000000E-01   5.1414792E+06   2.4139561E+06   7.5455359E+06   1.7090782E-03   1.2534927E-03   1.5524603E-03
   3.5000000E-01   3.9523902E+06   1.8518269E+06   5.7973598E+06   1.3600958E-03   1.1249669E-03   1.2877292E-03
   4.0000000E-01   3.0859746E+06   1.4428191E+06   4.5239633E+06   1.4221260E-03   1.2692125E-03   1.3658927E-03
   4.5000000E-01   2.4306143E+06   1.1295403E+06   3.5570635E+06   1.5895682E-03   1.6244651E-03   1.5970040E-03
   5.0000000E-01   1.9193768E+06   9.0119895E+05   2.8185131E+06   1.5009290E-03   1.4636846E-03   1.4862196E-03
   5.5000000E-01   1.5360535E+06   7.1525389E+05   2.2498143E+06   1.7074377E-03   1.1072248E-03   1.5119246E-03
   6.0000000E-01   1.2351166E+06   5.7455995E+05   1.8084988E+06   1.6918467E-03   1.5352342E-03   1.6438925E-03
   6.5000000E-01   9.9067341E+05   4.5762188E+05   1.4476048E+06   1.6172698E-03   1.6336231E-03   1.6074251E-03
   7.0000000E-01   7.8957222E+05   3.6684305E+05   1.1558650E+06   2.6392627E-03   2.1547582E-03   2.4834103E-03
   7.5000000E-01   6.2512242E+05   2.9056600E+05   9.1529796E+05   2.4880418E-03   2.8866454E-03   2.5886092E-03
   8.0000000E-01   4.9265617E+05   2.3055981E+05   7.2292950E+05   3.7664454E-03   3.4206484E-03   3.6652626E-03
   8.5000000E-01   3.8158240E+05   1.7535130E+05   5.5677642E+05   3.8434843E-03   5.1947962E-03   4.2606030E-03
   9.0000000E-01   2.8183511E+05   1.3064145E+05   4.1238107E+05   6.8805561E-03   6.7420061E-03   6.8291699E-03
   9.5000000E-01   1.9000420E+05   8.8088073E+04   2.7803196E+05   1.0159794E-02   1.1252102E-02   1.0505669E-02
   1.0000000E+00   1.0944830E+05   4.9955003E+04   1.5939073E+05   2.3196372E-02   2.0543907E-02   2.2343400E-02
