   0.0000000E+00   8.5242675E+08   6.8769705E+08   1.5249885E+09   3.7053609E-03   1.8200252E-03   2.8669786E-03
   5.0000000E-02   1.7536328E+07   8.1401387E+06   2.5644572E+07   7.0522920E-02   5.8872644E-02   6.6808942E-02
   1.0000000E-01   9.7674980E+06   4.2916130E+06   1.4041190E+07   6.1661410E-02   5.2851059E-02   5.8977324E-02
   1.5000000E-01   6.8839394E+06   2.9390613E+06   9.8099924E+06   5.6905162E-02   4.9518525E-02   5.4711967E-02
   2.0000000E-01   5.2932069E+06   2.2067629E+06   7.4878422E+06   5.3590050E-02   4.5783352E-02   5.1308336E-02
   2.5000000E-01   4.2669186E+06   1.7441854E+06   6.0019112E+06   5.1428312E-02   4.4099856E-02   4.9300172E-02
   3.0000000E-01   3.5294306E+06   1.4269089E+06   4.9489336E+06   5.0513342E-02   4.3522334E-02   4.8518593E-02
   3.5000000E-01   2.9770250E+06   1.1838399E+06   4.1551809E+06   4.9853172E-02   4.2004805E-02   4.7631678E-02
   4.0000000E-01   2.5400731E+06   9.9584839E+05   3.5308445E+06   5.0576039E-02   4.3565168E-02   4.8618875E-02
   4.5000000E-01   2.1753581E+06   8.4620915E+05   3.0174362E+06   5.0585102E-02   4.3430368E-02   4.8589082E-02
   5.0000000E-01   1.8722797E+06   7.2177403E+05   2.5910106E+06   5.2567338E-02   4.3810248E-02   5.0133761E-02
   5.5000000E-01   1.6150060E+06   6.1664149E+05   2.2288348E+06   5.4378514E-02   4.6723986E-02   5.2261801E-02
   6.0000000E-01   1.3963088E+06   5.2639436E+05   1.9205970E+06   5.6068476E-02   4.7029823E-02   5.3595772E-02
   6.5000000E-01   1.2027804E+06   4.4939479E+05   1.6504466E+06   5.8338729E-02   4.9601156E-02   5.5969770E-02
   7.0000000E-01   1.0302099E+06   3.8309504E+05   1.4117953E+06   6.1921881E-02   5.3017536E-02   5.9521037E-02
   7.5000000E-01   8.7705408E+05   3.2509201E+05   1.2010469E+06   6.6083581E-02   5.5149149E-02   6.3118911E-02
   8.0000000E-01   7.3187401E+05   2.7062309E+05   1.0016655E+06   7.1047297E-02   5.9401790E-02   6.7912119E-02
   8.5000000E-01   5.9686848E+05   2.2052883E+05   8.1685057E+05   7.6856804E-02   6.5507308E-02   7.3805526E-02
   9.0000000E-01   4.7113046E+05   1.7209601E+05   6.4292938E+05   8.5945324E-02   7.1531090E-02   8.2083777E-02
   9.5000000E-01   3.3158173E+05   1.1891722E+05   4.5026441E+05   9.7482715E-02   8.5356732E-02   9.4278367E-02
   1.0000000E+00   1.6555887E+05   6.1008609E+04   2.2654861E+05   1.1068491E-01   9.6996805E-02   1.0697118E-01
