   0.0000000E+00   1.3842436E+09   9.5859099E+08   2.3081816E+09   3.2140294E-03   1.8605287E-03   2.6609232E-03
   5.0000000E-02   1.8089996E+07   8.0222367E+06   2.6077283E+07   9.7641304E-02   8.5673619E-02   9.3956294E-02
   1.0000000E-01   9.4131554E+06   3.9536316E+06   1.3348643E+07   9.1865068E-02   8.1928461E-02   8.8920883E-02
   1.5000000E-01   6.2806148E+06   2.5463093E+06   8.8149345E+06   8.8273356E-02   7.9819526E-02   8.5841810E-02
   2.0000000E-01   4.6449688E+06   1.8281810E+06   6.4641258E+06   8.6125189E-02   7.7419948E-02   8.3683724E-02
   2.5000000E-01   3.6215771E+06   1.3801535E+06   4.9957463E+06   8.5065380E-02   7.4932629E-02   8.2267647E-02
   3.0000000E-01   2.9186470E+06   1.0829963E+06   3.9971127E+06   8.5384225E-02   7.4397692E-02   8.2416473E-02
   3.5000000E-01   2.3773201E+06   8.7005005E+05   3.2433504E+06   8.5143636E-02   7.4149719E-02   8.2215539E-02
   4.0000000E-01   1.9812403E+06   7.0940133E+05   2.6876495E+06   8.5768536E-02   7.3553183E-02   8.2571615E-02
   4.5000000E-01   1.6586279E+06   5.8587410E+05   2.2420263E+06   8.6445268E-02   7.4177007E-02   8.3252326E-02
   5.0000000E-01   1.3942419E+06   4.8232224E+05   1.8750044E+06   8.7269732E-02   7.5131050E-02   8.4177084E-02
   5.5000000E-01   1.1768437E+06   4.0094313E+05   1.5763111E+06   8.8426371E-02   7.6622057E-02   8.5420593E-02
   6.0000000E-01   9.9523300E+05   3.3520684E+05   1.3294000E+06   9.1003850E-02   7.7511565E-02   8.7611341E-02
   6.5000000E-01   8.3219426E+05   2.7640072E+05   1.1077331E+06   9.3509083E-02   7.9707015E-02   9.0084009E-02
   7.0000000E-01   6.9782622E+05   2.2958328E+05   9.2673195E+05   9.6420674E-02   8.2012253E-02   9.2849632E-02
   7.5000000E-01   5.8046991E+05   1.8738266E+05   7.6733054E+05   1.0043278E-01   8.5857677E-02   9.6888549E-02
   8.0000000E-01   4.7358145E+05   1.5292005E+05   6.2610759E+05   1.0461779E-01   9.0231177E-02   1.0111445E-01
   8.5000000E-01   3.7715228E+05   1.1969575E+05   4.9658215E+05   1.1189125E-01   9.2804509E-02   1.0730915E-01
   9.0000000E-01   2.8481661E+05   9.0937598E+04   3.7561981E+05   1.1866395E-01   1.0107666E-01   1.1439192E-01
   9.5000000E-01   1.9085526E+05   6.0013141E+04   2.5078798E+05   1.2909889E-01   1.0920544E-01   1.2436047E-01
   1.0000000E+00   9.1453181E+04   2.7791204E+04   1.1923810E+05   1.4331799E-01   1.2376025E-01   1.3875140E-01
