   0.0000000E+00   1.7295513E+09   1.0672589E+09   2.7469308E+09   2.1287489E-03   1.3396987E-03   1.8291057E-03
   5.0000000E-02   1.4096162E+07   6.2577177E+06   2.0332617E+07   1.0486086E-01   9.0585914E-02   1.0047299E-01
   1.0000000E-01   7.2263347E+06   3.1101104E+06   1.0325686E+07   9.9354250E-02   8.6284249E-02   9.5448819E-02
   1.5000000E-01   4.8483052E+06   2.0196974E+06   6.8611908E+06   9.6812580E-02   8.4713654E-02   9.3262394E-02
   2.0000000E-01   3.6202020E+06   1.4688728E+06   5.0840773E+06   9.7092626E-02   8.4728429E-02   9.3532338E-02
   2.5000000E-01   2.8487844E+06   1.1259257E+06   3.9704702E+06   9.6262066E-02   8.4165427E-02   9.2854745E-02
   3.0000000E-01   2.3157999E+06   8.9175576E+05   3.2047864E+06   9.6253891E-02   8.4396241E-02   9.2972045E-02
   3.5000000E-01   1.9187174E+06   7.2765640E+05   2.6439274E+06   9.7054689E-02   8.5059940E-02   9.3747245E-02
   4.0000000E-01   1.6119372E+06   6.0229005E+05   2.2123731E+06   9.9513343E-02   8.4673124E-02   9.5476364E-02
   4.5000000E-01   1.3696804E+06   5.0576611E+05   1.8739610E+06   1.0086738E-01   8.6051645E-02   9.6884284E-02
   5.0000000E-01   1.1672360E+06   4.2696815E+05   1.5932237E+06   1.0387063E-01   8.7524232E-02   9.9493016E-02
   5.5000000E-01   9.9699286E+05   3.5690062E+05   1.3528344E+06   1.0645596E-01   8.9749261E-02   1.0206488E-01
   6.0000000E-01   8.5442331E+05   3.0106810E+05   1.1546479E+06   1.1000157E-01   9.2695881E-02   1.0549801E-01
   6.5000000E-01   7.3137818E+05   2.5552938E+05   9.8616810E+05   1.1263232E-01   9.4656817E-02   1.0798266E-01
   7.0000000E-01   6.2140001E+05   2.1553672E+05   8.3646381E+05   1.1731097E-01   9.7823993E-02   1.1228860E-01
   7.5000000E-01   5.2506277E+05   1.7966683E+05   7.0441129E+05   1.2309053E-01   1.0142466E-01   1.1756521E-01
   8.0000000E-01   4.3350226E+05   1.4629124E+05   5.7955477E+05   1.2883509E-01   1.0536862E-01   1.2292265E-01
   8.5000000E-01   3.5085239E+05   1.1746009E+05   4.6813273E+05   1.3533414E-01   1.1266480E-01   1.2967077E-01
   9.0000000E-01   2.7095599E+05   8.9278850E+04   3.6014288E+05   1.4590603E-01   1.1847658E-01   1.3913485E-01
   9.5000000E-01   1.8243177E+05   5.9926024E+04   2.4231089E+05   1.5458326E-01   1.2960463E-01   1.4839510E-01
   1.0000000E+00   8.6517413E+04   2.7332209E+04   1.1383705E+05   1.6782760E-01   1.3766692E-01   1.6058503E-01
