   0.0000000E+00   8.3473483E+08   6.2956246E+08   1.4512812E+09   4.9046219E-03   2.6630273E-03   3.9396751E-03
   5.0000000E-02   1.8385961E+07   8.5110971E+06   2.6866246E+07   8.6962911E-02   7.7865996E-02   8.4067176E-02
   1.0000000E-01   9.9482344E+06   4.4832993E+06   1.4411989E+07   7.8017439E-02   6.9401343E-02   7.5342202E-02
   1.5000000E-01   6.9231339E+06   3.0372705E+06   9.9463776E+06   7.2852633E-02   6.4774331E-02   7.0397099E-02
   2.0000000E-01   5.2863792E+06   2.2863881E+06   7.5619288E+06   6.9430637E-02   6.2397069E-02   6.7313546E-02
   2.5000000E-01   4.2557522E+06   1.8067396E+06   6.0531336E+06   6.8062312E-02   6.0174674E-02   6.5718376E-02
   3.0000000E-01   3.5071171E+06   1.4805866E+06   4.9802871E+06   6.6388287E-02   5.9100156E-02   6.4243003E-02
   3.5000000E-01   2.9453850E+06   1.2380527E+06   4.1776263E+06   6.6109654E-02   5.8926682E-02   6.4002241E-02
   4.0000000E-01   2.5230594E+06   1.0421943E+06   3.5607656E+06   6.6567201E-02   5.9678534E-02   6.4559052E-02
   4.5000000E-01   2.1622649E+06   8.8983882E+05   3.0480930E+06   6.7408970E-02   5.9994933E-02   6.5259818E-02
   5.0000000E-01   1.8689947E+06   7.6768068E+05   2.6337660E+06   6.8637508E-02   6.1501635E-02   6.6560907E-02
   5.5000000E-01   1.6155905E+06   6.5851371E+05   2.2713147E+06   7.0207533E-02   6.2552638E-02   6.8010338E-02
   6.0000000E-01   1.3926694E+06   5.6659160E+05   1.9568419E+06   7.2789898E-02   6.3951349E-02   7.0238747E-02
   6.5000000E-01   1.2096412E+06   4.8648524E+05   1.6943195E+06   7.5741326E-02   6.8225034E-02   7.3606490E-02
   7.0000000E-01   1.0436062E+06   4.1912317E+05   1.4611288E+06   7.9619638E-02   7.0410099E-02   7.6984627E-02
   7.5000000E-01   8.8933660E+05   3.5622272E+05   1.2443879E+06   8.3727492E-02   7.3158336E-02   8.0705353E-02
   8.0000000E-01   7.4694598E+05   2.9759587E+05   1.0436227E+06   8.9092403E-02   7.9336872E-02   8.6308983E-02
   8.5000000E-01   6.1388496E+05   2.4578766E+05   8.5905098E+05   9.5743778E-02   8.5430736E-02   9.2806471E-02
   9.0000000E-01   4.8276646E+05   1.9339801E+05   6.7586031E+05   1.0348249E-01   9.2489998E-02   1.0035863E-01
   9.5000000E-01   3.3961319E+05   1.3510077E+05   4.7451963E+05   1.1634148E-01   1.0579954E-01   1.1335090E-01
   1.0000000E+00   1.6852661E+05   6.6195881E+04   2.3469735E+05   1.2822534E-01   1.1838523E-01   1.2543076E-01
