   0.0000000E+00   4.9885424E+08   4.7350454E+08   9.6709317E+08   6.9224315E-03   3.0018163E-03   5.0096099E-03
   5.0000000E-02   1.9614828E+07   9.1132120E+06   2.8693153E+07   6.8642719E-02   5.9927047E-02   6.5850210E-02
   1.0000000E-01   1.0965266E+07   4.9660162E+06   1.5910847E+07   5.8413766E-02   5.0837625E-02   5.6057351E-02
   1.5000000E-01   7.7500181E+06   3.4207702E+06   1.1153494E+07   5.1941256E-02   4.6438633E-02   5.0266947E-02
   2.0000000E-01   5.9872816E+06   2.6060826E+06   8.5808865E+06   4.8443082E-02   4.3367221E-02   4.6916811E-02
   2.5000000E-01   4.8477832E+06   2.0852863E+06   6.9230363E+06   4.6170560E-02   4.1139115E-02   4.4667920E-02
   3.0000000E-01   4.0019829E+06   1.7033293E+06   5.6964737E+06   4.4280529E-02   4.0439737E-02   4.3127603E-02
   3.5000000E-01   3.3884542E+06   1.4279472E+06   4.8092258E+06   4.3481593E-02   3.9410184E-02   4.2286947E-02
   4.0000000E-01   2.8821369E+06   1.2120683E+06   4.0883403E+06   4.2995270E-02   3.8350951E-02   4.1618082E-02
   4.5000000E-01   2.4792733E+06   1.0361553E+06   3.5103709E+06   4.3582563E-02   3.9400199E-02   4.2349368E-02
   5.0000000E-01   2.1385841E+06   8.8805275E+05   3.0230272E+06   4.4123819E-02   4.0401051E-02   4.3038487E-02
   5.5000000E-01   1.8444380E+06   7.6496811E+05   2.6061651E+06   4.5304958E-02   4.0683303E-02   4.3962782E-02
   6.0000000E-01   1.6001385E+06   6.5874231E+05   2.2562654E+06   4.7283652E-02   4.2596155E-02   4.5929361E-02
   6.5000000E-01   1.3796824E+06   5.6677279E+05   1.9442123E+06   4.9156390E-02   4.4983822E-02   4.7947491E-02
   7.0000000E-01   1.1786106E+06   4.8238499E+05   1.6592221E+06   5.2432531E-02   4.6774577E-02   5.0799781E-02
   7.5000000E-01   1.0096195E+06   4.1098050E+05   1.4192419E+06   5.6145645E-02   5.0427410E-02   5.4500011E-02
   8.0000000E-01   8.4722951E+05   3.4535429E+05   1.1915970E+06   5.9711726E-02   5.5043883E-02   5.8360337E-02
   8.5000000E-01   6.9836440E+05   2.8481620E+05   9.8241291E+05   6.6056257E-02   5.8885342E-02   6.3988464E-02
   9.0000000E-01   5.5008900E+05   2.2359855E+05   7.7325606E+05   7.3787107E-02   6.7241122E-02   7.1899308E-02
   9.5000000E-01   3.9155132E+05   1.5833404E+05   5.4958380E+05   8.4536632E-02   7.6411004E-02   8.2202914E-02
   1.0000000E+00   2.0427164E+05   8.1984051E+04   2.8623682E+05   9.9488619E-02   9.2191057E-02   9.7370689E-02
