   0.0000000E+00   3.2728658E+09   1.6693744E+09   4.7462876E+09   1.3999147E-05   1.0490368E-05   1.2870247E-05
   5.0000000E-02   1.5450762E+05   6.9773527E+04   2.2428115E+05   1.3183214E-01   1.1655408E-01   1.2707914E-01
   1.0000000E-01   7.4484513E+04   3.1544510E+04   1.0602902E+05   1.4020352E-01   1.1834565E-01   1.3370062E-01
   1.5000000E-01   4.7661600E+04   1.8950049E+04   6.6611649E+04   1.4076831E-01   1.2916369E-01   1.3746695E-01
   2.0000000E-01   3.4122820E+04   1.3719156E+04   4.7841976E+04   1.4907298E-01   1.3742404E-01   1.4573253E-01
   2.5000000E-01   2.6101411E+04   9.7275501E+03   3.5828961E+04   1.5217456E-01   1.2354360E-01   1.4440120E-01
   3.0000000E-01   2.0849298E+04   7.9471368E+03   2.8796434E+04   1.5060119E-01   1.3386052E-01   1.4598109E-01
   3.5000000E-01   1.7461571E+04   6.2115901E+03   2.3673161E+04   1.6074434E-01   1.3131638E-01   1.5302254E-01
   4.0000000E-01   1.3766903E+04   4.9497187E+03   1.8716621E+04   1.6499122E-01   1.4096009E-01   1.5863489E-01
   4.5000000E-01   1.1586480E+04   4.1451021E+03   1.5731582E+04   1.7041826E-01   1.4260973E-01   1.6309101E-01
   5.0000000E-01   9.8930713E+03   3.2594932E+03   1.3152564E+04   1.7283438E-01   1.4146106E-01   1.6505937E-01
   5.5000000E-01   8.3049943E+03   2.7432525E+03   1.1048247E+04   1.8319797E-01   1.4218924E-01   1.7301549E-01
   6.0000000E-01   6.9975123E+03   1.9310800E+03   8.9285923E+03   1.8529557E-01   1.4141001E-01   1.7580337E-01
   6.5000000E-01   5.6169452E+03   1.7335646E+03   7.3505098E+03   1.9559973E-01   1.5878395E-01   1.8691699E-01
   7.0000000E-01   4.8746885E+03   1.6051913E+03   6.4798798E+03   1.8878553E-01   1.5552831E-01   1.8054702E-01
   7.5000000E-01   4.2016905E+03   1.3623663E+03   5.5640568E+03   2.0046835E-01   1.6952544E-01   1.9289096E-01
   8.0000000E-01   3.3223594E+03   1.0941902E+03   4.4165497E+03   2.0898767E-01   1.6992863E-01   1.9931058E-01
   8.5000000E-01   2.5202653E+03   6.8530246E+02   3.2055678E+03   2.1165661E-01   1.9661110E-01   2.0844004E-01
   9.0000000E-01   1.9063225E+03   6.2600944E+02   2.5323320E+03   2.1095465E-01   1.9319546E-01   2.0656446E-01
   9.5000000E-01   1.2698889E+03   3.7527060E+02   1.6451595E+03   2.4049485E-01   2.0260972E-01   2.3185295E-01
   1.0000000E+00   5.0300822E+02   1.6976527E+02   6.7277349E+02   2.6505885E-01   2.0450446E-01   2.4977877E-01
