   0.0000000E+00   2.9739856E+09   1.5579884E+09   4.3832188E+09   3.7938174E-04   2.9299025E-04   3.4874400E-04
   5.0000000E-02   3.5771028E+06   1.5683765E+06   5.1431875E+06   1.2789182E-01   1.1402973E-01   1.2365946E-01
   1.0000000E-01   1.7380038E+06   7.3033020E+05   2.4678884E+06   1.3036401E-01   1.1795215E-01   1.2668148E-01
   1.5000000E-01   1.1069969E+06   4.4860473E+05   1.5550923E+06   1.3466453E-01   1.2045008E-01   1.3056081E-01
   2.0000000E-01   8.0250697E+05   3.1008158E+05   1.1123021E+06   1.3833325E-01   1.2421917E-01   1.3441585E-01
   2.5000000E-01   6.1177887E+05   2.2965422E+05   8.4122937E+05   1.4182207E-01   1.2477686E-01   1.3716190E-01
   3.0000000E-01   4.8501938E+05   1.7683175E+05   6.6170259E+05   1.4449015E-01   1.2752203E-01   1.3994347E-01
   3.5000000E-01   3.9640494E+05   1.3832838E+05   5.3463328E+05   1.4876401E-01   1.2925647E-01   1.4371708E-01
   4.0000000E-01   3.2375299E+05   1.1251459E+05   4.3618004E+05   1.5305403E-01   1.3231993E-01   1.4768589E-01
   4.5000000E-01   2.6867476E+05   9.2430117E+04   3.6106244E+05   1.5743561E-01   1.3508686E-01   1.5173406E-01
   5.0000000E-01   2.2543979E+05   7.5076570E+04   3.0050363E+05   1.6134968E-01   1.3704644E-01   1.5527416E-01
   5.5000000E-01   1.9247909E+05   6.0936087E+04   2.5336309E+05   1.6706912E-01   1.4189414E-01   1.6104026E-01
   6.0000000E-01   1.6055020E+05   5.1385826E+04   2.1188298E+05   1.7087833E-01   1.4385707E-01   1.6433409E-01
   6.5000000E-01   1.3600157E+05   4.1742669E+04   1.7773934E+05   1.7477291E-01   1.4512280E-01   1.6780568E-01
   7.0000000E-01   1.1270444E+05   3.5482458E+04   1.4816416E+05   1.7892616E-01   1.4892877E-01   1.7176645E-01
   7.5000000E-01   9.3892928E+04   2.8304115E+04   1.2218007E+05   1.8432382E-01   1.5217186E-01   1.7686760E-01
   8.0000000E-01   7.7420922E+04   2.2611939E+04   1.0002888E+05   1.9118591E-01   1.5394570E-01   1.8277479E-01
   8.5000000E-01   6.0381513E+04   1.7143796E+04   7.7514075E+04   1.9503107E-01   1.5758550E-01   1.8675404E-01
   9.0000000E-01   4.6087735E+04   1.3163882E+04   5.9244543E+04   1.9889514E-01   1.6430344E-01   1.9120721E-01
   9.5000000E-01   2.9582716E+04   8.2794077E+03   3.7862123E+04   2.0577810E-01   1.7136679E-01   1.9825265E-01
   1.0000000E+00   1.2908448E+04   3.6090839E+03   1.6517532E+04   2.1641909E-01   1.7881048E-01   2.0819994E-01
