   0.0000000E+00   3.2490975E+09   1.6598552E+09   4.7210597E+09   4.0572845E-05   2.9508750E-05   3.7136730E-05
   5.0000000E-02   4.0463553E+05   1.7411551E+05   5.7875104E+05   1.3409692E-01   1.1315111E-01   1.2779540E-01
   1.0000000E-01   1.9471016E+05   8.0659725E+04   2.7536988E+05   1.3451479E-01   1.1870771E-01   1.2988465E-01
   1.5000000E-01   1.2647513E+05   5.1353995E+04   1.7780790E+05   1.3830934E-01   1.2251050E-01   1.3374365E-01
   2.0000000E-01   9.1179867E+04   3.6335074E+04   1.2751494E+05   1.4638330E-01   1.2447492E-01   1.4014049E-01
   2.5000000E-01   7.1950767E+04   2.7438312E+04   9.9389079E+04   1.4931548E-01   1.3039862E-01   1.4409277E-01
   3.0000000E-01   5.4812962E+04   2.0138405E+04   7.4951368E+04   1.5280451E-01   1.3707536E-01   1.4857830E-01
   3.5000000E-01   4.5009018E+04   1.7043221E+04   6.2052239E+04   1.6048971E-01   1.3210027E-01   1.5269228E-01
   4.0000000E-01   3.7226341E+04   1.3671410E+04   5.0897751E+04   1.6498532E-01   1.3408670E-01   1.5668578E-01
   4.5000000E-01   3.1498532E+04   1.1176214E+04   4.2674745E+04   1.6323121E-01   1.4511178E-01   1.5848586E-01
   5.0000000E-01   2.6082312E+04   9.0018036E+03   3.5084116E+04   1.7595649E-01   1.4198156E-01   1.6723870E-01
   5.5000000E-01   2.1957595E+04   7.8246357E+03   2.9782230E+04   1.8070605E-01   1.5701787E-01   1.7448226E-01
   6.0000000E-01   1.9316105E+04   6.5571837E+03   2.5873289E+04   1.8685114E-01   1.5096544E-01   1.7775643E-01
   6.5000000E-01   1.5846935E+04   5.4896213E+03   2.1336557E+04   1.9147723E-01   1.5449437E-01   1.8196198E-01
   7.0000000E-01   1.3537265E+04   4.2016905E+03   1.7738955E+04   1.9769554E-01   1.6000962E-01   1.8876916E-01
   7.5000000E-01   1.1527062E+04   3.8621600E+03   1.5389222E+04   2.0434251E-01   1.6776817E-01   1.9516361E-01
   8.0000000E-01   9.8238389E+03   3.0040496E+03   1.2827888E+04   2.1275936E-01   1.7168070E-01   2.0313950E-01
   8.5000000E-01   7.5570512E+03   2.3742173E+03   9.9312684E+03   2.1275656E-01   1.7907351E-01   2.0470400E-01
   9.0000000E-01   5.4961507E+03   1.6941159E+03   7.1902667E+03   2.2675771E-01   1.8473201E-01   2.1685584E-01
   9.5000000E-01   3.3372279E+03   1.2062269E+03   4.5434548E+03   2.3686522E-01   1.7848546E-01   2.2136616E-01
   1.0000000E+00   1.5467503E+03   5.1558342E+02   2.0623337E+03   2.1859518E-01   1.4687694E-01   2.0064821E-01
