   0.0000000E+00   3.2334529E+09   1.6575119E+09   4.7159723E+09   6.7722631E-05   5.2204522E-05   6.2165406E-05
   5.0000000E-02   6.7882766E+05   2.8635157E+05   9.6511557E+05   1.3312999E-01   1.1760468E-01   1.2855359E-01
   1.0000000E-01   3.2375299E+05   1.2735579E+05   4.5110877E+05   1.3819209E-01   1.1513658E-01   1.3165282E-01
   1.5000000E-01   2.0982988E+05   7.3168833E+04   2.8297749E+05   1.4143370E-01   1.2705634E-01   1.3773815E-01
   2.0000000E-01   1.4803001E+05   4.8828737E+04   1.9685875E+05   1.4195153E-01   1.2395410E-01   1.3748745E-01
   2.5000000E-01   1.1019888E+05   3.5867158E+04   1.4605331E+05   1.4823055E-01   1.2985415E-01   1.4372365E-01
   3.0000000E-01   8.8352214E+04   2.7045730E+04   1.1539794E+05   1.5259693E-01   1.2664143E-01   1.4651364E-01
   3.5000000E-01   6.9746243E+04   2.0289982E+04   9.0036225E+04   1.5208110E-01   1.2706793E-01   1.4644417E-01
   4.0000000E-01   5.4534441E+04   1.5812044E+04   7.0346485E+04   1.5552586E-01   1.2963395E-01   1.4970603E-01
   4.5000000E-01   4.5730520E+04   1.2364571E+04   5.8095091E+04   1.5826900E-01   1.3328014E-01   1.5295053E-01
   5.0000000E-01   3.7573299E+04   9.9503670E+03   4.7517300E+04   1.6085295E-01   1.3777550E-01   1.5604191E-01
   5.5000000E-01   3.0997595E+04   8.2934194E+03   3.9291015E+04   1.6652077E-01   1.3411576E-01   1.5968081E-01
   6.0000000E-01   2.5629251E+04   6.3078409E+03   3.1937092E+04   1.7023462E-01   1.2776480E-01   1.6184633E-01
   6.5000000E-01   2.2315972E+04   5.0831640E+03   2.7399136E+04   1.6945187E-01   1.2403710E-01   1.6102633E-01
   7.0000000E-01   1.6815857E+04   3.8606442E+03   2.0676501E+04   1.6711105E-01   1.3192324E-01   1.6054087E-01
   7.5000000E-01   1.4077785E+04   3.1746106E+03   1.7252396E+04   1.7213577E-01   1.2792511E-01   1.6400053E-01
   8.0000000E-01   1.0989649E+04   2.5544368E+03   1.3548065E+04   1.7576959E-01   1.2607079E-01   1.6634662E-01
   8.5000000E-01   9.0100422E+03   1.6851700E+03   1.0695212E+04   1.7872782E-01   1.1965722E-01   1.6942020E-01
   9.0000000E-01   6.5925514E+03   1.2873867E+03   7.8799381E+03   1.9248454E-01   1.3345026E-01   1.8283935E-01
   9.5000000E-01   3.9001338E+03   8.3095633E+02   4.7310901E+03   1.9001872E-01   1.2934445E-01   1.7936203E-01
   1.0000000E+00   1.4838742E+03   3.2695534E+02   1.8045420E+03   1.7630921E-01   9.4303396E-02   1.6056848E-01
