   0.0000000E+00   3.2715172E+09   1.6679367E+09   4.7582128E+09   1.4256142E-05   1.2491651E-05   1.3523798E-05
   5.0000000E-02   1.6762199E+05   6.9964513E+04   2.3758650E+05   1.3367822E-01   1.1722113E-01   1.2883193E-01
   1.0000000E-01   7.6903669E+04   3.0366763E+04   1.0727043E+05   1.3575319E-01   1.2283597E-01   1.3209641E-01
   1.5000000E-01   4.9040943E+04   1.8101222E+04   6.7142165E+04   1.3738114E-01   1.2813016E-01   1.3488712E-01
   2.0000000E-01   3.4504792E+04   1.2684649E+04   4.7189441E+04   1.4315199E-01   1.3220437E-01   1.4020923E-01
   2.5000000E-01   2.6012284E+04   8.8362824E+03   3.4848566E+04   1.4805545E-01   1.3021083E-01   1.4353070E-01
   3.0000000E-01   2.0371833E+04   6.7800006E+03   2.7151833E+04   1.4604626E-01   1.2820765E-01   1.4159175E-01
   3.5000000E-01   1.6543020E+04   4.9838234E+03   2.1526843E+04   1.5379376E-01   1.3517336E-01   1.4948282E-01
   4.0000000E-01   1.3512255E+04   4.2653525E+03   1.7777607E+04   1.6477903E-01   1.2732834E-01   1.5579309E-01
   4.5000000E-01   1.0751801E+04   3.2113931E+03   1.3963194E+04   1.6819510E-01   1.2709141E-01   1.5874159E-01
   5.0000000E-01   9.3201135E+03   2.6865354E+03   1.2006649E+04   1.6209235E-01   1.4217954E-01   1.5763674E-01
   5.5000000E-01   7.1359289E+03   1.9503715E+03   9.0863004E+03   1.6808208E-01   1.6052074E-01   1.6645903E-01
   6.0000000E-01   6.3343667E+03   1.5809391E+03   7.9153058E+03   1.6677425E-01   1.4565380E-01   1.6255341E-01
   6.5000000E-01   5.5728715E+03   1.3662840E+03   6.9391555E+03   1.6871668E-01   1.3801311E-01   1.6267130E-01
   7.0000000E-01   4.1698595E+03   1.1777466E+03   5.3476061E+03   1.8273230E-01   1.2732448E-01   1.7052938E-01
   7.5000000E-01   3.4419909E+03   9.0400008E+02   4.3459910E+03   1.7974014E-01   1.2965439E-01   1.6932191E-01
   8.0000000E-01   2.7056340E+03   6.5253527E+02   3.3581693E+03   1.8446045E-01   1.2743112E-01   1.7337883E-01
   8.5000000E-01   2.1083349E+03   4.7933724E+02   2.5876721E+03   1.9348103E-01   1.3970655E-01   1.8351991E-01
   9.0000000E-01   1.4783726E+03   3.7843509E+02   1.8568077E+03   1.8818938E-01   1.2524555E-01   1.7535952E-01
   9.5000000E-01   9.0131957E+02   2.3789476E+02   1.1392143E+03   1.7904716E-01   1.7828238E-01   1.7888711E-01
   1.0000000E+00   3.5839335E+02   1.0060164E+02   4.5899500E+02   1.7844308E-01   1.8432736E-01   1.7973278E-01
