   0.0000000E+00   2.2244371E+09   1.3259832E+09   3.4647858E+09   1.5677271E-03   9.7559458E-04   1.3448524E-03
   5.0000000E-02   1.2147406E+07   5.0980511E+06   1.7228459E+07   1.1542201E-01   9.8375691E-02   1.1034529E-01
   1.0000000E-01   5.9974039E+06   2.3565117E+06   8.3469128E+06   1.1434505E-01   9.7543594E-02   1.0961707E-01
   1.5000000E-01   3.9059594E+06   1.4487132E+06   5.3487520E+06   1.1374303E-01   9.7663201E-02   1.0942319E-01
   2.0000000E-01   2.8193343E+06   9.9478206E+05   3.8104399E+06   1.1370449E-01   9.6743868E-02   1.0929707E-01
   2.5000000E-01   2.1460707E+06   7.1584074E+05   2.8599889E+06   1.1444461E-01   9.6711440E-02   1.1002693E-01
   3.0000000E-01   1.6863846E+06   5.4783253E+05   2.2325831E+06   1.1596011E-01   9.5096183E-02   1.1083949E-01
   3.5000000E-01   1.3570824E+06   4.2117855E+05   1.7769968E+06   1.1684805E-01   9.7188495E-02   1.1219756E-01
   4.0000000E-01   1.1009145E+06   3.3045341E+05   1.4305483E+06   1.1752397E-01   9.5906162E-02   1.1254219E-01
   4.5000000E-01   9.0733172E+05   2.6363132E+05   1.1702698E+06   1.1820978E-01   9.4729431E-02   1.1293288E-01
   5.0000000E-01   7.4951156E+05   2.1063202E+05   9.5972341E+05   1.1969200E-01   9.4075666E-02   1.1408282E-01
   5.5000000E-01   6.1969726E+05   1.6994275E+05   7.8925226E+05   1.1989309E-01   9.4914850E-02   1.1451140E-01
   6.0000000E-01   5.1585300E+05   1.3665574E+05   6.5219574E+05   1.2220752E-01   9.6672733E-02   1.1686488E-01
   6.5000000E-01   4.2521793E+05   1.1076205E+05   5.3579389E+05   1.2384614E-01   9.5672700E-02   1.1802399E-01
   7.0000000E-01   3.5037733E+05   8.7380611E+04   4.3757151E+05   1.2787474E-01   9.7302632E-02   1.2180943E-01
   7.5000000E-01   2.8386876E+05   6.9849921E+04   3.5362531E+05   1.3006406E-01   9.8775500E-02   1.2387248E-01
   8.0000000E-01   2.2676794E+05   5.4311624E+04   2.8098805E+05   1.3283783E-01   1.0254435E-01   1.2701054E-01
   8.5000000E-01   1.7687544E+05   4.1017037E+04   2.1783631E+05   1.3605980E-01   1.0351426E-01   1.2993994E-01
   9.0000000E-01   1.3029838E+05   2.9510863E+04   1.5979510E+05   1.4215888E-01   1.0355733E-01   1.3501887E-01
   9.5000000E-01   8.4342068E+04   1.8649609E+04   1.0298162E+05   1.4943220E-01   1.1395341E-01   1.4300890E-01
   1.0000000E+00   3.7027692E+04   7.8029149E+03   4.4830607E+04   1.6063694E-01   1.1111052E-01   1.5201515E-01
