   0.0000000E+00   3.2840072E+09   1.6720421E+09   4.7625882E+09   2.3859483E-06   2.1387041E-06   2.3388246E-06
   5.0000000E-02   2.8647890E+04   1.2668733E+04   4.1316623E+04   1.4412172E-01   1.0293837E-01   1.3149385E-01
   1.0000000E-01   1.1904790E+04   5.7932399E+03   1.7698030E+04   1.3552103E-01   1.2139530E-01   1.3089714E-01
   1.5000000E-01   7.6606579E+03   2.9072303E+03   1.0567888E+04   1.4193865E-01   1.1396278E-01   1.3424248E-01
   2.0000000E-01   5.3316906E+03   2.0690143E+03   7.4007049E+03   1.4204815E-01   1.2930011E-01   1.3848418E-01
   2.5000000E-01   4.7873807E+03   1.3496339E+03   6.1370146E+03   1.5370236E-01   1.2588768E-01   1.4758544E-01
   3.0000000E-01   3.5226294E+03   1.0079813E+03   4.5306107E+03   1.6148599E-01   1.2217951E-01   1.5274099E-01
   3.5000000E-01   2.5646682E+03   7.5484916E+02   3.3195174E+03   1.5915418E-01   1.4392814E-01   1.5569182E-01
   4.0000000E-01   2.0849298E+03   6.2070428E+02   2.7056340E+03   1.6976462E-01   1.3831957E-01   1.6255076E-01
   4.5000000E-01   1.9381535E+03   6.0832556E+02   2.5464791E+03   1.8526738E-01   1.3014490E-01   1.7209923E-01
   5.0000000E-01   1.4833241E+03   4.6473243E+02   1.9480565E+03   1.7987375E-01   1.3712473E-01   1.6967545E-01
   5.5000000E-01   1.1054034E+03   3.3567224E+02   1.4410757E+03   1.7168146E-01   1.5065357E-01   1.6678340E-01
   6.0000000E-01   1.0185916E+03   2.4934274E+02   1.2679344E+03   1.6711465E-01   1.4669374E-01   1.6309882E-01
   6.5000000E-01   7.7863495E+02   2.0078008E+02   9.7941503E+02   1.6976603E-01   1.4322180E-01   1.6432447E-01
   7.0000000E-01   7.1392360E+02   2.0917507E+02   9.2309867E+02   1.9627195E-01   1.6625609E-01   1.8947032E-01
   7.5000000E-01   5.6446953E+02   1.4854461E+02   7.1301415E+02   1.7970884E-01   1.2732614E-01   1.6879577E-01
   8.0000000E-01   4.1380285E+02   1.2334508E+02   5.3714793E+02   1.7390402E-01   1.6544307E-01   1.7196113E-01
   8.5000000E-01   3.6699257E+02   1.0111020E+02   4.6810277E+02   1.9649636E-01   1.5739963E-01   1.8805147E-01
   9.0000000E-01   2.4050080E+02   6.3661977E+01   3.0416278E+02   1.7317588E-01   1.5798920E-01   1.6999728E-01
   9.5000000E-01   1.7423278E+02   3.3506304E+01   2.0773908E+02   2.2646769E-01   2.0386944E-01   2.2282273E-01
   1.0000000E+00   5.6588424E+01   1.8862808E+01   7.5451232E+01   2.8100086E-01   1.4082413E-01   2.4595667E-01
