   0.0000000E+00   3.2808938E+09   1.6715506E+09   4.7697738E+09   1.1767785E-05   8.5289507E-06   1.0643502E-05
   5.0000000E-02   1.0631550E+05   4.8128455E+04   1.5444396E+05   1.3109004E-01   1.1936820E-01   1.2743717E-01
   1.0000000E-01   5.1407047E+04   1.9321410E+04   7.0728457E+04   1.3995787E-01   1.1471242E-01   1.3306138E-01
   1.5000000E-01   3.3762069E+04   1.2116996E+04   4.5879065E+04   1.4468382E-01   1.1174252E-01   1.3598378E-01
   2.0000000E-01   2.2647748E+04   8.6580289E+03   3.1305777E+04   1.3691725E-01   1.2893673E-01   1.3471010E-01
   2.5000000E-01   1.7939945E+04   5.4621976E+03   2.3402143E+04   1.4578189E-01   1.3298972E-01   1.4279612E-01
   3.0000000E-01   1.3814649E+04   4.1592492E+03   1.7973898E+04   1.5347591E-01   1.2233749E-01   1.4627031E-01
   3.5000000E-01   1.0713401E+04   2.9557347E+03   1.3669136E+04   1.5514336E-01   1.3503040E-01   1.5079425E-01
   4.0000000E-01   8.5704937E+03   2.6738030E+03   1.1244297E+04   1.5807948E-01   1.5038975E-01   1.5625092E-01
   4.5000000E-01   6.8259787E+03   2.0442568E+03   8.8702355E+03   1.6180535E-01   1.3099189E-01   1.5470400E-01
   5.0000000E-01   5.9778597E+03   1.5979156E+03   7.5757753E+03   1.5946557E-01   1.3750466E-01   1.5483347E-01
   5.5000000E-01   5.0929582E+03   1.1864278E+03   6.2793859E+03   1.7042120E-01   1.5536826E-01   1.6757705E-01
   6.0000000E-01   4.3661506E+03   9.2840383E+02   5.2945544E+03   1.7249459E-01   1.4508981E-01   1.6768912E-01
   6.5000000E-01   3.4622321E+03   8.3739985E+02   4.2996320E+03   1.7079265E-01   1.3561305E-01   1.6394104E-01
   7.0000000E-01   2.5555737E+03   5.7750508E+02   3.1330787E+03   1.8445295E-01   1.2735504E-01   1.7392837E-01
   7.5000000E-01   2.2069485E+03   4.2016905E+02   2.6271176E+03   1.6516857E-01   1.5353314E-01   1.6330765E-01
   8.0000000E-01   1.7586621E+03   3.6207750E+02   2.1207396E+03   1.7598971E-01   1.4045348E-01   1.6992254E-01
   8.5000000E-01   1.4267773E+03   2.5090309E+02   1.6776803E+03   1.9063013E-01   1.2872937E-01   1.8137265E-01
   9.0000000E-01   9.9029742E+02   1.8744916E+02   1.1777466E+03   1.6454559E-01   1.5634274E-01   1.6323982E-01
   9.5000000E-01   6.1651599E+02   1.3067458E+02   7.4719057E+02   1.8656633E-01   2.0022322E-01   1.8895475E-01
   1.0000000E+00   2.9551733E+02   6.9163630E+01   3.6468096E+02   1.8960464E-01   7.5951066E-02   1.6804965E-01
