   0.0000000E+00   2.5076280E+09   1.4044433E+09   3.8097853E+09   1.0217379E-03   6.5928300E-04   8.9116883E-04
   5.0000000E-02   8.5037759E+06   3.6002758E+06   1.2096158E+07   1.2168368E-01   1.0297948E-01   1.1610891E-01
   1.0000000E-01   4.2041097E+06   1.6742463E+06   5.8749501E+06   1.2221068E-01   1.0380140E-01   1.1695059E-01
   1.5000000E-01   2.7272579E+06   1.0289898E+06   3.7536375E+06   1.2179179E-01   1.0429588E-01   1.1701840E-01
   2.0000000E-01   1.9697016E+06   7.2324781E+05   2.6913260E+06   1.2312606E-01   1.0601417E-01   1.1853752E-01
   2.5000000E-01   1.5175233E+06   5.3217593E+05   2.0481713E+06   1.2499425E-01   1.0731464E-01   1.2040156E-01
   3.0000000E-01   1.2112009E+06   4.1249778E+05   1.6229030E+06   1.2710673E-01   1.0739791E-01   1.2212302E-01
   3.5000000E-01   9.7625642E+05   3.2448510E+05   1.3000230E+06   1.2977331E-01   1.0788631E-01   1.2430713E-01
   4.0000000E-01   8.0775908E+05   2.5834826E+05   1.0656538E+06   1.3274005E-01   1.0956948E-01   1.2712157E-01
   4.5000000E-01   6.6966034E+05   2.0964596E+05   8.7886067E+05   1.3415291E-01   1.0881395E-01   1.2812709E-01
   5.0000000E-01   5.6252996E+05   1.6956368E+05   7.3191539E+05   1.3659799E-01   1.1094677E-01   1.3065743E-01
   5.5000000E-01   4.7299692E+05   1.4035730E+05   6.1307063E+05   1.3933023E-01   1.1083942E-01   1.3281054E-01
   6.0000000E-01   3.9921895E+05   1.1344034E+05   5.1251605E+05   1.4258938E-01   1.1364914E-01   1.3620775E-01
   6.5000000E-01   3.3515093E+05   9.5066920E+04   4.3012480E+05   1.4705536E-01   1.1642906E-01   1.4027979E-01
   7.0000000E-01   2.7917596E+05   7.6771797E+04   3.5581134E+05   1.4969933E-01   1.1733453E-01   1.4273403E-01
   7.5000000E-01   2.3224314E+05   6.2940475E+04   2.9510297E+05   1.5311236E-01   1.1763590E-01   1.4554536E-01
   8.0000000E-01   1.8785456E+05   5.0205427E+04   2.3800428E+05   1.6023586E-01   1.2055037E-01   1.5185749E-01
   8.5000000E-01   1.4773324E+05   3.8519241E+04   1.8620005E+05   1.6492081E-01   1.2361286E-01   1.5637192E-01
   9.0000000E-01   1.1035804E+05   2.8311896E+04   1.3865579E+05   1.7156542E-01   1.3011705E-01   1.6311886E-01
   9.5000000E-01   7.2162527E+04   1.8569194E+04   9.0721668E+04   1.7754769E-01   1.3426718E-01   1.6869301E-01
   1.0000000E+00   3.1312261E+04   7.6960257E+03   3.9008287E+04   1.8249927E-01   1.3973185E-01   1.7406007E-01
