   0.0000000E+00   3.2866097E+09   1.6719163E+09   4.7813756E+09   3.6360608E-06   2.8431892E-06   3.5567777E-06
   5.0000000E-02   3.7751553E+04   1.7507044E+04   5.5258596E+04   1.3570471E-01   1.2286663E-01   1.3163735E-01
   1.0000000E-01   1.8780283E+04   8.4670430E+03   2.7247326E+04   1.3614503E-01   1.3159293E-01   1.3473048E-01
   1.5000000E-01   1.1904790E+04   4.5836624E+03   1.6488452E+04   1.3765473E-01   1.4353383E-01   1.3928879E-01
   2.0000000E-01   8.2919725E+03   3.3422538E+03   1.1634226E+04   1.5220889E-01   1.3100159E-01   1.4611651E-01
   2.5000000E-01   6.2134090E+03   2.5210143E+03   8.7344233E+03   1.5067115E-01   1.3452849E-01   1.4601190E-01
   3.0000000E-01   5.2945544E+03   1.8674180E+03   7.1619724E+03   1.5777517E-01   1.4688323E-01   1.5493520E-01
   3.5000000E-01   3.9834209E+03   1.5096983E+03   5.4931192E+03   1.4769103E-01   1.4258069E-01   1.4628653E-01
   4.0000000E-01   3.4059158E+03   1.1379578E+03   4.5438736E+03   1.6156729E-01   1.5051002E-01   1.5879813E-01
   4.5000000E-01   2.9001567E+03   8.7712058E+02   3.7772773E+03   1.7557015E-01   1.6540005E-01   1.7320855E-01
   5.0000000E-01   2.4828171E+03   7.5121133E+02   3.2340284E+03   1.6806488E-01   1.4642464E-01   1.6303821E-01
   5.5000000E-01   2.1471449E+03   5.8453270E+02   2.7316776E+03   1.7704667E-01   1.2649746E-01   1.6623000E-01
   6.0000000E-01   1.6074649E+03   6.5253527E+02   2.2600002E+03   1.7205861E-01   1.3195865E-01   1.6048046E-01
   6.5000000E-01   1.4005635E+03   3.7707479E+02   1.7776383E+03   1.9289526E-01   1.3578192E-01   1.8078031E-01
   7.0000000E-01   1.1186319E+03   3.4559359E+02   1.4642255E+03   1.7267941E-01   1.8328577E-01   1.7518277E-01
   7.5000000E-01   1.0185916E+03   3.0557749E+02   1.3241691E+03   2.0950598E-01   1.8988698E-01   2.0497852E-01
   8.0000000E-01   7.8383809E+02   2.5464791E+02   1.0384860E+03   2.0280647E-01   1.7320349E-01   1.9554750E-01
   8.5000000E-01   7.0402657E+02   1.6477218E+02   8.6879875E+02   2.1257466E-01   1.4568618E-01   1.9988860E-01
   9.0000000E-01   4.8807516E+02   1.5208139E+02   6.4015655E+02   2.4942021E-01   1.3905498E-01   2.2320085E-01
   9.5000000E-01   3.4176430E+02   7.7064499E+01   4.1882880E+02   2.3195337E-01   1.4354780E-01   2.1568586E-01
   1.0000000E+00   1.5090246E+02   6.2876027E+01   2.1377849E+02   2.6506804E-01   1.7109716E-01   2.3742954E-01
