   0.0000000E+00   2.9341016E+09   1.5489091E+09   4.3371505E+09   4.2624856E-04   3.0507247E-04   3.8522129E-04
   5.0000000E-02   3.9232330E+06   1.6628508E+06   5.5845560E+06   1.2878261E-01   1.1049278E-01   1.2333543E-01
   1.0000000E-01   1.9082041E+06   7.6649021E+05   2.6738349E+06   1.3023156E-01   1.1438975E-01   1.2566550E-01
   1.5000000E-01   1.2291430E+06   4.7670089E+05   1.7051648E+06   1.3381615E-01   1.1360953E-01   1.2818134E-01
   2.0000000E-01   8.9663120E+05   3.3314313E+05   1.2293446E+06   1.3750892E-01   1.1806372E-01   1.3225410E-01
   2.5000000E-01   6.8255826E+05   2.4628273E+05   9.2864999E+05   1.4134185E-01   1.2161240E-01   1.3610660E-01
   3.0000000E-01   5.3995967E+05   1.8918218E+05   7.2896147E+05   1.4236799E-01   1.2122721E-01   1.3688463E-01
   3.5000000E-01   4.3937678E+05   1.4894174E+05   5.8818210E+05   1.4636322E-01   1.2400726E-01   1.4069503E-01
   4.0000000E-01   3.6457623E+05   1.2056783E+05   4.8508039E+05   1.4977488E-01   1.2626789E-01   1.4393777E-01
   4.5000000E-01   3.0355445E+05   9.7961636E+04   4.0142413E+05   1.5327638E-01   1.2648454E-01   1.4675658E-01
   5.0000000E-01   2.5408132E+05   8.0086767E+04   3.3409806E+05   1.5911090E-01   1.2592360E-01   1.5113937E-01
   5.5000000E-01   2.1542634E+05   6.6573066E+04   2.8195311E+05   1.6048416E-01   1.3096974E-01   1.5350805E-01
   6.0000000E-01   1.8073635E+05   5.4266530E+04   2.3499227E+05   1.6567663E-01   1.3147872E-01   1.5778406E-01
   6.5000000E-01   1.5226966E+05   4.5283254E+04   1.9753332E+05   1.7015196E-01   1.3556611E-01   1.6224025E-01
   7.0000000E-01   1.2841985E+05   3.7124027E+04   1.6551659E+05   1.7521903E-01   1.3778340E-01   1.6682399E-01
   7.5000000E-01   1.0605237E+05   3.0103627E+04   1.3613902E+05   1.7850590E-01   1.3835839E-01   1.6965054E-01
   8.0000000E-01   8.7037860E+04   2.4263171E+04   1.1128114E+05   1.8576367E-01   1.4328200E-01   1.7648472E-01
   8.5000000E-01   6.9567562E+04   1.8716621E+04   8.8276693E+04   1.9214582E-01   1.4723372E-01   1.8263817E-01
   9.0000000E-01   5.2411491E+04   1.4186011E+04   6.6586891E+04   1.9715009E-01   1.4824691E-01   1.8674029E-01
   9.5000000E-01   3.3653732E+04   8.8657680E+03   4.2519500E+04   2.0740839E-01   1.5684114E-01   1.9686454E-01
   1.0000000E+00   1.4606101E+04   3.8794509E+03   1.8485552E+04   2.1397389E-01   1.6695473E-01   2.0410625E-01
