   0.0000000E+00   2.1877362E+09   1.2767471E+09   3.3830071E+09   1.4914379E-03   1.0021088E-03   1.3081599E-03
   5.0000000E-02   1.1323747E+07   4.9303655E+06   1.6239470E+07   1.1642920E-01   1.0203400E-01   1.1204717E-01
   1.0000000E-01   5.6834867E+06   2.3409464E+06   8.0172393E+06   1.1613419E-01   1.0148159E-01   1.1186486E-01
   1.5000000E-01   3.7310587E+06   1.4666234E+06   5.1921011E+06   1.1534374E-01   1.0145880E-01   1.1143716E-01
   2.0000000E-01   2.7155812E+06   1.0431333E+06   3.7554519E+06   1.1653382E-01   1.0087095E-01   1.1218980E-01
   2.5000000E-01   2.0906593E+06   7.7616683E+05   2.8642669E+06   1.1763756E-01   1.0250298E-01   1.1355840E-01
   3.0000000E-01   1.6704478E+06   6.0665620E+05   2.2754701E+06   1.1911579E-01   1.0269215E-01   1.1474045E-01
   3.5000000E-01   1.3646309E+06   4.7961115E+05   1.8427778E+06   1.2024039E-01   1.0313803E-01   1.1578415E-01
   4.0000000E-01   1.1327853E+06   3.9102778E+05   1.5228184E+06   1.2231077E-01   1.0316925E-01   1.1740196E-01
   4.5000000E-01   9.4496302E+05   3.1656272E+05   1.2605850E+06   1.2414044E-01   1.0546526E-01   1.1947799E-01
   5.0000000E-01   7.9997004E+05   2.5995732E+05   1.0594563E+06   1.2712961E-01   1.0605060E-01   1.2197326E-01
   5.5000000E-01   6.7268139E+05   2.1530481E+05   8.8747690E+05   1.2993082E-01   1.0747021E-01   1.2451313E-01
   6.0000000E-01   5.6992855E+05   1.7886894E+05   7.4843673E+05   1.3294517E-01   1.0903529E-01   1.2722972E-01
   6.5000000E-01   4.7791046E+05   1.4955178E+05   6.2725167E+05   1.3722628E-01   1.1108386E-01   1.3100406E-01
   7.0000000E-01   4.0090221E+05   1.2264935E+05   5.2329236E+05   1.4010595E-01   1.1371310E-01   1.3393091E-01
   7.5000000E-01   3.3605460E+05   9.9681924E+04   4.3558374E+05   1.4494590E-01   1.1638241E-01   1.3841753E-01
   8.0000000E-01   2.7442291E+05   8.0261838E+04   3.5457334E+05   1.4893719E-01   1.2152699E-01   1.4274574E-01
   8.5000000E-01   2.1661175E+05   6.3321198E+04   2.7983558E+05   1.5619290E-01   1.2340420E-01   1.4876970E-01
   9.0000000E-01   1.6483854E+05   4.6819847E+04   2.1163010E+05   1.6420168E-01   1.3026779E-01   1.5670443E-01
   9.5000000E-01   1.0791040E+05   3.1077097E+04   1.3897075E+05   1.7153316E-01   1.3624250E-01   1.6364244E-01
   1.0000000E+00   4.8634607E+04   1.3889314E+04   6.2517634E+04   1.8045648E-01   1.4054753E-01   1.7165020E-01
