   0.0000000E+00   2.7591401E+09   1.4917168E+09   4.1243091E+09   6.5469219E-04   4.6476893E-04   5.8796606E-04
   5.0000000E-02   5.9567239E+06   2.4979050E+06   8.4511911E+06   1.2584435E-01   1.0708965E-01   1.2030214E-01
   1.0000000E-01   2.9182014E+06   1.1525046E+06   4.0691463E+06   1.2635125E-01   1.1068777E-01   1.2190325E-01
   1.5000000E-01   1.8876201E+06   7.0779386E+05   2.5940982E+06   1.2936559E-01   1.1158876E-01   1.2452159E-01
   2.0000000E-01   1.3457983E+06   4.8882849E+05   1.8338151E+06   1.3217515E-01   1.1185900E-01   1.2676846E-01
   2.5000000E-01   1.0330811E+06   3.6175282E+05   1.3943119E+06   1.3433060E-01   1.1249718E-01   1.2866787E-01
   3.0000000E-01   8.1774871E+05   2.7798002E+05   1.0953255E+06   1.3761808E-01   1.1641766E-01   1.3222639E-01
   3.5000000E-01   6.6474018E+05   2.1947012E+05   8.8389199E+05   1.3933695E-01   1.1808891E-01   1.3405656E-01
   4.0000000E-01   5.4524096E+05   1.7563544E+05   7.2064562E+05   1.4218485E-01   1.1676366E-01   1.3600711E-01
   4.5000000E-01   4.5516192E+05   1.3930655E+05   5.9432700E+05   1.4511007E-01   1.1887518E-01   1.3896719E-01
   5.0000000E-01   3.8419367E+05   1.1417776E+05   4.9823773E+05   1.4814069E-01   1.2132108E-01   1.4200263E-01
   5.5000000E-01   3.1521360E+05   9.3716218E+04   4.0881986E+05   1.5136472E-01   1.2214781E-01   1.4468361E-01
   6.0000000E-01   2.6698242E+05   7.6590664E+04   3.4350942E+05   1.5502186E-01   1.1927066E-01   1.4705532E-01
   6.5000000E-01   2.2501081E+05   6.2809886E+04   2.8777173E+05   1.5770476E-01   1.2202448E-01   1.4991437E-01
   7.0000000E-01   1.8642046E+05   5.0752238E+04   2.3711358E+05   1.6202751E-01   1.2567564E-01   1.5426087E-01
   7.5000000E-01   1.5494476E+05   4.1202032E+04   1.9611284E+05   1.6490282E-01   1.2647884E-01   1.5680874E-01
   8.0000000E-01   1.2504008E+05   3.2352221E+04   1.5737639E+05   1.6851142E-01   1.3066952E-01   1.6073569E-01
   8.5000000E-01   9.8189238E+04   2.4816937E+04   1.2299494E+05   1.7758465E-01   1.2765744E-01   1.6752694E-01
   9.0000000E-01   7.3805452E+04   1.8780283E+04   9.2575125E+04   1.8147122E-01   1.3509519E-01   1.7205508E-01
   9.5000000E-01   4.8151909E+04   1.1764063E+04   5.9912622E+04   1.9016891E-01   1.3908825E-01   1.8014955E-01
   1.0000000E+00   2.0673638E+04   4.9294805E+03   2.5603118E+04   1.9822464E-01   1.4998299E-01   1.8893592E-01
