   0.0000000E+00   3.1592231E+09   1.6196804E+09   4.6069952E+09   1.5007919E-04   1.2060480E-04   1.3975837E-04
   5.0000000E-02   1.4846610E+06   6.6412175E+05   2.1485281E+06   1.3072200E-01   1.1364771E-01   1.2544853E-01
   1.0000000E-01   7.2132203E+05   3.1028848E+05   1.0314514E+06   1.3397032E-01   1.2016107E-01   1.2981860E-01
   1.5000000E-01   4.6150689E+05   1.9293823E+05   6.5429658E+05   1.3773100E-01   1.2164902E-01   1.3299238E-01
   2.0000000E-01   3.3416172E+05   1.3491565E+05   4.6901370E+05   1.4178358E-01   1.2559643E-01   1.3712598E-01
   2.5000000E-01   2.5291630E+05   1.0059866E+05   3.5346403E+05   1.4859874E-01   1.3290848E-01   1.4414309E-01
   3.0000000E-01   2.0491729E+05   7.9450148E+04   2.8433561E+05   1.5121105E-01   1.3493021E-01   1.4666696E-01
   3.5000000E-01   1.6596677E+05   6.1442903E+04   2.2740968E+05   1.5480641E-01   1.3583679E-01   1.4968107E-01
   4.0000000E-01   1.3580691E+05   5.0627187E+04   1.8642614E+05   1.6235488E-01   1.4234987E-01   1.5692548E-01
   4.5000000E-01   1.1569503E+05   4.3353806E+04   1.5904177E+05   1.6659684E-01   1.4522829E-01   1.6077928E-01
   5.0000000E-01   9.6804403E+04   3.5211440E+04   1.3200948E+05   1.7534943E-01   1.4286041E-01   1.6668643E-01
   5.5000000E-01   8.2274424E+04   2.9631757E+04   1.1188882E+05   1.7728454E-01   1.5140058E-01   1.7044409E-01
   6.0000000E-01   6.9455217E+04   2.4340096E+04   9.3795313E+04   1.7948422E-01   1.5393383E-01   1.7285378E-01
   6.5000000E-01   5.8843255E+04   2.0220023E+04   7.9058382E+04   1.8982414E-01   1.5777777E-01   1.8163962E-01
   7.0000000E-01   4.9783666E+04   1.7252396E+04   6.7026967E+04   1.9655375E-01   1.6120927E-01   1.8745657E-01
   7.5000000E-01   4.1906558E+04   1.3929241E+04   5.5831554E+04   2.0374986E-01   1.7101537E-01   1.9559813E-01
   8.0000000E-01   3.4154651E+04   1.1252254E+04   4.5406905E+04   2.0612813E-01   1.7543431E-01   1.9852176E-01
   8.5000000E-01   2.7194899E+04   8.9388906E+03   3.6130044E+04   2.1477801E-01   1.7492847E-01   2.0491076E-01
   9.0000000E-01   2.1011989E+04   6.8401258E+03   2.7852115E+04   2.2608902E-01   1.9260260E-01   2.1786517E-01
   9.5000000E-01   1.3573404E+04   4.1246260E+03   1.7698030E+04   2.3046738E-01   1.8516750E-01   2.1990971E-01
   1.0000000E+00   5.9920854E+03   1.9240064E+03   7.9160918E+03   2.3523760E-01   1.9298196E-01   2.2496443E-01
