   0.0000000E+00   3.0718238E+09   1.6000868E+09   4.5204017E+09   2.6693248E-04   2.0033422E-04   2.4361855E-04
   5.0000000E-02   2.5337467E+06   1.0690119E+06   3.6020583E+06   1.3058756E-01   1.1455710E-01   1.2583180E-01
   1.0000000E-01   1.2158483E+06   4.8258962E+05   1.6982151E+06   1.3409471E-01   1.1987585E-01   1.3004770E-01
   1.5000000E-01   7.7514823E+05   2.9312096E+05   1.0679933E+06   1.3710080E-01   1.2067861E-01   1.3258351E-01
   2.0000000E-01   5.5322258E+05   2.0365467E+05   7.5668626E+05   1.4013449E-01   1.2369657E-01   1.3574139E-01
   2.5000000E-01   4.1930325E+05   1.4671539E+05   5.6582765E+05   1.4208302E-01   1.2521167E-01   1.3769782E-01
   3.0000000E-01   3.3380097E+05   1.1134480E+05   4.4507149E+05   1.4736940E-01   1.2653178E-01   1.4217144E-01
   3.5000000E-01   2.6613435E+05   8.7162341E+04   3.5325122E+05   1.5113865E-01   1.2687763E-01   1.4516286E-01
   4.0000000E-01   2.2003171E+05   6.9582541E+04   2.8957446E+05   1.5327137E-01   1.2773767E-01   1.4715433E-01
   4.5000000E-01   1.8133053E+05   5.5654715E+04   2.3693573E+05   1.5886635E-01   1.3149979E-01   1.5245034E-01
   5.0000000E-01   1.4936373E+05   4.5652004E+04   1.9499664E+05   1.6092015E-01   1.3537962E-01   1.5494782E-01
   5.5000000E-01   1.2695356E+05   3.6269965E+04   1.6320616E+05   1.6326004E-01   1.3733501E-01   1.5748588E-01
   6.0000000E-01   1.0433137E+05   2.9231458E+04   1.3355752E+05   1.6729927E-01   1.3983159E-01   1.6127745E-01
   6.5000000E-01   8.7158144E+04   2.3550035E+04   1.1070818E+05   1.6872619E-01   1.3803840E-01   1.6221417E-01
   7.0000000E-01   7.3102139E+04   1.9253201E+04   9.2350793E+04   1.7612280E-01   1.4082095E-01   1.6876945E-01
   7.5000000E-01   5.9439066E+04   1.6097992E+04   7.5537058E+04   1.8067989E-01   1.4130304E-01   1.7228725E-01
   8.0000000E-01   4.8335356E+04   1.1837149E+04   6.0168526E+04   1.8299352E-01   1.4238835E-01   1.7501724E-01
   8.5000000E-01   3.8126035E+04   9.3208624E+03   4.7435663E+04   1.8884568E-01   1.4443883E-01   1.8013386E-01
   9.0000000E-01   2.8283602E+04   7.1301415E+03   3.5413743E+04   1.9322600E-01   1.4501148E-01   1.8351857E-01
   9.5000000E-01   1.7945976E+04   4.0341590E+03   2.1980135E+04   2.0151731E-01   1.5934789E-01   1.9377675E-01
   1.0000000E+00   8.0669943E+03   1.9302940E+03   9.9972883E+03   2.0456294E-01   1.3438000E-01   1.9100969E-01
