   0.0000000E+00   2.1147898E+09   1.2354274E+09   3.2744716E+09   1.5059252E-03   9.7959434E-04   1.3098563E-03
   5.0000000E-02   1.1209792E+07   4.9273097E+06   1.6123287E+07   1.1437492E-01   9.6029794E-02   1.0877826E-01
   1.0000000E-01   5.6976196E+06   2.3766926E+06   8.0660998E+06   1.1302830E-01   9.5693588E-02   1.0790838E-01
   1.5000000E-01   3.7636961E+06   1.5119932E+06   5.2711056E+06   1.1148566E-01   9.5398692E-02   1.0688347E-01
   2.0000000E-01   2.7661766E+06   1.0881583E+06   3.8509448E+06   1.1132852E-01   9.4764851E-02   1.0665541E-01
   2.5000000E-01   2.1667354E+06   8.2360773E+05   2.9877585E+06   1.1321054E-01   9.5380617E-02   1.0830013E-01
   3.0000000E-01   1.7451021E+06   6.5238672E+05   2.3956851E+06   1.1404691E-01   9.4544806E-02   1.0876153E-01
   3.5000000E-01   1.4358413E+06   5.2829437E+05   1.9625260E+06   1.1572769E-01   9.7215484E-02   1.1077779E-01
   4.0000000E-01   1.2092036E+06   4.3303673E+05   1.6410784E+06   1.1808520E-01   9.6167413E-02   1.1231803E-01
   4.5000000E-01   1.0204591E+06   3.5577142E+05   1.3752826E+06   1.2013128E-01   9.9653126E-02   1.1484551E-01
   5.0000000E-01   8.6794830E+05   2.9891208E+05   1.1663193E+06   1.2398501E-01   9.9951382E-02   1.1783141E-01
   5.5000000E-01   7.3868728E+05   2.5184678E+05   9.8997268E+05   1.2678299E-01   1.0207775E-01   1.2050708E-01
   6.0000000E-01   6.3539958E+05   2.1139490E+05   8.4627988E+05   1.3116583E-01   1.0474875E-01   1.2456370E-01
   6.5000000E-01   5.3705244E+05   1.7901258E+05   7.1566836E+05   1.3425769E-01   1.0845123E-01   1.2783293E-01
   7.0000000E-01   4.5948942E+05   1.4817325E+05   6.0733072E+05   1.3955804E-01   1.1164978E-01   1.3275483E-01
   7.5000000E-01   3.8282918E+05   1.2305011E+05   5.0564586E+05   1.4480729E-01   1.1510601E-01   1.3758372E-01
   8.0000000E-01   3.1756584E+05   1.0065754E+05   4.1811197E+05   1.5180812E-01   1.1893068E-01   1.4391049E-01
   8.5000000E-01   2.5688357E+05   7.9180520E+04   3.3594800E+05   1.5886976E-01   1.2562361E-01   1.5103745E-01
   9.0000000E-01   1.9625573E+05   6.1890052E+04   2.5808566E+05   1.6659801E-01   1.3046761E-01   1.5794868E-01
   9.5000000E-01   1.3011503E+05   3.9467075E+04   1.6955865E+05   1.7826451E-01   1.3921956E-01   1.6918057E-01
   1.0000000E+00   6.0480450E+04   1.7693314E+04   7.8167477E+04   1.8814104E-01   1.4092783E-01   1.7743498E-01
