   0.0000000E+00   2.2057923E+09   1.2543457E+09   3.3809114E+09   1.4475824E-03   1.0681732E-03   1.3078746E-03
   5.0000000E-02   1.0982773E+07   4.8732607E+06   1.5840946E+07   1.1839167E-01   1.0449694E-01   1.1410640E-01
   1.0000000E-01   5.4515343E+06   2.3069827E+06   7.7521190E+06   1.1727569E-01   1.0445538E-01   1.1345382E-01
   1.5000000E-01   3.5803708E+06   1.4596630E+06   5.0357473E+06   1.1781145E-01   1.0466665E-01   1.1400028E-01
   2.0000000E-01   2.6145019E+06   1.0471599E+06   3.6585902E+06   1.1876536E-01   1.0666292E-01   1.1531031E-01
   2.5000000E-01   2.0259151E+06   7.9737900E+05   2.8211169E+06   1.2056070E-01   1.0634353E-01   1.1655910E-01
   3.0000000E-01   1.6197411E+06   6.2352663E+05   2.2416974E+06   1.2232514E-01   1.0783626E-01   1.1830974E-01
   3.5000000E-01   1.3302261E+06   5.0180189E+05   1.8307457E+06   1.2438880E-01   1.0829533E-01   1.1999613E-01
   4.0000000E-01   1.1106548E+06   4.0994334E+05   1.5197467E+06   1.2713763E-01   1.1048709E-01   1.2265968E-01
   4.5000000E-01   9.3181329E+05   3.4104429E+05   1.2722068E+06   1.2990756E-01   1.1462016E-01   1.2581460E-01
   5.0000000E-01   7.8802705E+05   2.8271011E+05   1.0702088E+06   1.3333344E-01   1.1650761E-01   1.2889207E-01
   5.5000000E-01   6.7401829E+05   2.3689200E+05   9.1048781E+05   1.3724586E-01   1.1795400E-01   1.3223208E-01
   6.0000000E-01   5.7451221E+05   1.9896490E+05   7.7310044E+05   1.4099740E-01   1.1953726E-01   1.3547504E-01
   6.5000000E-01   4.8673989E+05   1.6762688E+05   6.5404357E+05   1.4559735E-01   1.2313601E-01   1.3985029E-01
   7.0000000E-01   4.1384832E+05   1.3886951E+05   5.5244954E+05   1.5039584E-01   1.2610115E-01   1.4429420E-01
   7.5000000E-01   3.4404206E+05   1.1549556E+05   4.5934239E+05   1.5467888E-01   1.3322996E-01   1.4929488E-01
   8.0000000E-01   2.8598154E+05   9.5051311E+04   3.8087369E+05   1.6274444E-01   1.3482397E-01   1.5578158E-01
   8.5000000E-01   2.2817951E+05   7.5439443E+04   3.0353282E+05   1.6764770E-01   1.4249033E-01   1.6139261E-01
   9.0000000E-01   1.7461773E+05   5.6814778E+04   2.3136531E+05   1.7626966E-01   1.4774748E-01   1.6926704E-01
   9.5000000E-01   1.1662204E+05   3.7309269E+04   1.5390451E+05   1.8411537E-01   1.5433641E-01   1.7689734E-01
   1.0000000E+00   5.3274858E+04   1.6838200E+04   7.0106770E+04   1.9220427E-01   1.6506943E-01   1.8570153E-01
