   0.0000000E+00   3.2750262E+09   1.6677732E+09   4.7588229E+09   1.5500211E-05   1.2035146E-05   1.4215641E-05
   5.0000000E-02   1.6342030E+05   6.9773527E+04   2.3319382E+05   1.3450534E-01   1.1092254E-01   1.2744899E-01
   1.0000000E-01   7.8749866E+04   3.1512679E+04   1.1026254E+05   1.3811934E-01   1.0893523E-01   1.2977862E-01
   1.5000000E-01   5.0908361E+04   1.9820096E+04   7.0728457E+04   1.4236201E-01   1.1757015E-01   1.3541464E-01
   2.0000000E-01   3.7226341E+04   1.4228452E+04   5.1454793E+04   1.4761970E-01   1.2680309E-01   1.4186341E-01
   2.5000000E-01   2.7069073E+04   1.0402367E+04   3.7471440E+04   1.4997089E-01   1.3190197E-01   1.4495468E-01
   3.0000000E-01   2.1284321E+04   7.8834748E+03   2.9157186E+04   1.5729781E-01   1.2424586E-01   1.4841805E-01
   3.5000000E-01   1.7388814E+04   6.7299805E+03   2.4118795E+04   1.6467778E-01   1.4106189E-01   1.5808785E-01
   4.0000000E-01   1.4944649E+04   4.9178877E+03   1.9862537E+04   1.6033979E-01   1.3607239E-01   1.5433125E-01
   4.5000000E-01   1.1926010E+04   4.1168079E+03   1.6042818E+04   1.6852436E-01   1.4273027E-01   1.6190523E-01
   5.0000000E-01   9.8676065E+03   3.4695778E+03   1.3337184E+04   1.7353015E-01   1.5698731E-01   1.6922664E-01
   5.5000000E-01   8.4844053E+03   2.7606148E+03   1.1245020E+04   1.7642228E-01   1.3617945E-01   1.6654271E-01
   6.0000000E-01   7.0877001E+03   2.2600002E+03   9.3477003E+03   1.8297174E-01   1.5941177E-01   1.7727563E-01
   6.5000000E-01   6.0429908E+03   2.0126979E+03   8.0556887E+03   1.9246548E-01   1.3661889E-01   1.7851227E-01
   7.0000000E-01   5.1066000E+03   1.5915494E+03   6.6981495E+03   1.8540688E-01   1.5939133E-01   1.7922531E-01
   7.5000000E-01   4.0658783E+03   1.1883569E+03   5.2542352E+03   1.8387372E-01   1.5929683E-01   1.7831491E-01
   8.0000000E-01   3.3780637E+03   9.6686628E+02   4.3449299E+03   2.0625901E-01   1.5752585E-01   1.9541439E-01
   8.5000000E-01   2.8498097E+03   7.9015748E+02   3.6399672E+03   2.1327629E-01   1.6852436E-01   2.0356157E-01
   9.0000000E-01   2.0584039E+03   5.7295780E+02   2.6313617E+03   2.3123762E-01   1.6826102E-01   2.1752442E-01
   9.5000000E-01   1.3838103E+03   3.4176430E+02   1.7255746E+03   2.1595481E-01   1.7050250E-01   2.0695254E-01
   1.0000000E+00   5.2815863E+02   1.3203966E+02   6.6019828E+02   2.3481597E-01   1.5997107E-01   2.1984699E-01
