   0.0000000E+00   3.0800143E+09   1.6050111E+09   4.5153281E+09   2.7186436E-04   2.0568706E-04   2.4939192E-04
   5.0000000E-02   2.6543861E+06   1.1155488E+06   3.7689800E+06   1.2983839E-01   1.1297582E-01   1.2483529E-01
   1.0000000E-01   1.2747038E+06   4.9255272E+05   1.7667472E+06   1.3384818E-01   1.1600784E-01   1.2887681E-01
   1.5000000E-01   8.1020476E+05   2.9371514E+05   1.1037501E+06   1.3762705E-01   1.1941448E-01   1.3277178E-01
   2.0000000E-01   5.7283047E+05   1.9999410E+05   7.7272908E+05   1.4078912E-01   1.1954657E-01   1.3530306E-01
   2.5000000E-01   4.3608454E+05   1.4129139E+05   5.7724861E+05   1.4272807E-01   1.2326462E-01   1.3798396E-01
   3.0000000E-01   3.3759947E+05   1.0459663E+05   4.4212182E+05   1.4557488E-01   1.2563783E-01   1.4085527E-01
   3.5000000E-01   2.7001773E+05   8.2578679E+04   3.5253275E+05   1.4970520E-01   1.2334005E-01   1.4354073E-01
   4.0000000E-01   2.2179037E+05   6.4362259E+04   2.8611284E+05   1.5181754E-01   1.2409808E-01   1.4557486E-01
   4.5000000E-01   1.7927920E+05   5.0667860E+04   2.2993291E+05   1.5351205E-01   1.2264078E-01   1.4671855E-01
   5.0000000E-01   1.4734565E+05   3.9820567E+04   1.8714075E+05   1.5449870E-01   1.2508955E-01   1.4825225E-01
   5.5000000E-01   1.2240462E+05   3.1530041E+04   1.5392309E+05   1.5928645E-01   1.2379955E-01   1.5201301E-01
   6.0000000E-01   1.0175837E+05   2.4822866E+04   1.2657593E+05   1.6019866E-01   1.3003799E-01   1.5427823E-01
   6.5000000E-01   8.4528415E+04   1.9852743E+04   1.0436647E+05   1.6429330E-01   1.2598771E-01   1.5700241E-01
   7.0000000E-01   6.8363869E+04   1.5938231E+04   8.4288458E+04   1.6576582E-01   1.2779573E-01   1.5858972E-01
   7.5000000E-01   5.5920681E+04   1.2626292E+04   6.8538485E+04   1.6784073E-01   1.2732895E-01   1.6037692E-01
   8.0000000E-01   4.4575321E+04   9.8198600E+03   5.4395181E+04   1.7212229E-01   1.2376786E-01   1.6339243E-01
   8.5000000E-01   3.4650840E+04   7.3623204E+03   4.2013160E+04   1.7258346E-01   1.2281993E-01   1.6386227E-01
   9.0000000E-01   2.5344540E+04   5.1743040E+03   3.0515308E+04   1.7862977E-01   1.3393742E-01   1.7106896E-01
   9.5000000E-01   1.6485101E+04   3.1830989E+03   1.9668200E+04   1.7379977E-01   1.2213077E-01   1.6543686E-01
   1.0000000E+00   6.7465977E+03   1.4775866E+03   8.2241843E+03   1.8799164E-01   1.1762897E-01   1.7534292E-01
