   0.0000000E+00   3.2802318E+09   1.6705723E+09   4.7663778E+09   9.7275893E-06   8.6311243E-06   9.2980419E-06
   5.0000000E-02   1.0179550E+05   4.3735778E+04   1.4553128E+05   1.2866963E-01   1.1541987E-01   1.2468773E-01
   1.0000000E-01   4.9051553E+04   2.0626481E+04   6.9678034E+04   1.3706955E-01   1.2536206E-01   1.3360384E-01
   1.5000000E-01   3.2128078E+04   1.1862348E+04   4.3990426E+04   1.3524834E-01   1.1375559E-01   1.2945258E-01
   2.0000000E-01   2.1708734E+04   7.2097189E+03   2.8918453E+04   1.4306391E-01   1.2438338E-01   1.3840662E-01
   2.5000000E-01   1.6972283E+04   6.0478878E+03   2.3020171E+04   1.5093261E-01   1.2773695E-01   1.4483860E-01
   3.0000000E-01   1.2838499E+04   4.1698595E+03   1.7008358E+04   1.5296908E-01   1.2255874E-01   1.4551350E-01
   3.5000000E-01   1.0949860E+04   3.4377468E+03   1.4387607E+04   1.6390977E-01   1.3653736E-01   1.5736944E-01
   4.0000000E-01   8.4829585E+03   2.6419721E+03   1.1124931E+04   1.6168613E-01   1.3687017E-01   1.5579242E-01
   4.5000000E-01   6.9108613E+03   1.7117998E+03   8.6226611E+03   1.6853363E-01   1.4732527E-01   1.6432247E-01
   5.0000000E-01   5.6659160E+03   1.7125072E+03   7.3784232E+03   1.6074425E-01   1.4087257E-01   1.5602952E-01
   5.5000000E-01   4.7341361E+03   1.3484764E+03   6.0826126E+03   1.6527084E-01   1.4017567E-01   1.5970698E-01
   6.0000000E-01   4.0743665E+03   1.1034743E+03   5.1778408E+03   1.6661117E-01   1.4030691E-01   1.6100532E-01
   6.5000000E-01   3.3985702E+03   8.1781155E+02   4.2163817E+03   1.9043804E-01   1.3632963E-01   1.7994306E-01
   7.0000000E-01   2.6556139E+03   6.0478878E+02   3.2604027E+03   1.8340080E-01   1.6264903E-01   1.7955145E-01
   7.5000000E-01   2.2196809E+03   6.0691085E+02   2.8265918E+03   1.7670799E-01   1.3139142E-01   1.6697783E-01
   8.0000000E-01   1.7865142E+03   4.0982398E+02   2.1963382E+03   1.9244944E-01   1.4445521E-01   1.8349400E-01
   8.5000000E-01   1.5241426E+03   3.0707542E+02   1.8312181E+03   2.0212014E-01   1.2195509E-01   1.8867697E-01
   9.0000000E-01   1.0504226E+03   2.0866981E+02   1.2590924E+03   1.7707472E-01   1.8346561E-01   1.7813388E-01
   9.5000000E-01   6.5002229E+02   1.2732395E+02   7.7734625E+02   2.0408008E-01   1.2994602E-01   1.9193744E-01
   1.0000000E+00   3.0809253E+02   6.2876027E+01   3.7096856E+02   2.5735712E-01   1.6864803E-01   2.4232168E-01
