   0.0000000E+00   2.9551498E+09   1.5560490E+09   4.3710288E+09   3.9688131E-04   2.9015471E-04   3.5983495E-04
   5.0000000E-02   3.7740730E+06   1.6172052E+06   5.3889864E+06   1.2845679E-01   1.1377146E-01   1.2403348E-01
   1.0000000E-01   1.8143664E+06   7.3892457E+05   2.5524633E+06   1.3158285E-01   1.1530630E-01   1.2686045E-01
   1.5000000E-01   1.1689612E+06   4.5586220E+05   1.6242505E+06   1.3459327E-01   1.1829158E-01   1.3003183E-01
   2.0000000E-01   8.4232754E+05   3.2300496E+05   1.1650778E+06   1.3687354E-01   1.2197819E-01   1.3274866E-01
   2.5000000E-01   6.3777842E+05   2.3762470E+05   8.7509754E+05   1.4176101E-01   1.2449394E-01   1.3705858E-01
   3.0000000E-01   5.0638859E+05   1.7916602E+05   6.8534241E+05   1.4427757E-01   1.2334884E-01   1.3879152E-01
   3.5000000E-01   4.1010136E+05   1.4172975E+05   5.5166741E+05   1.4694777E-01   1.2521047E-01   1.4135251E-01
   4.0000000E-01   3.3703447E+05   1.1379578E+05   4.5075863E+05   1.5075331E-01   1.2867495E-01   1.4518630E-01
   4.5000000E-01   2.7934876E+05   9.0711244E+04   3.6998926E+05   1.5435276E-01   1.3077642E-01   1.4855826E-01
   5.0000000E-01   2.3626870E+05   7.4395387E+04   3.1063225E+05   1.5972143E-01   1.3345322E-01   1.5344361E-01
   5.5000000E-01   1.9888002E+05   6.1358571E+04   2.6020386E+05   1.6307883E-01   1.3470504E-01   1.5637698E-01
   6.0000000E-01   1.6759016E+05   4.9125826E+04   2.1668946E+05   1.6787766E-01   1.3461987E-01   1.6035408E-01
   6.5000000E-01   1.4084968E+05   4.0851401E+04   1.8166190E+05   1.6944602E-01   1.4001215E-01   1.6282328E-01
   7.0000000E-01   1.1842492E+05   3.3117870E+04   1.5152005E+05   1.7668550E-01   1.4037341E-01   1.6875670E-01
   7.5000000E-01   9.7852703E+04   2.7349185E+04   1.2518916E+05   1.7886806E-01   1.4569293E-01   1.7158901E-01
   8.0000000E-01   7.8650394E+04   2.2635812E+04   1.0127825E+05   1.8345624E-01   1.4403327E-01   1.7465956E-01
   8.5000000E-01   6.1504960E+04   1.6904127E+04   7.8397853E+04   1.8920238E-01   1.4934517E-01   1.8059959E-01
   9.0000000E-01   4.6490927E+04   1.2304445E+04   5.8795373E+04   1.9733424E-01   1.5041107E-01   1.8751432E-01
   9.5000000E-01   3.0118816E+04   8.1286293E+03   3.8247446E+04   2.0478004E-01   1.5400236E-01   1.9398839E-01
   1.0000000E+00   1.3235404E+04   3.1752394E+03   1.6410643E+04   2.0674225E-01   1.5530395E-01   1.9678930E-01
