   0.0000000E+00   2.9531997E+09   1.5491755E+09   4.3537566E+09   3.9734071E-04   2.9732478E-04   3.6383889E-04
   5.0000000E-02   3.7473986E+06   1.6031359E+06   5.3476697E+06   1.2792233E-01   1.1177639E-01   1.2307829E-01
   1.0000000E-01   1.8216556E+06   7.5051105E+05   2.5713391E+06   1.3141976E-01   1.1432256E-01   1.2642910E-01
   1.5000000E-01   1.1748606E+06   4.6833995E+05   1.6426063E+06   1.3509580E-01   1.1869886E-01   1.3042812E-01
   2.0000000E-01   8.4052909E+05   3.2141341E+05   1.1615605E+06   1.3816903E-01   1.1974967E-01   1.3306302E-01
   2.5000000E-01   6.5034529E+05   2.4346887E+05   8.9344492E+05   1.4264716E-01   1.2122045E-01   1.3679363E-01
   3.0000000E-01   5.1481319E+05   1.8852434E+05   7.0322081E+05   1.4323419E-01   1.2447397E-01   1.3820444E-01
   3.5000000E-01   4.1998716E+05   1.4901450E+05   5.6889252E+05   1.4867102E-01   1.2793321E-01   1.4324742E-01
   4.0000000E-01   3.4540602E+05   1.2028135E+05   4.6561574E+05   1.4979586E-01   1.2962505E-01   1.4458603E-01
   4.5000000E-01   2.8974688E+05   9.8789242E+04   3.8846539E+05   1.5579675E-01   1.3436152E-01   1.5035877E-01
   5.0000000E-01   2.4384447E+05   8.1028965E+04   3.2480977E+05   1.6058214E-01   1.3513968E-01   1.5424138E-01
   5.5000000E-01   2.0551822E+05   6.6439954E+04   2.7191188E+05   1.6504781E-01   1.3639217E-01   1.5804175E-01
   6.0000000E-01   1.7508635E+05   5.5274512E+04   2.3033964E+05   1.6823505E-01   1.3786914E-01   1.6096610E-01
   6.5000000E-01   1.4589856E+05   4.6159831E+04   1.9202901E+05   1.7485642E-01   1.4218010E-01   1.6699666E-01
   7.0000000E-01   1.2465015E+05   3.7701532E+04   1.6232895E+05   1.7894549E-01   1.4553623E-01   1.7117547E-01
   7.5000000E-01   1.0286927E+05   3.0680829E+04   1.3353312E+05   1.8616339E-01   1.5034374E-01   1.7793066E-01
   8.0000000E-01   8.3162437E+04   2.4617291E+04   1.0776779E+05   1.9157587E-01   1.5321254E-01   1.8279773E-01
   8.5000000E-01   6.6725242E+04   1.9409413E+04   8.6127166E+04   1.9592807E-01   1.5904702E-01   1.8763353E-01
   9.0000000E-01   5.0098439E+04   1.4186011E+04   6.4284450E+04   2.0405749E-01   1.5841204E-01   1.9400467E-01
   9.5000000E-01   3.2578179E+04   8.8791705E+03   4.1453999E+04   2.1277923E-01   1.6929198E-01   2.0348093E-01
   1.0000000E+00   1.4700415E+04   4.0366409E+03   1.8737056E+04   2.1767239E-01   1.5203387E-01   2.0353086E-01
