   0.0000000E+00   3.2769295E+09   1.6691498E+09   4.7700056E+09   9.8606040E-06   7.6660626E-06   9.0391813E-06
   5.0000000E-02   1.0052226E+05   3.9534088E+04   1.4005635E+05   1.3131813E-01   1.1521332E-01   1.2677218E-01
   1.0000000E-01   4.7205356E+04   1.9034931E+04   6.6240287E+04   1.3690344E-01   1.2334478E-01   1.3300720E-01
   1.5000000E-01   3.0048453E+04   1.2116996E+04   4.2165450E+04   1.4511224E-01   1.2281667E-01   1.3870521E-01
   2.0000000E-01   2.1836058E+04   8.9285923E+03   3.0764650E+04   1.4040026E-01   1.3434752E-01   1.3864360E-01
   2.5000000E-01   1.6462987E+04   6.5571837E+03   2.3020171E+04   1.4303501E-01   1.2954140E-01   1.3919142E-01
   3.0000000E-01   1.2743006E+04   5.2627235E+03   1.8005729E+04   1.6014248E-01   1.3842367E-01   1.5379449E-01
   3.5000000E-01   1.1304548E+04   4.0743665E+03   1.5378915E+04   1.5753935E-01   1.4487722E-01   1.5418457E-01
   4.0000000E-01   9.1116205E+03   2.9682397E+03   1.2079860E+04   1.7071677E-01   1.3716364E-01   1.6247214E-01
   4.5000000E-01   6.8118316E+03   2.5535526E+03   9.3653842E+03   1.5811120E-01   1.4421214E-01   1.5432146E-01
   5.0000000E-01   5.9842259E+03   2.0881129E+03   8.0723387E+03   1.7116510E-01   1.4276585E-01   1.6381805E-01
   5.5000000E-01   5.1971323E+03   1.9040719E+03   7.1012042E+03   1.7086984E-01   1.4367285E-01   1.6357741E-01
   6.0000000E-01   4.3608454E+03   1.2626292E+03   5.6234747E+03   1.8957481E-01   1.4566519E-01   1.7971584E-01
   6.5000000E-01   3.8148216E+03   1.1312244E+03   4.9460459E+03   1.7946904E-01   1.4878662E-01   1.7245158E-01
   7.0000000E-01   2.8920727E+03   1.0549699E+03   3.9470426E+03   1.8409054E-01   1.4933102E-01   1.7479998E-01
   7.5000000E-01   2.6398500E+03   8.6155876E+02   3.5014087E+03   1.9047011E-01   1.8447038E-01   1.8899350E-01
   8.0000000E-01   2.1963382E+03   6.4855639E+02   2.8448946E+03   2.1298568E-01   1.5845062E-01   2.0055321E-01
   8.5000000E-01   1.7975147E+03   4.9431653E+02   2.2918312E+03   2.2224115E-01   1.5700612E-01   2.0817070E-01
   9.0000000E-01   1.2944602E+03   4.0672930E+02   1.7011895E+03   2.2849498E-01   2.0878875E-01   2.2378351E-01
   9.5000000E-01   8.1755381E+02   2.3789476E+02   1.0554486E+03   2.2032067E-01   1.9744989E-01   2.1516567E-01
   1.0000000E+00   3.9611897E+02   7.5451232E+01   4.7157020E+02   1.8855025E-01   1.0528556E-01   1.7522790E-01
