   0.0000000E+00   3.2879583E+09   1.6723604E+09   4.7838951E+09   4.2558441E-06   2.7970751E-06   3.8330560E-06
   5.0000000E-02   4.4436060E+04   1.8652959E+04   6.3089019E+04   1.3975219E-01   1.1007500E-01   1.3097780E-01
   1.0000000E-01   2.1135776E+04   8.0214091E+03   2.9157186E+04   1.4633215E-01   1.1301760E-01   1.3716701E-01
   1.5000000E-01   1.3899532E+04   4.4351177E+03   1.8334649E+04   1.4218542E-01   1.2539547E-01   1.3812396E-01
   2.0000000E-01   9.0081698E+03   3.4377468E+03   1.2445917E+04   1.4191825E-01   1.3519527E-01   1.4006125E-01
   2.5000000E-01   7.4484513E+03   2.3809579E+03   9.8294093E+03   1.3816833E-01   1.1473439E-01   1.3249182E-01
   3.0000000E-01   5.3369958E+03   1.7082631E+03   7.0452588E+03   1.5555957E-01   1.1594782E-01   1.4595491E-01
   3.5000000E-01   4.3381090E+03   1.3369015E+03   5.6750105E+03   1.5387059E-01   1.3722346E-01   1.4994891E-01
   4.0000000E-01   3.7640144E+03   9.9471839E+02   4.7587328E+03   1.6279663E-01   1.3115074E-01   1.5618169E-01
   4.5000000E-01   2.9143038E+03   7.9931149E+02   3.7136153E+03   1.5798008E-01   1.1728087E-01   1.4922006E-01
   5.0000000E-01   2.4064227E+03   5.7295780E+02   2.9793805E+03   1.5866591E-01   1.1272207E-01   1.4983056E-01
   5.5000000E-01   1.8693471E+03   4.5142129E+02   2.3207684E+03   1.6296460E-01   1.4709882E-01   1.5987849E-01
   6.0000000E-01   1.5331926E+03   3.5014087E+02   1.8833335E+03   1.6038874E-01   1.4629675E-01   1.5776882E-01
   6.5000000E-01   1.2046805E+03   3.7707479E+02   1.5817553E+03   1.6590512E-01   1.2467360E-01   1.5607593E-01
   7.0000000E-01   1.0413281E+03   2.3645877E+02   1.2777868E+03   1.8253931E-01   1.3473953E-01   1.7369380E-01
   7.5000000E-01   8.2336157E+02   1.9098593E+02   1.0143475E+03   1.6711413E-01   1.3872516E-01   1.6176893E-01
   8.0000000E-01   6.6447189E+02   1.3130283E+02   7.9577472E+02   1.7246093E-01   1.2300526E-01   1.6430074E-01
   8.5000000E-01   5.3176475E+02   1.1234467E+02   6.4410942E+02   1.8417126E-01   1.4949292E-01   1.7812271E-01
   9.0000000E-01   3.7136153E+02   7.0735530E+01   4.4209706E+02   1.5663937E-01   1.9320564E-01   1.6248997E-01
   9.5000000E-01   2.4124539E+02   6.0311347E+01   3.0155673E+02   1.8449680E-01   1.0988004E-01   1.6957345E-01
   1.0000000E+00   7.5451232E+01   1.8862808E+01   9.4314040E+01   6.9842142E-02   3.5256119E-05   5.5866662E-02
