   0.0000000E+00   3.2861320E+09   1.6726899E+09   4.7605551E+09   2.0756748E-06   2.4290049E-06   2.1894595E-06
   5.0000000E-02   2.4255213E+04   1.1777466E+04   3.6032679E+04   1.2188057E-01   1.2601051E-01   1.2323046E-01
   1.0000000E-01   1.2923381E+04   5.6977470E+03   1.8621128E+04   1.4013485E-01   1.2299102E-01   1.3488913E-01
   1.5000000E-01   8.6368082E+03   3.0982162E+03   1.1735024E+04   1.4541130E-01   1.1896943E-01   1.3843026E-01
   2.0000000E-01   6.1911273E+03   2.0530988E+03   8.2442261E+03   1.4372775E-01   1.2273470E-01   1.3849975E-01
   2.5000000E-01   4.0870989E+03   1.5151551E+03   5.6022540E+03   1.4296035E-01   1.1734866E-01   1.3603355E-01
   3.0000000E-01   3.6923947E+03   1.1989672E+03   4.8913619E+03   1.5393525E-01   1.2334896E-01   1.4643796E-01
   3.5000000E-01   2.9375455E+03   8.9126768E+02   3.8288132E+03   1.6388287E-01   1.2150384E-01   1.5401792E-01
   4.0000000E-01   2.4907749E+03   8.6739444E+02   3.3581693E+03   1.5166377E-01   1.5017879E-01   1.5128021E-01
   4.5000000E-01   2.0301097E+03   6.9320820E+02   2.7233179E+03   1.6258978E-01   1.3376287E-01   1.5525202E-01
   5.0000000E-01   1.7698030E+03   4.9019722E+02   2.2600002E+03   1.6755084E-01   1.7801581E-01   1.6982071E-01
   5.5000000E-01   1.4468631E+03   5.1508327E+02   1.9619464E+03   1.6169797E-01   1.6275084E-01   1.6197438E-01
   6.0000000E-01   1.1883569E+03   4.7215966E+02   1.6605166E+03   1.7186244E-01   1.6058400E-01   1.6865547E-01
   6.5000000E-01   9.3534136E+02   3.4769234E+02   1.2830337E+03   1.6992462E-01   1.2169574E-01   1.5685491E-01
   7.0000000E-01   9.7311879E+02   1.8189136E+02   1.1550102E+03   2.0258891E-01   1.7413269E-01   1.9810761E-01
   7.5000000E-01   8.4033810E+02   2.5464791E+02   1.0949860E+03   2.0706595E-01   1.3459715E-01   1.9021274E-01
   8.0000000E-01   5.9683104E+02   1.4721832E+02   7.4404936E+02   1.9654040E-01   1.7858693E-01   1.9298811E-01
   8.5000000E-01   5.5797851E+02   1.3106878E+02   6.8904728E+02   1.9096106E-01   2.1599017E-01   1.9572203E-01
   9.0000000E-01   3.3953055E+02   9.5492966E+01   4.3502351E+02   2.3322345E-01   2.0015100E-01   2.2596365E-01
   9.5000000E-01   2.5799854E+02   6.0311347E+01   3.1830989E+02   2.2070931E-01   1.1515402E-01   2.0070936E-01
   1.0000000E+00   1.5090246E+02   6.2876027E+00   1.5719007E+02   2.1129429E-01   1.1913515E-03   2.0279487E-01
