   0.0000000E+00   3.2841681E+09   1.6727465E+09   4.7643722E+09   2.7608461E-06   2.6079966E-06   2.8315494E-06
   5.0000000E-02   2.7374650E+04   1.3114367E+04   4.0489018E+04   1.2264140E-01   1.1506169E-01   1.2018634E-01
   1.0000000E-01   1.4323945E+04   4.9656342E+03   1.9289579E+04   1.3769748E-01   1.2351667E-01   1.3404698E-01
   1.5000000E-01   8.3821603E+03   3.9470426E+03   1.2329203E+04   1.4138453E-01   1.4252069E-01   1.4174826E-01
   2.0000000E-01   5.8728174E+03   2.3873241E+03   8.2601415E+03   1.5245009E-01   1.1639832E-01   1.4203050E-01
   2.5000000E-01   4.6473243E+03   1.8461973E+03   6.4935217E+03   1.5554658E-01   1.3497459E-01   1.4969768E-01
   3.0000000E-01   3.3316435E+03   1.0079813E+03   4.3396248E+03   1.4201565E-01   1.0048919E-01   1.3237014E-01
   3.5000000E-01   2.9557347E+03   9.6402423E+02   3.9197589E+03   1.7624640E-01   1.4855939E-01   1.6943706E-01
   4.0000000E-01   2.4111974E+03   8.8330993E+02   3.2945073E+03   1.6224399E-01   1.4374174E-01   1.5727839E-01
   4.5000000E-01   1.9805948E+03   6.5784043E+02   2.6384353E+03   1.7772924E-01   1.1674988E-01   1.6252527E-01
   5.0000000E-01   1.6170142E+03   5.4749300E+02   2.1645072E+03   1.6896878E-01   1.2269080E-01   1.5726317E-01
   5.5000000E-01   1.4873753E+03   4.0512167E+02   1.8924970E+03   1.9002248E-01   1.6062983E-01   1.8373047E-01
   6.0000000E-01   1.2467137E+03   3.7136153E+02   1.6180753E+03   1.9146221E-01   1.4173030E-01   1.8004833E-01
   6.5000000E-01   9.7941503E+02   3.1341281E+02   1.2928278E+03   1.9166017E-01   1.7653985E-01   1.8799463E-01
   7.0000000E-01   7.5484916E+02   2.4100606E+02   9.9585522E+02   1.8569723E-01   1.7209305E-01   1.8240490E-01
   7.5000000E-01   6.1539911E+02   1.9523006E+02   8.1062918E+02   2.1006480E-01   1.3632374E-01   1.9230517E-01
   8.0000000E-01   5.1725357E+02   1.4323945E+02   6.6049301E+02   1.7288029E-01   1.2627950E-01   1.6277409E-01
   8.5000000E-01   5.0180617E+02   1.3855842E+02   6.4036459E+02   1.8973165E-01   1.9958364E-01   1.9186337E-01
   9.0000000E-01   3.2538344E+02   9.1956189E+01   4.1733963E+02   2.2376434E-01   1.4631434E-01   2.0669908E-01
   9.5000000E-01   2.1779097E+02   6.7012608E+01   2.8480358E+02   2.2070901E-01   1.8553380E-01   2.1243249E-01
   1.0000000E+00   8.1738835E+01   3.7725616E+01   1.1946445E+02   1.9509062E-01   2.8229987E-01   2.2263038E-01
