   0.0000000E+00   3.2716017E+09   1.6667989E+09   4.7634754E+09   1.7788036E-05   1.5441163E-05   1.7052899E-05
   5.0000000E-02   1.7156903E+05   7.1747048E+04   2.4325242E+05   1.3323974E-01   1.1831620E-01   1.2887292E-01
   1.0000000E-01   8.1741979E+04   3.3327045E+04   1.1506902E+05   1.3390301E-01   1.1588440E-01   1.2868422E-01
   1.5000000E-01   5.3497282E+04   1.9013711E+04   7.2510992E+04   1.4404377E-01   1.1581589E-01   1.3664179E-01
   2.0000000E-01   3.7465074E+04   1.3719156E+04   5.1184230E+04   1.4196702E-01   1.2793305E-01   1.3820543E-01
   2.5000000E-01   2.9004397E+04   9.4092402E+03   3.8413637E+04   1.4725706E-01   1.2647760E-01   1.4216707E-01
   3.0000000E-01   2.2865260E+04   7.2150241E+03   3.0080284E+04   1.6050099E-01   1.3259802E-01   1.5380821E-01
   3.5000000E-01   1.8343744E+04   5.7204834E+03   2.4064227E+04   1.5631682E-01   1.4267241E-01   1.5307330E-01
   4.0000000E-01   1.4888945E+04   4.9178877E+03   1.9806833E+04   1.6406313E-01   1.3301721E-01   1.5635462E-01
   4.5000000E-01   1.2399938E+04   3.6499534E+03   1.6049892E+04   1.6437623E-01   1.3729140E-01   1.5821678E-01
   5.0000000E-01   9.9630994E+03   2.7374650E+03   1.2700564E+04   1.7286319E-01   1.3326962E-01   1.6432923E-01
   5.5000000E-01   8.3628688E+03   2.6564407E+03   1.1019310E+04   1.7798365E-01   1.4529179E-01   1.7010214E-01
   6.0000000E-01   7.2415499E+03   2.0318781E+03   9.2734280E+03   1.7449117E-01   1.3326714E-01   1.6545863E-01
   6.5000000E-01   6.0870644E+03   1.5131962E+03   7.6002607E+03   1.8282533E-01   1.4330146E-01   1.7495613E-01
   7.0000000E-01   5.0975055E+03   1.3960162E+03   6.4935217E+03   1.8880124E-01   1.2986042E-01   1.7612956E-01
   7.5000000E-01   4.0658783E+03   1.0270799E+03   5.0929582E+03   1.8194325E-01   1.3347654E-01   1.7216895E-01
   8.0000000E-01   3.4377468E+03   8.4750007E+02   4.2852468E+03   1.9708772E-01   1.4863741E-01   1.8750562E-01
   8.5000000E-01   2.7112513E+03   5.8793708E+02   3.2991883E+03   1.9971135E-01   1.8196793E-01   1.9654929E-01
   9.0000000E-01   1.9310800E+03   4.5978095E+02   2.3908609E+03   1.9996796E-01   1.4971635E-01   1.9030419E-01
   9.5000000E-01   1.3134471E+03   3.1160863E+02   1.6250557E+03   2.0427745E-01   1.8079084E-01   1.9977378E-01
   1.0000000E+00   4.7785780E+02   1.1946445E+02   5.9732226E+02   2.3754930E-01   6.6440267E-02   2.0332687E-01
