   0.0000000E+00   2.7958818E+09   1.5146906E+09   4.1757602E+09   6.7018062E-04   4.7430007E-04   6.0129211E-04
   5.0000000E-02   6.0123008E+06   2.4715489E+06   8.4796480E+06   1.2623107E-01   1.0723978E-01   1.2068665E-01
   1.0000000E-01   2.9148910E+06   1.1301911E+06   4.0433950E+06   1.2803479E-01   1.1105883E-01   1.2329711E-01
   1.5000000E-01   1.8683305E+06   6.8041921E+05   2.5475826E+06   1.3080211E-01   1.0992890E-01   1.2524559E-01
   2.0000000E-01   1.3240418E+06   4.5585159E+05   1.7791772E+06   1.3266068E-01   1.1317059E-01   1.2766644E-01
   2.5000000E-01   9.9996414E+05   3.3356330E+05   1.3329799E+06   1.3524276E-01   1.1399189E-01   1.2992520E-01
   3.0000000E-01   7.8408213E+05   2.4909871E+05   1.0328944E+06   1.3639114E-01   1.1681193E-01   1.3168156E-01
   3.5000000E-01   6.3261816E+05   1.9148613E+05   8.2382236E+05   1.3859176E-01   1.1349156E-01   1.3278514E-01
   4.0000000E-01   5.0783955E+05   1.4868255E+05   6.5627541E+05   1.4103765E-01   1.1703754E-01   1.3560739E-01
   4.5000000E-01   4.1874727E+05   1.1885691E+05   5.3743441E+05   1.4145900E-01   1.1379174E-01   1.3536089E-01
   5.0000000E-01   3.4524527E+05   9.3373022E+04   4.3851007E+05   1.4531191E-01   1.1253933E-01   1.3833517E-01
   5.5000000E-01   2.8548346E+05   7.4577113E+04   3.5997376E+05   1.4591924E-01   1.1484665E-01   1.3949822E-01
   6.0000000E-01   2.3653077E+05   5.9152587E+04   2.9559848E+05   1.4826135E-01   1.1678392E-01   1.4198377E-01
   6.5000000E-01   1.9594177E+05   4.8001131E+04   2.4387924E+05   1.4977380E-01   1.1668385E-01   1.4328546E-01
   7.0000000E-01   1.6148770E+05   3.8424551E+04   1.9988042E+05   1.5281571E-01   1.1710737E-01   1.4596911E-01
   7.5000000E-01   1.3098240E+05   2.9517937E+04   1.6047911E+05   1.5716625E-01   1.1657139E-01   1.4970378E-01
   8.0000000E-01   1.0338307E+05   2.3355988E+04   1.2671519E+05   1.5663340E-01   1.1630516E-01   1.4919860E-01
   8.5000000E-01   8.0101747E+04   1.7754202E+04   9.7852204E+04   1.6346257E-01   1.2261237E-01   1.5605607E-01
   9.0000000E-01   5.8179974E+04   1.2488358E+04   7.0668332E+04   1.6659488E-01   1.2458674E-01   1.5917039E-01
   9.5000000E-01   3.6856934E+04   7.6193335E+03   4.4472917E+04   1.7369833E-01   1.2346096E-01   1.6507524E-01
   1.0000000E+00   1.6071112E+04   3.3009914E+03   1.9372104E+04   1.8093602E-01   1.2217650E-01   1.7091152E-01
