   0.0000000E+00   2.7996781E+09   1.4940605E+09   4.1646550E+09   5.9547443E-04   4.4550932E-04   5.4361273E-04
   5.0000000E-02   5.4205627E+06   2.3702627E+06   7.7873877E+06   1.2730180E-01   1.1335428E-01   1.2304964E-01
   1.0000000E-01   2.6325819E+06   1.1007474E+06   3.7318014E+06   1.2787899E-01   1.1475911E-01   1.2400252E-01
   1.5000000E-01   1.7123586E+06   6.9024438E+05   2.4014995E+06   1.3155185E-01   1.1871963E-01   1.2788491E-01
   2.0000000E-01   1.2330370E+06   4.7542765E+05   1.7077325E+06   1.3253502E-01   1.1842898E-01   1.2861778E-01
   2.5000000E-01   9.3999456E+05   3.5673626E+05   1.2960815E+06   1.3802449E-01   1.2330320E-01   1.3396906E-01
   3.0000000E-01   7.4757199E+05   2.7390566E+05   1.0210851E+06   1.3998483E-01   1.2492601E-01   1.3593854E-01
   3.5000000E-01   6.0823563E+05   2.1928823E+05   8.2724192E+05   1.4339502E-01   1.2461418E-01   1.3843391E-01
   4.0000000E-01   5.0311265E+05   1.7379720E+05   6.7674273E+05   1.4726600E-01   1.3035824E-01   1.4293136E-01
   4.5000000E-01   4.1671008E+05   1.4196621E+05   5.5847116E+05   1.5176687E-01   1.3079419E-01   1.4644136E-01
   5.0000000E-01   3.5046555E+05   1.1823302E+05   4.6859035E+05   1.5437695E-01   1.3180552E-01   1.4869738E-01
   5.5000000E-01   2.9373058E+05   9.7344951E+04   3.9098293E+05   1.5927306E-01   1.3370988E-01   1.5290924E-01
   6.0000000E-01   2.5015443E+05   7.9397096E+04   3.2946134E+05   1.6234730E-01   1.3613780E-01   1.5605404E-01
   6.5000000E-01   2.0949198E+05   6.4802996E+04   2.7419703E+05   1.6809917E-01   1.3928456E-01   1.6128810E-01
   7.0000000E-01   1.7753961E+05   5.4899361E+04   2.3239805E+05   1.7118828E-01   1.4782715E-01   1.6568726E-01
   7.5000000E-01   1.4526390E+05   4.4321469E+04   1.8955566E+05   1.7756290E-01   1.4479714E-01   1.6989950E-01
   8.0000000E-01   1.2044846E+05   3.5300566E+04   1.5574107E+05   1.8302921E-01   1.4794430E-01   1.7506810E-01
   8.5000000E-01   9.4994905E+04   2.8206001E+04   1.2317844E+05   1.8735492E-01   1.5747326E-01   1.8052069E-01
   9.0000000E-01   7.1701070E+04   2.0732584E+04   9.2423044E+04   1.9511360E-01   1.5847292E-01   1.8691273E-01
   9.5000000E-01   4.6118077E+04   1.3007147E+04   5.9115172E+04   1.9913613E-01   1.6930283E-01   1.9260561E-01
   1.0000000E+00   2.0598186E+04   5.4765019E+03   2.6074688E+04   2.0543818E-01   1.6900838E-01   1.9778609E-01
