   0.0000000E+00   3.2699384E+09   1.6656520E+09   4.7456775E+09   2.3966063E-05   2.0222273E-05   2.2798166E-05
   5.0000000E-02   2.5012791E+05   1.0905297E+05   3.5924454E+05   1.3241227E-01   1.1783289E-01   1.2796305E-01
   1.0000000E-01   1.2092593E+05   5.1820849E+04   1.7274678E+05   1.3576456E-01   1.1851422E-01   1.3058973E-01
   1.5000000E-01   7.7922260E+04   3.2425167E+04   1.1034743E+05   1.3673150E-01   1.2720130E-01   1.3393095E-01
   2.0000000E-01   5.6054371E+04   2.2727326E+04   7.8765781E+04   1.4407224E-01   1.3225355E-01   1.4062227E-01
   2.5000000E-01   4.2106032E+04   1.7507044E+04   5.9613075E+04   1.5050802E-01   1.2614146E-01   1.4335174E-01
   3.0000000E-01   3.4292585E+04   1.3369015E+04   4.7661600E+04   1.5155771E-01   1.3230002E-01   1.4615578E-01
   3.5000000E-01   2.7829379E+04   9.9858359E+03   3.7815214E+04   1.5562318E-01   1.3179388E-01   1.4933059E-01
   4.0000000E-01   2.2838734E+04   8.9683810E+03   3.1799158E+04   1.6313509E-01   1.4217696E-01   1.5719559E-01
   4.5000000E-01   1.9841316E+04   6.9886704E+03   2.6829987E+04   1.6890249E-01   1.4187835E-01   1.6186298E-01
   5.0000000E-01   1.5940959E+04   5.8314371E+03   2.1772396E+04   1.7256531E-01   1.4899080E-01   1.6625119E-01
   5.5000000E-01   1.3785712E+04   5.2376445E+03   1.9023356E+04   1.7730517E-01   1.5049202E-01   1.6992272E-01
   6.0000000E-01   1.1522818E+04   4.2547421E+03   1.5777560E+04   1.8751503E-01   1.6263678E-01   1.8080598E-01
   6.5000000E-01   9.6276498E+03   3.5552766E+03   1.3182926E+04   1.9368422E-01   1.6261345E-01   1.8530479E-01
   7.0000000E-01   8.2624152E+03   2.8056743E+03   1.1068089E+04   2.0241363E-01   1.7077539E-01   1.9439358E-01
   7.5000000E-01   7.0579912E+03   2.3639814E+03   9.4219726E+03   1.9915533E-01   1.8708849E-01   1.9612746E-01
   8.0000000E-01   5.6420427E+03   1.8740495E+03   7.5160922E+03   2.1234106E-01   1.7431028E-01   2.0285852E-01
   8.5000000E-01   4.6360899E+03   1.4717151E+03   6.1078050E+03   2.2602514E-01   1.7577847E-01   2.1391763E-01
   9.0000000E-01   3.4306732E+03   1.2343350E+03   4.6650082E+03   2.2138242E-01   2.0613855E-01   2.1734889E-01
   9.5000000E-01   2.3219869E+03   7.2373616E+02   3.0457230E+03   2.3121505E-01   2.1077627E-01   2.2635811E-01
   1.0000000E+00   9.7457842E+02   2.8922972E+02   1.2638081E+03   2.5896584E-01   2.2082826E-01   2.5023784E-01
