   0.0000000E+00   3.1996097E+09   1.6424179E+09   4.6650977E+09   1.0704587E-04   8.1647346E-05   9.9071314E-05
   5.0000000E-02   1.0717494E+06   4.3544792E+05   1.5070700E+06   1.3076168E-01   1.1359948E-01   1.2580371E-01
   1.0000000E-01   5.0967779E+05   2.0142650E+05   7.1097696E+05   1.3555460E-01   1.1782154E-01   1.3052905E-01
   1.5000000E-01   3.3089374E+05   1.2100020E+05   4.5187271E+05   1.4028983E-01   1.2182373E-01   1.3534863E-01
   2.0000000E-01   2.3757058E+05   8.2712824E+04   3.2026749E+05   1.4409604E-01   1.2175281E-01   1.3833272E-01
   2.5000000E-01   1.7628001E+05   6.1331949E+04   2.3757377E+05   1.4658338E-01   1.2465159E-01   1.4088299E-01
   3.0000000E-01   1.4169034E+05   4.6483854E+04   1.8817419E+05   1.5052766E-01   1.2727527E-01   1.4478364E-01
   3.5000000E-01   1.1353659E+05   3.6705677E+04   1.5024227E+05   1.5567113E-01   1.2735264E-01   1.4875262E-01
   4.0000000E-01   9.2946487E+04   2.9698312E+04   1.2263684E+05   1.5694107E-01   1.3288395E-01   1.5109955E-01
   4.5000000E-01   7.7632244E+04   2.4007639E+04   1.0163988E+05   1.6500937E-01   1.3483599E-01   1.5788216E-01
   5.0000000E-01   6.4585076E+04   1.9499664E+04   8.4078373E+04   1.6616393E-01   1.3742941E-01   1.5951226E-01
   5.5000000E-01   5.4384691E+04   1.5487223E+04   6.9866126E+04   1.6930818E-01   1.3893793E-01   1.6258995E-01
   6.0000000E-01   4.4908220E+04   1.2552020E+04   5.7460240E+04   1.7280617E-01   1.3629618E-01   1.6483067E-01
   6.5000000E-01   3.7487110E+04   1.0278961E+04   4.7761174E+04   1.7766312E-01   1.4126823E-01   1.6984798E-01
   7.0000000E-01   3.1585435E+04   8.2260369E+03   3.9811472E+04   1.8469449E-01   1.3794608E-01   1.7503501E-01
   7.5000000E-01   2.6041993E+04   6.7014841E+03   3.2743477E+04   1.8772759E-01   1.4393108E-01   1.7876388E-01
   8.0000000E-01   2.0829403E+04   5.3038385E+03   2.6133242E+04   1.9081119E-01   1.4863826E-01   1.8225198E-01
   8.5000000E-01   1.6728121E+04   4.2503732E+03   2.0978494E+04   2.0032479E-01   1.4294132E-01   1.8869852E-01
   9.0000000E-01   1.2120533E+04   2.9850394E+03   1.5105572E+04   1.9383345E-01   1.4467547E-01   1.8411907E-01
   9.5000000E-01   7.8538776E+03   1.7858860E+03   9.6397636E+03   2.0036447E-01   1.3528350E-01   1.8830616E-01
   1.0000000E+00   3.4770443E+03   7.9852554E+02   4.2755698E+03   2.0222842E-01   1.6596287E-01   1.9545528E-01
