   0.0000000E+00   2.5162987E+09   1.3885538E+09   3.7972877E+09   9.6923001E-04   6.9490663E-04   8.7321262E-04
   5.0000000E-02   8.0959573E+06   3.5138228E+06   1.1602650E+07   1.2239138E-01   1.0635808E-01   1.1753316E-01
   1.0000000E-01   4.0108001E+06   1.6529196E+06   5.6591678E+06   1.2313547E-01   1.0652234E-01   1.1827883E-01
   1.5000000E-01   2.6046237E+06   1.0469424E+06   3.6497412E+06   1.2481103E-01   1.0827355E-01   1.2007212E-01
   2.0000000E-01   1.9023472E+06   7.3830387E+05   2.6393301E+06   1.2546854E-01   1.1101405E-01   1.2144175E-01
   2.5000000E-01   1.4660844E+06   5.5063791E+05   2.0156146E+06   1.2818101E-01   1.1049492E-01   1.2335731E-01
   3.0000000E-01   1.1706483E+06   4.2944248E+05   1.5990828E+06   1.3115775E-01   1.1360616E-01   1.2647218E-01
   3.5000000E-01   9.5171018E+05   3.4311077E+05   1.2941752E+06   1.3330379E-01   1.1483609E-01   1.2841485E-01
   4.0000000E-01   7.8987802E+05   2.7708876E+05   1.0664654E+06   1.3677498E-01   1.1730812E-01   1.3173522E-01
   4.5000000E-01   6.6940569E+05   2.2607783E+05   8.9509447E+05   1.4003626E-01   1.1912919E-01   1.3477296E-01
   5.0000000E-01   5.5668579E+05   1.8927979E+05   7.4567274E+05   1.4279255E-01   1.1998667E-01   1.3701940E-01
   5.5000000E-01   4.7704813E+05   1.5693256E+05   6.3376077E+05   1.4698610E-01   1.2100216E-01   1.4056974E-01
   6.0000000E-01   4.0303337E+05   1.3197128E+05   5.3474469E+05   1.5124870E-01   1.2492668E-01   1.4475104E-01
   6.5000000E-01   3.4205580E+05   1.0921457E+05   4.5110387E+05   1.5478288E-01   1.2811451E-01   1.4832597E-01
   7.0000000E-01   2.8902083E+05   9.0054414E+04   3.7896156E+05   1.6042218E-01   1.3200620E-01   1.5368145E-01
   7.5000000E-01   2.3951333E+05   7.4981077E+04   3.1439680E+05   1.6597506E-01   1.3408035E-01   1.5838220E-01
   8.0000000E-01   1.9619826E+05   6.0240146E+04   2.5637872E+05   1.7063081E-01   1.3760656E-01   1.6287233E-01
   8.5000000E-01   1.5773940E+05   4.7562987E+04   2.0527992E+05   1.7673393E-01   1.4074753E-01   1.6840321E-01
   9.0000000E-01   1.2005588E+05   3.5166169E+04   1.5519729E+05   1.8517529E-01   1.5196621E-01   1.7763522E-01
   9.5000000E-01   7.8170207E+04   2.3149505E+04   1.0130966E+05   1.9500839E-01   1.5404912E-01   1.8564034E-01
   1.0000000E+00   3.4663554E+04   1.0273943E+04   4.4937496E+04   2.0205659E-01   1.4907947E-01   1.8994442E-01
