   0.0000000E+00   3.2348504E+09   1.6547693E+09   4.7080518E+09   6.6935048E-05   5.3070660E-05   6.2511017E-05
   5.0000000E-02   6.6112963E+05   2.7419214E+05   9.3525811E+05   1.2791463E-01   1.1790182E-01   1.2497231E-01
   1.0000000E-01   3.1070228E+05   1.2426818E+05   4.3497046E+05   1.3576596E-01   1.2199145E-01   1.3183065E-01
   1.5000000E-01   2.0363344E+05   7.9450148E+04   2.8299871E+05   1.4228288E-01   1.2685629E-01   1.3799313E-01
   2.0000000E-01   1.4279381E+05   5.4797047E+04   1.9759086E+05   1.4365186E-01   1.2630510E-01   1.3884108E-01
   2.5000000E-01   1.0822536E+05   3.9585017E+04   1.4778491E+05   1.5085468E-01   1.2969499E-01   1.4520538E-01
   3.0000000E-01   8.6346862E+04   2.9369392E+04   1.1571625E+05   1.5183960E-01   1.3294825E-01   1.4704487E-01
   3.5000000E-01   6.9209664E+04   2.2963785E+04   9.2173448E+04   1.5569236E-01   1.2812314E-01   1.4882386E-01
   4.0000000E-01   5.7391272E+04   1.9003100E+04   7.6386415E+04   1.6248231E-01   1.3478110E-01   1.5560776E-01
   4.5000000E-01   4.7597938E+04   1.4529078E+04   6.2127016E+04   1.6569933E-01   1.3782000E-01   1.5917945E-01
   5.0000000E-01   3.9979722E+04   1.2216733E+04   5.2196455E+04   1.7137576E-01   1.4532406E-01   1.6527779E-01
   5.5000000E-01   3.3497775E+04   1.0099105E+04   4.3596880E+04   1.7675212E-01   1.4601583E-01   1.6963203E-01
   6.0000000E-01   2.8828265E+04   8.2283106E+03   3.7056576E+04   1.7624218E-01   1.4854358E-01   1.7009177E-01
   6.5000000E-01   2.2957488E+04   6.7187871E+03   2.9676276E+04   1.7825026E-01   1.4995384E-01   1.7184384E-01
   7.0000000E-01   1.9694287E+04   5.4294572E+03   2.5119197E+04   1.8651848E-01   1.6325921E-01   1.8144735E-01
   7.5000000E-01   1.6509673E+04   4.4011647E+03   2.0910837E+04   1.9343587E-01   1.5191925E-01   1.8469744E-01
   8.0000000E-01   1.3253628E+04   3.6446482E+03   1.6898276E+04   1.9943539E-01   1.5355055E-01   1.8953832E-01
   8.5000000E-01   1.0429330E+04   2.8872579E+03   1.3316588E+04   2.0524741E-01   1.5188021E-01   1.9367543E-01
   9.0000000E-01   7.3706423E+03   1.9204696E+03   9.2911119E+03   2.0630431E-01   1.4506061E-01   1.9364517E-01
   9.5000000E-01   5.1298151E+03   1.2866421E+03   6.4164572E+03   2.1737690E-01   1.7198617E-01   2.0827485E-01
   1.0000000E+00   2.2383866E+03   5.7845945E+02   2.8168460E+03   2.1712648E-01   1.8117104E-01   2.0973762E-01
