   0.0000000E+00   1.3386117E+09   9.7761217E+08   2.2804240E+09   3.5048028E-03   1.8550219E-03   2.8113238E-03
   5.0000000E-02   1.9418558E+07   8.4268086E+06   2.7806915E+07   9.5797657E-02   8.1976205E-02   9.1594088E-02
   1.0000000E-01   9.9961082E+06   4.0898682E+06   1.4066082E+07   9.0532000E-02   7.7326106E-02   8.6685436E-02
   1.5000000E-01   6.6571542E+06   2.6183747E+06   9.2621811E+06   8.6580579E-02   7.5324916E-02   8.3411225E-02
   2.0000000E-01   4.8978183E+06   1.8526749E+06   6.7408325E+06   8.4424850E-02   7.2671249E-02   8.1201843E-02
   2.5000000E-01   3.7939101E+06   1.3936880E+06   5.1804552E+06   8.2814877E-02   7.2043698E-02   7.9941966E-02
   3.0000000E-01   3.0359336E+06   1.0776806E+06   4.1085106E+06   8.2055689E-02   7.0474781E-02   7.9026944E-02
   3.5000000E-01   2.4646098E+06   8.5222470E+05   3.3127692E+06   8.1903124E-02   6.8918560E-02   7.8596093E-02
   4.0000000E-01   2.0379631E+06   6.8823372E+05   2.7227830E+06   8.2537004E-02   6.9700564E-02   7.9314715E-02
   4.5000000E-01   1.6962805E+06   5.5915022E+05   2.2531884E+06   8.2288771E-02   6.8654410E-02   7.8925630E-02
   5.0000000E-01   1.4127930E+06   4.5758956E+05   1.8688483E+06   8.2674867E-02   6.8785871E-02   7.9276034E-02
   5.5000000E-01   1.1785973E+06   3.7297237E+05   1.5500534E+06   8.3920276E-02   7.0244658E-02   8.0646055E-02
   6.0000000E-01   9.8351919E+05   3.0731228E+05   1.2898394E+06   8.5430250E-02   7.1177892E-02   8.2054998E-02
   6.5000000E-01   8.2172921E+05   2.5395742E+05   1.0747709E+06   8.7538002E-02   7.2253108E-02   8.3918499E-02
   7.0000000E-01   6.8153784E+05   2.0532807E+05   8.8631569E+05   9.0504049E-02   7.3278487E-02   8.6531916E-02
   7.5000000E-01   5.6011505E+05   1.6788088E+05   7.2760547E+05   9.3607571E-02   7.5916532E-02   8.9535167E-02
   8.0000000E-01   4.5432768E+05   1.3349519E+05   5.8752843E+05   9.7478319E-02   7.9451190E-02   9.3382388E-02
   8.5000000E-01   3.5619251E+05   1.0452922E+05   4.6053074E+05   1.0407523E-01   8.1999265E-02   9.9072821E-02
   9.0000000E-01   2.6706553E+05   7.7214905E+04   3.4418141E+05   1.1021701E-01   8.7405957E-02   1.0510160E-01
   9.5000000E-01   1.7837416E+05   5.0741946E+04   2.2906250E+05   1.1893122E-01   9.8270863E-02   1.1436117E-01
   1.0000000E+00   8.3568527E+04   2.4182120E+04   1.0775065E+05   1.3169059E-01   1.0710005E-01   1.2616706E-01
