   0.0000000E+00   2.7085727E+08   2.6432198E+08   5.3370280E+08   1.0856005E-02   4.7401966E-03   7.8308514E-03
   5.0000000E-02   1.8173903E+07   8.6944436E+06   2.6841036E+07   6.1465235E-02   5.6251908E-02   5.9787854E-02
   1.0000000E-01   1.0549076E+07   4.9665892E+06   1.5497744E+07   4.9077641E-02   4.4290513E-02   4.7552479E-02
   1.5000000E-01   7.6330711E+06   3.5477334E+06   1.1164656E+07   4.2483678E-02   3.9065825E-02   4.1401192E-02
   2.0000000E-01   6.0075102E+06   2.7910366E+06   8.7866738E+06   3.8204865E-02   3.5159958E-02   3.7239144E-02
   2.5000000E-01   4.9248906E+06   2.2621647E+06   7.1762709E+06   3.5527461E-02   3.2286552E-02   3.4493358E-02
   3.0000000E-01   4.1549944E+06   1.9133077E+06   6.0591984E+06   3.2975630E-02   3.0705000E-02   3.2265537E-02
   3.5000000E-01   3.5471817E+06   1.6241716E+06   5.1642414E+06   3.2554795E-02   3.0134551E-02   3.1801883E-02
   4.0000000E-01   3.0759876E+06   1.4135108E+06   4.4827661E+06   3.1757393E-02   2.9551641E-02   3.1073077E-02
   4.5000000E-01   2.6795609E+06   1.2231729E+06   3.8972660E+06   3.2205641E-02   3.0021364E-02   3.1513580E-02
   5.0000000E-01   2.3439767E+06   1.0767341E+06   3.4169866E+06   3.2801032E-02   3.0246328E-02   3.2001826E-02
   5.5000000E-01   2.0574162E+06   9.4104556E+05   2.9947752E+06   3.4053152E-02   3.1745711E-02   3.3318279E-02
   6.0000000E-01   1.8012095E+06   8.2224218E+05   2.6200989E+06   3.5148386E-02   3.3265387E-02   3.4556780E-02
   6.5000000E-01   1.5765399E+06   7.1948318E+05   2.2932317E+06   3.7141529E-02   3.5587509E-02   3.6656362E-02
   7.0000000E-01   1.3772177E+06   6.2962605E+05   2.0046975E+06   3.9889034E-02   3.6351574E-02   3.8769380E-02
   7.5000000E-01   1.1871091E+06   5.4168279E+05   1.7268821E+06   4.2457756E-02   3.9370394E-02   4.1507752E-02
   8.0000000E-01   1.0183251E+06   4.6472448E+05   1.4816450E+06   4.6811922E-02   4.4505286E-02   4.6088419E-02
   8.5000000E-01   8.4629237E+05   3.8834555E+05   1.2334283E+06   5.2175542E-02   4.9470922E-02   5.1317646E-02
   9.0000000E-01   6.9064403E+05   3.1236103E+05   1.0023472E+06   5.9597823E-02   5.5711803E-02   5.8383516E-02
   9.5000000E-01   5.0125095E+05   2.2775240E+05   7.2859123E+05   7.0743853E-02   6.6734442E-02   6.9500163E-02
   1.0000000E+00   2.7063099E+05   1.2412985E+05   3.9471683E+05   8.3851919E-02   7.9790456E-02   8.2572670E-02
