   0.0000000E+00   5.8324608E+08   5.2981942E+08   1.1060764E+09   5.4542386E-03   2.4899622E-03   4.0404502E-03
   5.0000000E-02   1.9332997E+07   9.0309608E+06   2.8333527E+07   6.4224489E-02   5.6354600E-02   6.1689431E-02
   1.0000000E-01   1.0895556E+07   4.8747249E+06   1.5750673E+07   5.4150723E-02   4.8772796E-02   5.2489894E-02
   1.5000000E-01   7.6915976E+06   3.3713049E+06   1.1044674E+07   4.8538954E-02   4.2950548E-02   4.6844206E-02
   2.0000000E-01   5.9171580E+06   2.5516357E+06   8.4563318E+06   4.4939199E-02   4.1053178E-02   4.3781345E-02
   2.5000000E-01   4.7677219E+06   2.0241326E+06   6.7812993E+06   4.3120453E-02   3.8362895E-02   4.1715339E-02
   3.0000000E-01   3.9372280E+06   1.6563361E+06   5.5851926E+06   4.1060266E-02   3.6473456E-02   3.9694796E-02
   3.5000000E-01   3.3099408E+06   1.3720247E+06   4.6756812E+06   4.1009509E-02   3.5388473E-02   3.9351470E-02
   4.0000000E-01   2.8201699E+06   1.1610990E+06   3.9755950E+06   4.0253784E-02   3.6415769E-02   3.9137648E-02
   4.5000000E-01   2.4188439E+06   9.8262969E+05   3.3968475E+06   4.0378022E-02   3.5650819E-02   3.9007848E-02
   5.0000000E-01   2.0708223E+06   8.3827545E+05   2.9054053E+06   4.1699560E-02   3.7079350E-02   4.0373376E-02
   5.5000000E-01   1.7805561E+06   7.1993594E+05   2.4973899E+06   4.2540776E-02   3.7644993E-02   4.1143311E-02
   6.0000000E-01   1.5342165E+06   6.1628508E+05   2.1478119E+06   4.3343491E-02   3.9363233E-02   4.2212631E-02
   6.5000000E-01   1.3147129E+06   5.2780676E+05   1.8404335E+06   4.6542189E-02   4.0515585E-02   4.4811306E-02
   7.0000000E-01   1.1251209E+06   4.5234108E+05   1.5757749E+06   4.9151083E-02   4.3142798E-02   4.7433793E-02
   7.5000000E-01   9.5727666E+05   3.7959515E+05   1.3355604E+06   5.2179208E-02   4.7512827E-02   5.0870550E-02
   8.0000000E-01   7.9665405E+05   3.1785232E+05   1.1136429E+06   5.6800395E-02   4.9570799E-02   5.4745509E-02
   8.5000000E-01   6.5333666E+05   2.5995058E+05   9.1256823E+05   6.2482523E-02   5.6387980E-02   6.0741129E-02
   9.0000000E-01   5.1391131E+05   2.0230008E+05   7.1584710E+05   6.9590199E-02   6.1928114E-02   6.7423801E-02
   9.5000000E-01   3.6608652E+05   1.4258608E+05   5.0845816E+05   8.2254075E-02   7.4892603E-02   8.0179763E-02
   1.0000000E+00   1.8892989E+05   7.3382611E+04   2.6229363E+05   9.7032969E-02   8.6207548E-02   9.4010359E-02
