   0.0000000E+00   7.7334838E+08   6.3704147E+08   1.3982650E+09   5.3157770E-03   2.5630705E-03   4.0721579E-03
   5.0000000E-02   1.9253164E+07   8.7630712E+06   2.7983386E+07   8.4123918E-02   7.2377176E-02   8.0449440E-02
   1.0000000E-01   1.0404532E+07   4.5912700E+06   1.4975780E+07   7.5203413E-02   6.5376222E-02   7.2179217E-02
   1.5000000E-01   7.2497411E+06   3.1206889E+06   1.0355321E+07   6.9767449E-02   6.0498338E-02   6.6996251E-02
   2.0000000E-01   5.5170106E+06   2.3223412E+06   7.8279881E+06   6.6798519E-02   5.8491349E-02   6.4342145E-02
   2.5000000E-01   4.4229286E+06   1.8213437E+06   6.2347739E+06   6.4173121E-02   5.7176371E-02   6.2154709E-02
   3.0000000E-01   3.6518632E+06   1.4851915E+06   5.1292879E+06   6.2978145E-02   5.5340750E-02   6.0775735E-02
   3.5000000E-01   3.0403869E+06   1.2429728E+06   4.2773664E+06   6.2577655E-02   5.5356205E-02   6.0487710E-02
   4.0000000E-01   2.5944245E+06   1.0361703E+06   3.6251358E+06   6.3149172E-02   5.4993436E-02   6.0830748E-02
   4.5000000E-01   2.2117939E+06   8.7917191E+05   3.0868066E+06   6.2907444E-02   5.5396057E-02   6.0783709E-02
   5.0000000E-01   1.9131697E+06   7.5219173E+05   2.6621465E+06   6.5182780E-02   5.5858674E-02   6.2578703E-02
   5.5000000E-01   1.6426989E+06   6.4567135E+05   2.2855634E+06   6.6051212E-02   5.8582944E-02   6.3962806E-02
   6.0000000E-01   1.4189512E+06   5.5343479E+05   1.9700570E+06   6.8158039E-02   5.9612228E-02   6.5760629E-02
   6.5000000E-01   1.2182895E+06   4.7371367E+05   1.6902304E+06   7.0527004E-02   6.1811497E-02   6.8094659E-02
   7.0000000E-01   1.0461846E+06   4.0169798E+05   1.4464547E+06   7.4177333E-02   6.5080535E-02   7.1651705E-02
   7.5000000E-01   8.9046978E+05   3.4242504E+05   1.2318508E+06   7.8002283E-02   6.9060389E-02   7.5514398E-02
   8.0000000E-01   7.4230263E+05   2.8602133E+05   1.0275202E+06   8.2983926E-02   7.3782987E-02   8.0412157E-02
   8.5000000E-01   6.1179535E+05   2.3208910E+05   8.4325532E+05   8.9659779E-02   7.8604579E-02   8.6619963E-02
   9.0000000E-01   4.7699090E+05   1.8087782E+05   6.5744785E+05   9.7858996E-02   8.5371316E-02   9.4409932E-02
   9.5000000E-01   3.3118636E+05   1.2628526E+05   4.5731079E+05   1.0972518E-01   9.6740716E-02   1.0613969E-01
   1.0000000E+00   1.6517532E+05   6.1863723E+04   2.2702018E+05   1.2209320E-01   1.0790189E-01   1.1823528E-01
