   0.0000000E+00   1.3199048E+09   8.8150448E+08   2.1706977E+09   3.5377578E-03   2.1890313E-03   2.9955165E-03
   5.0000000E-02   1.7833693E+07   8.0292396E+06   2.5831229E+07   1.0395603E-01   9.2051950E-02   1.0024333E-01
   1.0000000E-01   9.1551653E+06   3.9837119E+06   1.3121052E+07   9.8821809E-02   8.9076629E-02   9.5874614E-02
   1.5000000E-01   6.1762092E+06   2.6051542E+06   8.7685037E+06   9.6013483E-02   8.6140735E-02   9.3083160E-02
   2.0000000E-01   4.5728080E+06   1.8868137E+06   6.4507886E+06   9.3797582E-02   8.4497010E-02   9.1111500E-02
   2.5000000E-01   3.5852898E+06   1.4564714E+06   5.0351276E+06   9.3443420E-02   8.4224282E-02   9.0791162E-02
   3.0000000E-01   2.9105513E+06   1.1573429E+06   4.0629498E+06   9.3140051E-02   8.3839321E-02   9.0498031E-02
   3.5000000E-01   2.4101151E+06   9.4854527E+05   3.3545406E+06   9.3568596E-02   8.2858323E-02   9.0561005E-02
   4.0000000E-01   2.0152438E+06   7.8293091E+05   2.7947608E+06   9.4738098E-02   8.3031621E-02   9.1484388E-02
   4.5000000E-01   1.7134267E+06   6.5438854E+05   2.3652122E+06   9.5262951E-02   8.5043566E-02   9.2475499E-02
   5.0000000E-01   1.4600493E+06   5.4959385E+05   2.0073958E+06   9.7908842E-02   8.4870622E-02   9.4357067E-02
   5.5000000E-01   1.2424677E+06   4.6790975E+05   1.7085138E+06   9.9284739E-02   8.7483161E-02   9.6072100E-02
   6.0000000E-01   1.0608154E+06   3.9438595E+05   1.4539282E+06   1.0319898E-01   9.0443284E-02   9.9750747E-02
   6.5000000E-01   9.0702157E+05   3.3563574E+05   1.2416681E+06   1.0482806E-01   9.2063043E-02   1.0137859E-01
   7.0000000E-01   7.7051910E+05   2.8054469E+05   1.0503089E+06   1.0970887E-01   9.6115877E-02   1.0608720E-01
   7.5000000E-01   6.4491705E+05   2.3562571E+05   8.7991463E+05   1.1337462E-01   9.9037044E-02   1.0953860E-01
   8.0000000E-01   5.3777659E+05   1.9405762E+05   7.3141246E+05   1.2002601E-01   1.0484721E-01   1.1600470E-01
   8.5000000E-01   4.3598343E+05   1.5672830E+05   5.9239342E+05   1.2610416E-01   1.0995331E-01   1.2185453E-01
   9.0000000E-01   3.3681784E+05   1.1988611E+05   4.5650943E+05   1.3386004E-01   1.1639547E-01   1.2927178E-01
   9.5000000E-01   2.2629487E+05   8.0254299E+04   3.0642185E+05   1.4622850E-01   1.2704343E-01   1.4121321E-01
   1.0000000E+00   1.0758088E+05   3.7323210E+04   1.4489152E+05   1.5478153E-01   1.4062028E-01   1.5112807E-01
