   0.0000000E+00   9.6870611E+07   1.4007418E+08   2.3676195E+08   7.5827610E-03   2.2558233E-03   4.4331433E-03
   5.0000000E-02   2.4278068E+07   1.1878370E+07   3.6123079E+07   9.3061502E-03   7.6341128E-03   8.7515918E-03
   1.0000000E-01   1.4126911E+07   6.7622389E+06   2.0867314E+07   5.1891532E-03   4.2248465E-03   4.8845000E-03
   1.5000000E-01   9.8277965E+06   4.6667837E+06   1.4479301E+07   3.5408224E-03   3.0979357E-03   3.3914273E-03
   2.0000000E-01   7.3844870E+06   3.5160669E+06   1.0888474E+07   2.8121368E-03   2.3419158E-03   2.6658354E-03
   2.5000000E-01   5.8083915E+06   2.7556723E+06   8.5553549E+06   2.2753595E-03   2.2025997E-03   2.2544138E-03
   3.0000000E-01   4.7021479E+06   2.2224608E+06   6.9169693E+06   1.7860068E-03   1.8336738E-03   1.7973434E-03
   3.5000000E-01   3.8836171E+06   1.8308730E+06   5.7085513E+06   2.0497507E-03   1.8037977E-03   1.9732392E-03
   4.0000000E-01   3.2417872E+06   1.5339592E+06   4.7710036E+06   1.8816257E-03   1.8367542E-03   1.8643366E-03
   4.5000000E-01   2.7377692E+06   1.2941277E+06   4.0281267E+06   2.1050761E-03   2.1130800E-03   2.1017792E-03
   5.0000000E-01   2.3289397E+06   1.0982582E+06   3.4245687E+06   2.4664269E-03   2.4812237E-03   2.4684487E-03
   5.5000000E-01   1.9980890E+06   9.4312904E+05   2.9389262E+06   2.8286428E-03   2.4103831E-03   2.6893839E-03
   6.0000000E-01   1.7041622E+06   8.0409321E+05   2.5065789E+06   3.2802876E-03   2.0729436E-03   2.8955359E-03
   6.5000000E-01   1.4629033E+06   6.8688825E+05   2.1482391E+06   3.4962401E-03   3.0555039E-03   3.3544558E-03
   7.0000000E-01   1.2438050E+06   5.8761369E+05   1.8301090E+06   3.9968251E-03   4.3689526E-03   4.1065306E-03
   7.5000000E-01   1.0578414E+06   4.9440740E+05   1.5512896E+06   5.0355926E-03   5.1938272E-03   5.0818705E-03
   8.0000000E-01   8.8037750E+05   4.1484134E+05   1.2946101E+06   6.1104760E-03   6.0278972E-03   6.0551973E-03
   8.5000000E-01   7.2479536E+05   3.4152029E+05   1.0658101E+06   7.7060156E-03   6.6479739E-03   7.3578590E-03
   9.0000000E-01   5.7170931E+05   2.6937858E+05   8.4081203E+05   1.0384252E-02   9.9080526E-03   1.0231761E-02
   9.5000000E-01   4.1315283E+05   1.9388423E+05   6.0682597E+05   1.5264574E-02   1.4973967E-02   1.5123646E-02
   1.0000000E+00   2.4944177E+05   1.1632694E+05   3.6573099E+05   2.6409634E-02   2.4719283E-02   2.5865072E-02
