   0.0000000E+00   4.0602183E+08   3.9756701E+08   8.0082999E+08   3.1374800E-03   1.3389945E-03   2.2464094E-03
   5.0000000E-02   2.0702047E+07   9.8662059E+06   3.0538841E+07   2.2422914E-02   1.9287138E-02   2.1404608E-02
   1.0000000E-01   1.2325309E+07   5.6953278E+06   1.8000520E+07   1.6083190E-02   1.4117008E-02   1.5468728E-02
   1.5000000E-01   8.7869020E+06   3.9851337E+06   1.2752746E+07   1.2632472E-02   1.1776090E-02   1.2370449E-02
   2.0000000E-01   6.7165932E+06   3.0112274E+06   9.7141493E+06   1.0518222E-02   9.9525339E-03   1.0333295E-02
   2.5000000E-01   5.3664755E+06   2.3615665E+06   7.7176396E+06   9.2915934E-03   8.7398594E-03   9.1232678E-03
   3.0000000E-01   4.3721985E+06   1.9086179E+06   6.2721796E+06   8.5164472E-03   7.9381118E-03   8.3418490E-03
   3.5000000E-01   3.6071058E+06   1.5705228E+06   5.1709077E+06   7.9212573E-03   7.4847883E-03   7.7885352E-03
   4.0000000E-01   3.0276681E+06   1.3107444E+06   4.3323806E+06   8.1689281E-03   7.9968095E-03   8.1356820E-03
   4.5000000E-01   2.5476604E+06   1.0912229E+06   3.6342289E+06   8.5893309E-03   7.4480578E-03   8.2539138E-03
   5.0000000E-01   2.1585930E+06   9.1985191E+05   3.0762422E+06   9.0235622E-03   7.4029517E-03   8.5350477E-03
   5.5000000E-01   1.8374930E+06   7.8049584E+05   2.6150778E+06   9.1134800E-03   8.3374418E-03   8.8844980E-03
   6.0000000E-01   1.5626734E+06   6.6202621E+05   2.2226465E+06   1.0008997E-02   1.0242939E-02   1.0069539E-02
   6.5000000E-01   1.3261720E+06   5.5677296E+05   1.8812996E+06   1.1143484E-02   1.0479245E-02   1.0947321E-02
   7.0000000E-01   1.1203826E+06   4.7197626E+05   1.5910129E+06   1.2523566E-02   1.1492353E-02   1.2210903E-02
   7.5000000E-01   9.4569867E+05   3.9740777E+05   1.3422152E+06   1.4409729E-02   1.3580552E-02   1.4159348E-02
   8.0000000E-01   7.8554901E+05   3.2719869E+05   1.1120434E+06   1.7598009E-02   1.6273036E-02   1.7214827E-02
   8.5000000E-01   6.3881424E+05   2.6688599E+05   9.0510480E+05   2.0496536E-02   1.7664056E-02   1.9667897E-02
   9.0000000E-01   5.0459191E+05   2.0775379E+05   7.1205922E+05   2.4741239E-02   2.2964102E-02   2.4215285E-02
   9.5000000E-01   3.6041726E+05   1.4873448E+05   5.0893730E+05   3.3756182E-02   3.1499120E-02   3.3097446E-02
   1.0000000E+00   2.0870440E+05   8.6429387E+04   2.9510863E+05   4.7671812E-02   4.2907123E-02   4.6274154E-02
