   0.0000000E+00   2.6201182E+08   3.3593967E+08   5.9632225E+08   6.9593092E-03   2.1459105E-03   4.2577882E-03
   5.0000000E-02   1.8429951E+07   8.8117726E+06   2.7216896E+07   3.8045589E-02   3.0531300E-02   3.5604310E-02
   1.0000000E-01   1.0988280E+07   5.0588035E+06   1.6031486E+07   2.8734677E-02   2.4815547E-02   2.7504055E-02
   1.5000000E-01   8.0200722E+06   3.6151727E+06   1.1620072E+07   2.4036066E-02   2.0500927E-02   2.2953456E-02
   2.0000000E-01   6.2947531E+06   2.7939809E+06   9.0765268E+06   2.1032227E-02   1.7726872E-02   2.0023753E-02
   2.5000000E-01   5.1337910E+06   2.2530865E+06   7.3768571E+06   1.9070130E-02   1.6776430E-02   1.8363204E-02
   3.0000000E-01   4.3038680E+06   1.8673543E+06   6.1625855E+06   1.8151185E-02   1.5635958E-02   1.7393292E-02
   3.5000000E-01   3.6597179E+06   1.5846921E+06   5.2376800E+06   1.6914056E-02   1.5332616E-02   1.6436036E-02
   4.0000000E-01   3.1317316E+06   1.3523475E+06   4.4781824E+06   1.7640927E-02   1.5223719E-02   1.6910995E-02
   4.5000000E-01   2.7053016E+06   1.1649434E+06   3.8648408E+06   1.7588060E-02   1.5482285E-02   1.6963503E-02
   5.0000000E-01   2.3517562E+06   1.0036120E+06   3.3515166E+06   1.8267729E-02   1.5540565E-02   1.7445309E-02
   5.5000000E-01   2.0432775E+06   8.7233692E+05   2.9120898E+06   1.9088183E-02   1.6445258E-02   1.8300390E-02
   6.0000000E-01   1.7778403E+06   7.5949800E+05   2.5344576E+06   2.0338378E-02   1.7759252E-02   1.9585509E-02
   6.5000000E-01   1.5388667E+06   6.5268708E+05   2.1891493E+06   2.1845569E-02   1.9776676E-02   2.1217903E-02
   7.0000000E-01   1.3282344E+06   5.6359039E+05   1.8899786E+06   2.3756157E-02   2.1541469E-02   2.3089714E-02
   7.5000000E-01   1.1368968E+06   4.8399230E+05   1.6193782E+06   2.6559052E-02   2.3805549E-02   2.5736691E-02
   8.0000000E-01   9.6305054E+05   4.0787831E+05   1.3698943E+06   2.9656662E-02   2.7246690E-02   2.8946707E-02
   8.5000000E-01   8.0174022E+05   3.4018339E+05   1.1410136E+06   3.4564482E-02   3.0512044E-02   3.3353146E-02
   9.0000000E-01   6.4013179E+05   2.7171639E+05   9.1132828E+05   4.0403923E-02   3.5869490E-02   3.9057774E-02
   9.5000000E-01   4.6871298E+05   1.9874599E+05   6.6704685E+05   4.9855836E-02   4.6777435E-02   4.8942340E-02
   1.0000000E+00   2.5972200E+05   1.0964950E+05   3.6929606E+05   6.4866740E-02   6.0268030E-02   6.3497350E-02
