   0.0000000E+00   1.7957974E+08   1.7931491E+08   3.5861556E+08   2.0562448E-03   9.2245633E-04   1.4879277E-03
   5.0000000E-02   2.7821366E+07   1.3458906E+07   4.1253789E+07   2.8203664E-03   2.3024794E-03   2.6427211E-03
   1.0000000E-01   1.5435324E+07   7.4433584E+06   2.2859934E+07   1.1588711E-03   1.4352162E-03   1.2494145E-03
   1.5000000E-01   1.0368817E+07   4.9608171E+06   1.5315629E+07   9.0182206E-04   8.4046697E-04   8.7586915E-04
   2.0000000E-01   7.6153412E+06   3.6411468E+06   1.1246429E+07   5.8866312E-04   5.8929056E-04   5.4999633E-04
   2.5000000E-01   5.8974546E+06   2.8059908E+06   8.6960351E+06   7.5196800E-04   6.1869845E-04   7.0004863E-04
   3.0000000E-01   4.6944660E+06   2.2197128E+06   6.9085023E+06   6.7525420E-04   7.9661170E-04   7.0977154E-04
   3.5000000E-01   3.7974369E+06   1.8034620E+06   5.5966063E+06   2.7387797E-04   7.7711931E-04   3.7886149E-04
   4.0000000E-01   3.1389493E+06   1.4869051E+06   4.6225121E+06   8.9445516E-04   4.4551856E-04   7.4913189E-04
   4.5000000E-01   2.6166558E+06   1.2336630E+06   3.8476167E+06   3.5362856E-04   7.5593195E-04   4.5779652E-04
   5.0000000E-01   2.2000688E+06   1.0298216E+06   3.2279042E+06   6.8496378E-04   7.1447123E-04   6.5269347E-04
   5.5000000E-01   1.8603419E+06   8.6789216E+05   2.7267235E+06   8.7069874E-04   1.0936726E-03   9.4070881E-04
   6.0000000E-01   1.5661748E+06   7.3692983E+05   2.3019534E+06   8.6199027E-04   5.3925706E-04   6.2663383E-04
   6.5000000E-01   1.3275383E+06   6.2225665E+05   1.9487911E+06   1.1093409E-03   1.6762314E-03   1.2986748E-03
   7.0000000E-01   1.1172086E+06   5.2155075E+05   1.6380181E+06   1.2116617E-03   1.3427924E-03   1.2372855E-03
   7.5000000E-01   9.3638280E+05   4.3546914E+05   1.3712960E+06   1.8843925E-03   2.0035845E-03   1.9179638E-03
   8.0000000E-01   7.7108580E+05   3.6006419E+05   1.1306725E+06   2.4441393E-03   2.8412998E-03   2.5674026E-03
   8.5000000E-01   6.2564370E+05   2.9042594E+05   9.1580001E+05   2.9384870E-03   3.3250279E-03   3.0211699E-03
   9.0000000E-01   4.8225009E+05   2.2519363E+05   7.0722444E+05   5.5697359E-03   4.4148991E-03   5.1962257E-03
   9.5000000E-01   3.3818247E+05   1.5773093E+05   4.9583299E+05   7.2476051E-03   8.0644495E-03   7.4692725E-03
   1.0000000E+00   1.9608518E+05   9.1107363E+04   2.8716110E+05   1.5489975E-02   1.4518338E-02   1.5159666E-02
