   0.0000000E+00   1.4138663E+08   1.8889527E+08   3.2986683E+08   1.3102752E-02   4.1694883E-03   7.9917433E-03
   5.0000000E-02   2.4156601E+07   1.1639383E+07   3.5759187E+07   2.6036542E-02   2.3573536E-02   2.5232054E-02
   1.0000000E-01   1.3999301E+07   6.6016197E+06   2.0576092E+07   1.8006419E-02   1.5587107E-02   1.7222628E-02
   1.5000000E-01   9.7813657E+06   4.5754712E+06   1.4335935E+07   1.3668068E-02   1.2615595E-02   1.3323956E-02
   2.0000000E-01   7.3907258E+06   3.4503359E+06   1.0825990E+07   1.1085252E-02   1.0433567E-02   1.0880640E-02
   2.5000000E-01   5.8248545E+06   2.7070091E+06   8.5202771E+06   9.0847175E-03   8.7455470E-03   8.9784302E-03
   3.0000000E-01   4.7022116E+06   2.1852823E+06   6.8781355E+06   8.2287094E-03   7.8095056E-03   8.1008675E-03
   3.5000000E-01   3.8746498E+06   1.8021342E+06   5.6705269E+06   8.2270793E-03   7.4153988E-03   7.9710017E-03
   4.0000000E-01   3.2260548E+06   1.4948151E+06   4.7148219E+06   7.7737224E-03   6.9532541E-03   7.5115377E-03
   4.5000000E-01   2.7235160E+06   1.2570553E+06   3.9758673E+06   8.0088990E-03   7.2381311E-03   7.7558344E-03
   5.0000000E-01   2.3098475E+06   1.0638362E+06   3.3705643E+06   7.8428329E-03   6.9796323E-03   7.5698119E-03
   5.5000000E-01   1.9659802E+06   9.0537749E+05   2.8684061E+06   7.9647303E-03   7.7874672E-03   7.9026531E-03
   6.0000000E-01   1.6713975E+06   7.6896772E+05   2.4382909E+06   8.3123167E-03   8.5180939E-03   8.3672153E-03
   6.5000000E-01   1.4251419E+06   6.5690346E+05   2.0801649E+06   9.1512932E-03   9.7521466E-03   9.3383954E-03
   7.0000000E-01   1.2028703E+06   5.5919771E+05   1.7606675E+06   1.0000808E-02   1.0706403E-02   1.0224080E-02
   7.5000000E-01   1.0127517E+06   4.7104770E+05   1.4827384E+06   1.1471817E-02   1.1667822E-02   1.1518634E-02
   8.0000000E-01   8.4650933E+05   3.9090443E+05   1.2365344E+06   1.3915805E-02   1.2932639E-02   1.3604571E-02
   8.5000000E-01   6.8980748E+05   3.1788298E+05   1.0070838E+06   1.7030339E-02   1.6694053E-02   1.6924938E-02
   9.0000000E-01   5.4584133E+05   2.5265317E+05   7.9823278E+05   2.0781916E-02   2.0389685E-02   2.0650826E-02
   9.5000000E-01   3.9690227E+05   1.8101446E+05   5.7772909E+05   2.8715345E-02   2.6490796E-02   2.8018658E-02
   1.0000000E+00   2.3181762E+05   1.0513500E+05   3.3692119E+05   4.1376091E-02   4.3197483E-02   4.1954764E-02
