   0.0000000E+00   7.7286302E+08   6.6709502E+08   1.4260044E+09   4.7668729E-03   2.1422657E-03   3.5520345E-03
   5.0000000E-02   1.8972542E+07   8.6670052E+06   2.7603197E+07   7.6330334E-02   6.4053926E-02   7.2452079E-02
   1.0000000E-01   1.0393072E+07   4.5417409E+06   1.4914601E+07   6.7550849E-02   5.7011092E-02   6.4375649E-02
   1.5000000E-01   7.2765640E+06   3.0702474E+06   1.0329262E+07   6.2262787E-02   5.3341351E-02   5.9647868E-02
   2.0000000E-01   5.5470431E+06   2.3020012E+06   7.8362960E+06   5.8985202E-02   5.0264008E-02   5.6435517E-02
   2.5000000E-01   4.4699621E+06   1.8037857E+06   6.2628998E+06   5.6421339E-02   4.8300064E-02   5.4103695E-02
   3.0000000E-01   3.6798745E+06   1.4596418E+06   5.1308052E+06   5.5448552E-02   4.7568395E-02   5.3225609E-02
   3.5000000E-01   3.0861235E+06   1.2108963E+06   4.2902261E+06   5.4899364E-02   4.7009258E-02   5.2685380E-02
   4.0000000E-01   2.6192368E+06   1.0097267E+06   3.6234328E+06   5.4549692E-02   4.6527521E-02   5.2294750E-02
   4.5000000E-01   2.2345142E+06   8.5681948E+05   3.0867854E+06   5.5109067E-02   4.6952824E-02   5.2865093E-02
   5.0000000E-01   1.9128323E+06   7.2490620E+05   2.6348419E+06   5.6286372E-02   4.8167240E-02   5.4045113E-02
   5.5000000E-01   1.6449097E+06   6.2363273E+05   2.2656198E+06   5.8290199E-02   4.9911930E-02   5.5987349E-02
   6.0000000E-01   1.4179220E+06   5.2869150E+05   1.9442421E+06   5.9775346E-02   5.0599315E-02   5.7291692E-02
   6.5000000E-01   1.2188722E+06   4.5107449E+05   1.6682327E+06   6.2478178E-02   5.2350360E-02   5.9761051E-02
   7.0000000E-01   1.0363351E+06   3.8294498E+05   1.4178841E+06   6.5678030E-02   5.5362428E-02   6.2894436E-02
   7.5000000E-01   8.7978306E+05   3.2319064E+05   1.2018151E+06   6.9589840E-02   5.8829753E-02   6.6694825E-02
   8.0000000E-01   7.3301196E+05   2.6730471E+05   9.9947713E+05   7.4015431E-02   6.3803799E-02   7.1295231E-02
   8.5000000E-01   5.9981566E+05   2.1833437E+05   8.1752839E+05   7.9957137E-02   6.7776368E-02   7.6730288E-02
   9.0000000E-01   4.6935146E+05   1.6921354E+05   6.3826084E+05   8.8054638E-02   7.5526777E-02   8.4752460E-02
   9.5000000E-01   3.2730298E+05   1.1739269E+05   4.4449463E+05   1.0052087E-01   8.4875567E-02   9.6397198E-02
   1.0000000E+00   1.6454656E+05   5.8902262E+04   2.2339852E+05   1.1204295E-01   9.4123128E-02   1.0731873E-01
