   0.0000000E+00   1.1292290E+09   7.5992385E+08   1.8681694E+09   2.0954593E-03   1.2861811E-03   1.7694917E-03
   5.0000000E-02   1.4687455E+07   6.9516969E+06   2.1619735E+07   6.3713955E-02   5.5356991E-02   6.1026265E-02
   1.0000000E-01   8.2730013E+06   3.7812986E+06   1.2040453E+07   5.5294676E-02   4.9010529E-02   5.3329438E-02
   1.5000000E-01   5.8974970E+06   2.6013557E+06   8.4875846E+06   5.0416580E-02   4.5402956E-02   4.8883390E-02
   2.0000000E-01   4.5960605E+06   1.9951664E+06   6.5820755E+06   4.7722326E-02   4.2417914E-02   4.6123844E-02
   2.5000000E-01   3.7365888E+06   1.5897924E+06   5.3196076E+06   4.5738336E-02   4.1380456E-02   4.4442134E-02
   3.0000000E-01   3.0999882E+06   1.3114792E+06   4.4053770E+06   4.4435359E-02   4.0516491E-02   4.3273817E-02
   3.5000000E-01   2.6292942E+06   1.1013977E+06   3.7258172E+06   4.5099901E-02   3.9404291E-02   4.3427196E-02
   4.0000000E-01   2.2608039E+06   9.3499550E+05   3.1917648E+06   4.5496617E-02   4.0134515E-02   4.3918520E-02
   4.5000000E-01   1.9410395E+06   7.9895074E+05   2.7364606E+06   4.6094778E-02   4.1891228E-02   4.4875792E-02
   5.0000000E-01   1.6830699E+06   6.8059110E+05   2.3611591E+06   4.8022446E-02   4.3149734E-02   4.6620876E-02
   5.5000000E-01   1.4600759E+06   5.8629787E+05   2.0439141E+06   5.0132096E-02   4.4083235E-02   4.8410147E-02
   6.0000000E-01   1.2654940E+06   5.0411798E+05   1.7676438E+06   5.2162467E-02   4.5978460E-02   5.0413120E-02
   6.5000000E-01   1.0902799E+06   4.3360173E+05   1.5223440E+06   5.5772926E-02   4.8580776E-02   5.3728217E-02
   7.0000000E-01   9.3857308E+05   3.7249532E+05   1.3099680E+06   5.8829473E-02   5.0278038E-02   5.6411371E-02
   7.5000000E-01   8.0185231E+05   3.1355646E+05   1.1144793E+06   6.3547757E-02   5.5911436E-02   6.1391940E-02
   8.0000000E-01   6.7720428E+05   2.6313087E+05   9.3960702E+05   6.8482328E-02   5.9835904E-02   6.6059591E-02
   8.5000000E-01   5.5673523E+05   2.1316651E+05   7.6933253E+05   7.5566497E-02   6.5606395E-02   7.2807294E-02
   9.0000000E-01   4.3979816E+05   1.6768211E+05   6.0716903E+05   8.5407202E-02   7.5016968E-02   8.2549429E-02
   9.5000000E-01   3.0967531E+05   1.1823034E+05   4.2771132E+05   9.7689451E-02   8.5499498E-02   9.4311341E-02
   1.0000000E+00   1.5812692E+05   5.9807677E+04   2.1790945E+05   1.1274381E-01   9.9896496E-02   1.0922374E-01
