   0.0000000E+00   3.1884108E+08   3.4372120E+08   6.6025161E+08   8.7573336E-03   3.3984809E-03   5.9776998E-03
   5.0000000E-02   1.9734067E+07   9.3669687E+06   2.9070924E+07   5.2952466E-02   4.7306916E-02   5.1138436E-02
   1.0000000E-01   1.1399982E+07   5.2508399E+06   1.6631755E+07   4.2695613E-02   3.8101618E-02   4.1266210E-02
   1.5000000E-01   8.1528075E+06   3.6782617E+06   1.1811843E+07   3.6523498E-02   3.2498101E-02   3.5277052E-02
   2.0000000E-01   6.3265363E+06   2.8347405E+06   9.1455364E+06   3.2652401E-02   2.9238068E-02   3.1604943E-02
   2.5000000E-01   5.1389221E+06   2.2806649E+06   7.4075676E+06   3.0150276E-02   2.7967383E-02   2.9479636E-02
   3.0000000E-01   4.2744880E+06   1.8750256E+06   6.1399537E+06   2.7849377E-02   2.5906018E-02   2.7253409E-02
   3.5000000E-01   3.6108528E+06   1.5842829E+06   5.1870870E+06   2.7545737E-02   2.4654396E-02   2.6672857E-02
   4.0000000E-01   3.0710538E+06   1.3464349E+06   4.4103585E+06   2.7175735E-02   2.5006930E-02   2.6506521E-02
   4.5000000E-01   2.6438536E+06   1.1503649E+06   3.7879725E+06   2.6896183E-02   2.4824072E-02   2.6261262E-02
   5.0000000E-01   2.2813906E+06   9.9476932E+05   3.2724994E+06   2.7272116E-02   2.5417139E-02   2.6697098E-02
   5.5000000E-01   1.9712816E+06   8.5441897E+05   2.8219966E+06   2.8544952E-02   2.5076483E-02   2.7499541E-02
   6.0000000E-01   1.7101146E+06   7.3819776E+05   2.4450072E+06   2.9844945E-02   2.7480910E-02   2.9120782E-02
   6.5000000E-01   1.4738972E+06   6.3712907E+05   2.1085826E+06   3.1254746E-02   2.9388742E-02   3.0687994E-02
   7.0000000E-01   1.2700110E+06   5.4936194E+05   1.8170402E+06   3.4396475E-02   3.1187582E-02   3.3416793E-02
   7.5000000E-01   1.0801273E+06   4.6679933E+05   1.5452162E+06   3.6102729E-02   3.4621769E-02   3.5657141E-02
   8.0000000E-01   9.1539557E+05   3.9253179E+05   1.3066064E+06   3.9444158E-02   3.7241655E-02   3.8783857E-02
   8.5000000E-01   7.5195281E+05   3.2345153E+05   1.0745992E+06   4.4685148E-02   4.2195591E-02   4.3939798E-02
   9.0000000E-01   5.9686640E+05   2.5694328E+05   8.5336758E+05   5.1712435E-02   4.7812919E-02   5.0538155E-02
   9.5000000E-01   4.3201018E+05   1.8484423E+05   6.1650929E+05   6.2043638E-02   5.8888340E-02   6.1121902E-02
   1.0000000E+00   2.3388624E+05   1.0064566E+05   3.3448789E+05   7.8567315E-02   7.3778144E-02   7.7105362E-02
