   0.0000000E+00   1.6469557E+08   2.4068404E+08   4.0471243E+08   8.0225621E-03   2.1639464E-03   4.5439093E-03
   5.0000000E-02   1.9734576E+07   9.5707507E+06   2.9275215E+07   2.3758907E-02   1.9047171E-02   2.2219031E-02
   1.0000000E-01   1.1881107E+07   5.5641523E+06   1.7428198E+07   1.6486772E-02   1.3635904E-02   1.5579287E-02
   1.5000000E-01   8.5995872E+06   3.9602206E+06   1.2544105E+07   1.2629084E-02   1.0668318E-02   1.2001992E-02
   2.0000000E-01   6.7068530E+06   3.0573983E+06   9.7508982E+06   1.0431583E-02   9.3344861E-03   1.0074936E-02
   2.5000000E-01   5.4124649E+06   2.4620378E+06   7.8646733E+06   9.2560569E-03   7.8560436E-03   8.8187269E-03
   3.0000000E-01   4.4901217E+06   2.0267533E+06   6.5095327E+06   8.4270952E-03   7.4235289E-03   8.1204626E-03
   3.5000000E-01   3.7786203E+06   1.6956913E+06   5.4677726E+06   8.1773723E-03   7.2415507E-03   7.8902087E-03
   4.0000000E-01   3.2032877E+06   1.4433364E+06   4.6410695E+06   7.9573104E-03   7.7084050E-03   7.8804132E-03
   4.5000000E-01   2.7606238E+06   1.2374898E+06   3.9931268E+06   7.7645396E-03   6.9855879E-03   7.5309931E-03
   5.0000000E-01   2.3883109E+06   1.0658734E+06   3.4506893E+06   8.6377633E-03   7.8714623E-03   8.3975760E-03
   5.5000000E-01   2.0617684E+06   9.2171547E+05   2.9802950E+06   8.7285473E-03   8.9293897E-03   8.7808417E-03
   6.0000000E-01   1.7857079E+06   8.0148838E+05   2.5844322E+06   9.9129357E-03   9.1745746E-03   9.6667133E-03
   6.5000000E-01   1.5466579E+06   6.9280881E+05   2.2372778E+06   1.0946456E-02   1.0099567E-02   1.0681007E-02
   7.0000000E-01   1.3332728E+06   5.9170625E+05   1.9232829E+06   1.1997801E-02   1.1661332E-02   1.1896320E-02
   7.5000000E-01   1.1394560E+06   5.1098498E+05   1.6491550E+06   1.4102881E-02   1.2925914E-02   1.3734810E-02
   8.0000000E-01   9.6368318E+05   4.2873556E+05   1.3914041E+06   1.6615007E-02   1.5539837E-02   1.6276514E-02
   8.5000000E-01   8.0112981E+05   3.5703135E+05   1.1574084E+06   2.0228542E-02   1.8501820E-02   1.9698811E-02
   9.0000000E-01   6.4030156E+05   2.8372375E+05   9.2360089E+05   2.4492592E-02   2.3412865E-02   2.4157450E-02
   9.5000000E-01   4.6983209E+05   2.0829529E+05   6.7781242E+05   3.3658397E-02   3.0194773E-02   3.2595915E-02
   1.0000000E+00   2.7741532E+05   1.2263340E+05   3.9997956E+05   4.5472787E-02   4.3587443E-02   4.4883302E-02
