   0.0000000E+00   1.2505621E+09   9.3526065E+08   2.1561848E+09   3.2105937E-03   1.6257016E-03   2.5328620E-03
   5.0000000E-02   1.8064786E+07   7.9633494E+06   2.5996878E+07   8.7944130E-02   7.2554162E-02   8.3227745E-02
   1.0000000E-01   9.5656259E+06   3.9846668E+06   1.3531321E+07   8.1247002E-02   6.7472063E-02   7.7208689E-02
   1.5000000E-01   6.4880467E+06   2.5905968E+06   9.0663568E+06   7.6771574E-02   6.3140423E-02   7.2888226E-02
   2.0000000E-01   4.8642207E+06   1.8726489E+06   6.7277500E+06   7.4024007E-02   6.2723901E-02   7.0884138E-02
   2.5000000E-01   3.8262886E+06   1.4257482E+06   5.2447665E+06   7.3775908E-02   6.0966608E-02   7.0301324E-02
   3.0000000E-01   3.0959244E+06   1.1219469E+06   4.2125236E+06   7.2078205E-02   5.9979617E-02   6.8869144E-02
   3.5000000E-01   2.5542186E+06   9.0409102E+05   3.4541352E+06   7.1883462E-02   5.8644485E-02   6.8409617E-02
   4.0000000E-01   2.1316656E+06   7.3535154E+05   2.8637226E+06   7.2792881E-02   5.9092273E-02   6.9270185E-02
   4.5000000E-01   1.8009407E+06   6.0981101E+05   2.4081770E+06   7.2922372E-02   5.9396934E-02   6.9508322E-02
   5.0000000E-01   1.5151869E+06   5.0725227E+05   2.0204338E+06   7.4073815E-02   6.0401803E-02   7.0652136E-02
   5.5000000E-01   1.2879860E+06   4.2068413E+05   1.7071191E+06   7.5325647E-02   6.1559838E-02   7.1940121E-02
   6.0000000E-01   1.0877975E+06   3.4921778E+05   1.4358216E+06   7.7481895E-02   6.1505390E-02   7.3603939E-02
   6.5000000E-01   9.1721728E+05   2.8999989E+05   1.2063700E+06   7.9455246E-02   6.4778916E-02   7.5949393E-02
   7.0000000E-01   7.7236075E+05   2.4100151E+05   1.0125528E+06   8.3202789E-02   6.6225902E-02   7.9164040E-02
   7.5000000E-01   6.4372020E+05   1.9699138E+05   8.4017682E+05   8.7285093E-02   6.7952148E-02   8.2761477E-02
   8.0000000E-01   5.2728431E+05   1.5997459E+05   6.8694854E+05   9.1817025E-02   7.3065491E-02   8.7449458E-02
   8.5000000E-01   4.1874227E+05   1.2593837E+05   5.4437731E+05   9.7353000E-02   7.5885582E-02   9.2372047E-02
   9.0000000E-01   3.2070782E+05   9.5705172E+04   4.1627152E+05   1.0590379E-01   8.4133484E-02   1.0089925E-01
   9.5000000E-01   2.1696337E+05   6.4563297E+04   2.8147641E+05   1.1662875E-01   9.3879069E-02   1.1143370E-01
   1.0000000E+00   1.0251307E+05   2.9677485E+04   1.3218427E+05   1.2927984E-01   1.0244117E-01   1.2327169E-01
