   0.0000000E+00   9.8392387E+07   1.3798759E+08   2.3616455E+08   1.3852478E-02   4.1224931E-03   8.1667766E-03
   5.0000000E-02   3.0102757E+07   1.4641745E+07   4.4691408E+07   1.3282322E-02   1.1106465E-02   1.2565758E-02
   1.0000000E-01   1.6874880E+07   8.0594790E+06   2.4902624E+07   7.6528326E-03   6.9233966E-03   7.4217752E-03
   1.5000000E-01   1.1358570E+07   5.3854637E+06   1.6720203E+07   5.4971612E-03   5.1892085E-03   5.3987238E-03
   2.0000000E-01   8.2860679E+06   3.9116147E+06   1.2180637E+07   4.4091611E-03   4.2562328E-03   4.3598427E-03
   2.5000000E-01   6.3065719E+06   2.9837605E+06   9.2782239E+06   3.9050179E-03   3.2752749E-03   3.7039998E-03
   3.0000000E-01   4.9375275E+06   2.3492649E+06   7.2770309E+06   3.2831191E-03   2.9823735E-03   3.1899684E-03
   3.5000000E-01   3.9699427E+06   1.8817753E+06   5.8447243E+06   2.8350949E-03   3.1816209E-03   2.9420653E-03
   4.0000000E-01   3.2294050E+06   1.5334579E+06   4.7571970E+06   2.8661923E-03   2.9602609E-03   2.9044465E-03
   4.5000000E-01   2.6596559E+06   1.2544097E+06   3.9099560E+06   2.9820701E-03   2.9934420E-03   2.9742640E-03
   5.0000000E-01   2.1994704E+06   1.0394282E+06   3.2361484E+06   3.3837773E-03   2.3255861E-03   3.0444434E-03
   5.5000000E-01   1.8237478E+06   8.6562927E+05   2.6871084E+06   3.0016742E-03   3.3621524E-03   3.1197911E-03
   6.0000000E-01   1.5189907E+06   7.2227166E+05   2.2396337E+06   3.6624938E-03   3.9764405E-03   3.7572672E-03
   6.5000000E-01   1.2706833E+06   6.0118943E+05   1.8704232E+06   4.0290357E-03   3.9975440E-03   4.0162683E-03
   7.0000000E-01   1.0596400E+06   4.9989658E+05   1.5584543E+06   4.6243626E-03   4.9866867E-03   4.7432274E-03
   7.5000000E-01   8.7303914E+05   4.1148980E+05   1.2837141E+06   5.6072876E-03   5.2801421E-03   5.4999879E-03
   8.0000000E-01   7.1236957E+05   3.3833954E+05   1.0501600E+06   6.3830790E-03   7.5863950E-03   6.7702859E-03
   8.5000000E-01   5.7551176E+05   2.6972082E+05   8.4486933E+05   8.9331534E-03   7.6524328E-03   8.5200129E-03
   9.0000000E-01   4.4208999E+05   2.0962121E+05   6.5155912E+05   1.1722106E-02   1.2156413E-02   1.1854496E-02
   9.5000000E-01   3.1206766E+05   1.4730041E+05   4.5926421E+05   1.7521762E-02   1.6647501E-02   1.7243863E-02
   1.0000000E+00   1.8608789E+05   8.5404507E+04   2.7147353E+05   2.7310071E-02   3.0254021E-02   2.8245467E-02
