   0.0000000E+00   2.6767162E+08   4.0862637E+08   6.7391194E+08   5.8935018E-03   1.4217954E-03   3.1863408E-03
   5.0000000E-02   3.0061631E+07   1.4213109E+07   4.4200192E+07   1.8222760E-02   1.4155604E-02   1.6905320E-02
   1.0000000E-01   1.7170686E+07   7.6213254E+06   2.4744519E+07   1.2679767E-02   1.0304629E-02   1.1948598E-02
   1.5000000E-01   1.1725348E+07   5.0493073E+06   1.6736585E+07   9.8505134E-03   8.2954784E-03   9.3849009E-03
   2.0000000E-01   8.5375804E+06   3.5939414E+06   1.2107776E+07   8.1401845E-03   7.3080309E-03   7.8959936E-03
   2.5000000E-01   6.4718893E+06   2.6837216E+06   9.1383076E+06   7.0994235E-03   6.2266199E-03   6.8454449E-03
   3.0000000E-01   5.0039163E+06   2.0495337E+06   7.0414073E+06   6.4099731E-03   5.6026697E-03   6.1778837E-03
   3.5000000E-01   3.9479339E+06   1.6021082E+06   5.5409202E+06   6.3342811E-03   5.5622440E-03   6.1043296E-03
   4.0000000E-01   3.1322409E+06   1.2642473E+06   4.3903130E+06   5.7604073E-03   5.2623807E-03   5.6144992E-03
   4.5000000E-01   2.5158082E+06   1.0054773E+06   3.5167018E+06   5.9756211E-03   4.9974390E-03   5.6998748E-03
   5.0000000E-01   2.0263353E+06   8.0166981E+05   2.8252167E+06   5.8474433E-03   4.7673932E-03   5.5389697E-03
   5.5000000E-01   1.6435960E+06   6.4724554E+05   2.2885381E+06   6.4950697E-03   4.6675710E-03   5.9762548E-03
   6.0000000E-01   1.3339094E+06   5.2239957E+05   1.8545689E+06   6.6243326E-03   6.0648466E-03   6.4685837E-03
   6.5000000E-01   1.0853486E+06   4.1962547E+05   1.5036812E+06   7.5060686E-03   6.4100821E-03   7.1903177E-03
   7.0000000E-01   8.7115050E+05   3.4053246E+05   1.2107371E+06   8.8407998E-03   7.3699436E-03   8.4149984E-03
   7.5000000E-01   7.0087168E+05   2.7142921E+05   9.7172793E+05   9.9124947E-03   9.2095908E-03   9.7124906E-03
   8.0000000E-01   5.5498124E+05   2.1610058E+05   7.7069588E+05   1.1579960E-02   1.1303521E-02   1.1493283E-02
   8.5000000E-01   4.3426456E+05   1.6560353E+05   5.9959472E+05   1.4727827E-02   1.3850473E-02   1.4493422E-02
   9.0000000E-01   3.2554259E+05   1.2378718E+05   4.4920245E+05   1.8679751E-02   1.7206583E-02   1.8261122E-02
   9.5000000E-01   2.2358086E+05   8.5457828E+04   3.0896498E+05   2.4932212E-02   2.3537338E-02   2.4540111E-02
   1.0000000E+00   1.2475861E+05   4.8540293E+04   1.7328633E+05   4.0949756E-02   3.6832895E-02   3.9803007E-02
