   0.0000000E+00   1.5293542E+08   1.8690596E+08   3.3944719E+08   8.0715314E-03   2.6888761E-03   5.1136862E-03
   5.0000000E-02   1.9900034E+07   9.6566943E+06   2.9533683E+07   2.1543663E-02   1.8898830E-02   2.0679245E-02
   1.0000000E-01   1.1939072E+07   5.6868608E+06   1.7611036E+07   1.3659627E-02   1.2203074E-02   1.3196371E-02
   1.5000000E-01   8.5839476E+06   4.0525305E+06   1.2623024E+07   1.0074982E-02   9.4327820E-03   9.8633848E-03
   2.0000000E-01   6.6674144E+06   3.1375487E+06   9.7938382E+06   7.8579498E-03   7.4837383E-03   7.7417836E-03
   2.5000000E-01   5.3730581E+06   2.5093514E+06   7.8727966E+06   6.9722828E-03   6.3284336E-03   6.7597764E-03
   3.0000000E-01   4.4444761E+06   2.0728764E+06   6.5098298E+06   6.3735355E-03   5.9252658E-03   6.2335679E-03
   3.5000000E-01   3.7422602E+06   1.7365987E+06   5.4730020E+06   5.8732286E-03   5.4570590E-03   5.7430566E-03
   4.0000000E-01   3.1995634E+06   1.4904701E+06   4.6848531E+06   5.5485900E-03   5.6377559E-03   5.5721584E-03
   4.5000000E-01   2.7472124E+06   1.2821098E+06   4.0253468E+06   6.2599626E-03   5.6542401E-03   6.0411268E-03
   5.0000000E-01   2.3823139E+06   1.1080303E+06   3.4872440E+06   6.1632942E-03   5.8332955E-03   6.0523666E-03
   5.5000000E-01   2.0677815E+06   9.6328095E+05   3.0279546E+06   6.9482078E-03   6.3386371E-03   6.7546988E-03
   6.0000000E-01   1.8013634E+06   8.3265622E+05   2.6318127E+06   7.2084941E-03   6.8946446E-03   7.0943745E-03
   6.5000000E-01   1.5603502E+06   7.2122164E+05   2.2795738E+06   8.8436052E-03   7.0476171E-03   8.2843094E-03
   7.0000000E-01   1.3449047E+06   6.2951691E+05   1.9728256E+06   9.7781286E-03   9.0063553E-03   9.5287476E-03
   7.5000000E-01   1.1602013E+06   5.3909811E+05   1.6980347E+06   1.0761413E-02   1.0415457E-02   1.0646689E-02
   8.0000000E-01   9.8487068E+05   4.5640465E+05   1.4404278E+06   1.2761619E-02   1.2162140E-02   1.2566540E-02
   8.5000000E-01   8.2215699E+05   3.7877004E+05   1.2002380E+06   1.5597679E-02   1.5129976E-02   1.5458143E-02
   9.0000000E-01   6.6028081E+05   3.0480294E+05   9.6464518E+05   1.9682971E-02   1.8520828E-02   1.9315977E-02
   9.5000000E-01   4.8427666E+05   2.2403655E+05   7.0805521E+05   2.5684644E-02   2.4953335E-02   2.5442510E-02
   1.0000000E+00   2.8972644E+05   1.3484393E+05   4.2450121E+05   3.8891247E-02   3.8307917E-02   3.8690576E-02
