   0.0000000E+00   2.5017222E+08   3.1032973E+08   5.5895369E+08   1.4713334E-02   4.9618557E-03   9.3127343E-03
   5.0000000E-02   2.2841917E+07   1.0751553E+07   3.3556865E+07   6.0656695E-02   5.4483718E-02   5.8675082E-02
   1.0000000E-01   1.2812928E+07   5.8696343E+06   1.8656811E+07   5.0076367E-02   4.4473489E-02   4.8324746E-02
   1.5000000E-01   9.0064933E+06   4.0423658E+06   1.3027766E+07   4.3429332E-02   3.9255267E-02   4.2143198E-02
   2.0000000E-01   6.8336676E+06   3.0445227E+06   9.8616063E+06   3.9624619E-02   3.5272064E-02   3.8282693E-02
   2.5000000E-01   5.4547110E+06   2.4127507E+06   7.8547930E+06   3.5745009E-02   3.2556728E-02   3.4766988E-02
   3.0000000E-01   4.4584605E+06   1.9741791E+06   6.4223688E+06   3.4442898E-02   3.0888424E-02   3.3339755E-02
   3.5000000E-01   3.7277453E+06   1.6400962E+06   5.3590107E+06   3.3088871E-02   3.0068281E-02   3.2167595E-02
   4.0000000E-01   3.1468434E+06   1.3787593E+06   4.5185202E+06   3.2049144E-02   2.9784797E-02   3.1357573E-02
   4.5000000E-01   2.6658524E+06   1.1715572E+06   3.8316871E+06   3.1739246E-02   2.9438101E-02   3.1040701E-02
   5.0000000E-01   2.2773290E+06   9.9820707E+05   3.2717800E+06   3.2214329E-02   3.0211918E-02   3.1603561E-02
   5.5000000E-01   1.9455390E+06   8.4730040E+05   2.7893785E+06   3.3087430E-02   3.0384373E-02   3.2277055E-02
   6.0000000E-01   1.6669305E+06   7.2839912E+05   2.3927407E+06   3.3750746E-02   3.2629979E-02   3.3422442E-02
   6.5000000E-01   1.4303181E+06   6.2417630E+05   2.0521389E+06   3.5360844E-02   3.2683953E-02   3.4552968E-02
   7.0000000E-01   1.2170169E+06   5.2754407E+05   1.7427557E+06   3.7556176E-02   3.5089411E-02   3.6813412E-02
   7.5000000E-01   1.0252804E+06   4.4980582E+05   1.4737917E+06   4.0217124E-02   3.7567834E-02   3.9415721E-02
   8.0000000E-01   8.6014891E+05   3.7245838E+05   1.2316444E+06   4.5133243E-02   4.2053848E-02   4.4203821E-02
   8.5000000E-01   7.0107940E+05   3.0594074E+05   1.0063610E+06   4.8803271E-02   4.7948740E-02   4.8548221E-02
   9.0000000E-01   5.5377078E+05   2.3887389E+05   7.9222733E+05   5.4829821E-02   5.3359707E-02   5.4388071E-02
   9.5000000E-01   3.9234542E+05   1.7064761E+05   5.6270487E+05   6.4785344E-02   6.3932310E-02   6.4526225E-02
   1.0000000E+00   2.0936459E+05   9.1761274E+04   3.0109443E+05   8.1001838E-02   7.9322078E-02   8.0512379E-02
