   0.0000000E+00   4.1719069E+08   3.6904390E+08   7.8290838E+08   9.6887949E-03   4.7144324E-03   7.3522508E-03
   5.0000000E-02   1.9593629E+07   9.2219467E+06   2.8780943E+07   7.9853185E-02   6.9987695E-02   7.6686455E-02
   1.0000000E-01   1.0860351E+07   5.0270044E+06   1.5867143E+07   6.9007673E-02   6.2709804E-02   6.7026797E-02
   1.5000000E-01   7.6679154E+06   3.4940027E+06   1.1143965E+07   6.2529482E-02   5.6249651E-02   6.0580907E-02
   2.0000000E-01   5.9141499E+06   2.6814902E+06   8.5816664E+06   5.7629296E-02   5.3270701E-02   5.6285106E-02
   2.5000000E-01   4.8093568E+06   2.1616170E+06   6.9594764E+06   5.5861279E-02   5.0466707E-02   5.4203839E-02
   3.0000000E-01   4.0068530E+06   1.7939627E+06   5.7919242E+06   5.4167243E-02   4.8717176E-02   5.2484191E-02
   3.5000000E-01   3.4003863E+06   1.5170194E+06   4.9096663E+06   5.2746001E-02   4.8243064E-02   5.1359104E-02
   4.0000000E-01   2.9144533E+06   1.2994683E+06   4.2074599E+06   5.2565272E-02   4.8129143E-02   5.1196593E-02
   4.5000000E-01   2.5311436E+06   1.1257984E+06   3.6514954E+06   5.3321328E-02   4.8836330E-02   5.1963768E-02
   5.0000000E-01   2.1973377E+06   9.7342346E+05   3.1665531E+06   5.4036179E-02   4.9738328E-02   5.2718887E-02
   5.5000000E-01   1.9174698E+06   8.4980637E+05   2.7637458E+06   5.5475440E-02   5.1506454E-02   5.4259013E-02
   6.0000000E-01   1.6781616E+06   7.3721100E+05   2.4121523E+06   5.6369557E-02   5.2795103E-02   5.5285677E-02
   6.5000000E-01   1.4580601E+06   6.4360300E+05   2.0990480E+06   6.0148642E-02   5.4675558E-02   5.8491958E-02
   7.0000000E-01   1.2641222E+06   5.6026633E+05   1.8223605E+06   6.2679276E-02   5.7831306E-02   6.1199872E-02
   7.5000000E-01   1.0872447E+06   4.7881871E+05   1.5644294E+06   6.7034863E-02   6.2104520E-02   6.5519316E-02
   8.0000000E-01   9.2599529E+05   4.0563820E+05   1.3304359E+06   7.1497361E-02   6.6782104E-02   7.0063698E-02
   8.5000000E-01   7.6799562E+05   3.3854691E+05   1.1054902E+06   7.7843411E-02   7.2242826E-02   7.6138911E-02
   9.0000000E-01   6.1336547E+05   2.7076854E+05   8.8359641E+05   8.5385200E-02   8.0257778E-02   8.3824005E-02
   9.5000000E-01   4.3644976E+05   1.9176998E+05   6.2789808E+05   9.7683015E-02   9.2285387E-02   9.6029839E-02
   1.0000000E+00   2.2398956E+05   9.8369544E+04   3.2230251E+05   1.1157594E-01   1.0228868E-01   1.0873730E-01
