   0.0000000E+00   1.1340368E+09   7.8356027E+08   1.8950897E+09   2.2037541E-03   1.3242055E-03   1.8447496E-03
   5.0000000E-02   1.5632644E+07   7.3866992E+06   2.2994515E+07   6.4040049E-02   5.5706510E-02   6.1364472E-02
   1.0000000E-01   8.7629438E+06   3.9384801E+06   1.2686527E+07   5.5276886E-02   4.9415383E-02   5.3473079E-02
   1.5000000E-01   6.1546490E+06   2.6842860E+06   8.8270515E+06   5.0454372E-02   4.5305757E-02   4.8904871E-02
   2.0000000E-01   4.7372469E+06   2.0381223E+06   6.7657085E+06   4.8150478E-02   4.3417481E-02   4.6742792E-02
   2.5000000E-01   3.8253973E+06   1.6072739E+06   5.4252100E+06   4.6465643E-02   4.1536272E-02   4.5014584E-02
   3.0000000E-01   3.1695389E+06   1.3046461E+06   4.4684766E+06   4.5860312E-02   4.0736651E-02   4.4375198E-02
   3.5000000E-01   2.6707746E+06   1.0810349E+06   3.7471349E+06   4.5551415E-02   4.0678121E-02   4.4161192E-02
   4.0000000E-01   2.2698837E+06   9.1591282E+05   3.1816346E+06   4.6245393E-02   4.0487365E-02   4.4603070E-02
   4.5000000E-01   1.9387760E+06   7.6989258E+05   2.7053440E+06   4.6546265E-02   4.1326648E-02   4.5046102E-02
   5.0000000E-01   1.6613293E+06   6.5532366E+05   2.3142593E+06   4.7536998E-02   4.2757449E-02   4.6189332E-02
   5.5000000E-01   1.4324639E+06   5.5529449E+05   1.9858138E+06   4.9588034E-02   4.3955357E-02   4.7997481E-02
   6.0000000E-01   1.2279387E+06   4.7484938E+05   1.7010162E+06   5.2527045E-02   4.6041921E-02   5.0711822E-02
   6.5000000E-01   1.0542423E+06   4.0480203E+05   1.4576438E+06   5.4746820E-02   4.7611901E-02   5.2775120E-02
   7.0000000E-01   9.0095794E+05   3.3965938E+05   1.2396033E+06   5.9240169E-02   5.0059394E-02   5.6725210E-02
   7.5000000E-01   7.6319252E+05   2.8703912E+05   1.0494125E+06   6.3046845E-02   5.4680717E-02   6.0753901E-02
   8.0000000E-01   6.3702562E+05   2.3572837E+05   8.7223275E+05   6.8158762E-02   6.0751683E-02   6.6155246E-02
   8.5000000E-01   5.2066884E+05   1.9246514E+05   7.1262843E+05   7.4660078E-02   6.5880814E-02   7.2307002E-02
   9.0000000E-01   4.0529690E+05   1.4853047E+05   5.5360102E+05   8.3657658E-02   7.2716834E-02   8.0728198E-02
   9.5000000E-01   2.8355715E+05   1.0375897E+05   3.8715194E+05   9.8477990E-02   8.3191729E-02   9.4377067E-02
   1.0000000E+00   1.4309955E+05   5.1891585E+04   1.9495970E+05   1.1224852E-01   9.7473453E-02   1.0830562E-01
