   0.0000000E+00   1.2647547E+08   1.8140964E+08   3.0760856E+08   3.0415890E-03   7.2268153E-04   1.6746091E-03
   5.0000000E-02   3.3392617E+07   1.6161230E+07   4.9498970E+07   2.8320913E-03   2.0706787E-03   2.5825780E-03
   1.0000000E-01   1.8386120E+07   8.6824433E+06   2.7038356E+07   1.2666304E-03   8.2655995E-04   1.1233541E-03
   1.5000000E-01   1.2091595E+07   5.7021396E+06   1.7771580E+07   8.5101554E-04   5.8922080E-04   7.6510165E-04
   2.0000000E-01   8.6375934E+06   4.0413578E+06   1.2663481E+07   7.0646456E-04   6.0938072E-04   6.7013505E-04
   2.5000000E-01   6.5021924E+06   3.0296608E+06   9.5209543E+06   6.1446678E-04   4.9284719E-04   5.7351030E-04
   3.0000000E-01   5.0217204E+06   2.3333494E+06   7.3469105E+06   6.7796171E-04   5.5171299E-04   6.3946765E-04
   3.5000000E-01   3.9731531E+06   1.8355840E+06   5.8028165E+06   5.4675723E-04   3.5619456E-04   4.7044292E-04
   4.0000000E-01   3.1749103E+06   1.4643210E+06   4.6348943E+06   4.5266073E-04   5.1670860E-04   4.6601779E-04
   4.5000000E-01   2.5667590E+06   1.1797201E+06   3.7433879E+06   6.2632147E-04   8.1401208E-04   6.8028235E-04
   5.0000000E-01   2.0979486E+06   9.6154414E+05   3.0574683E+06   9.6223782E-04   7.0870007E-04   8.7318110E-04
   5.5000000E-01   1.7174497E+06   7.8827418E+05   2.5040339E+06   8.4581572E-04   7.5979999E-04   8.1068249E-04
   6.0000000E-01   1.4098157E+06   6.4335203E+05   2.0520165E+06   1.3735984E-03   1.1291328E-03   1.2760496E-03
   6.5000000E-01   1.1590593E+06   5.2644048E+05   1.6846477E+06   7.8439690E-04   9.6097727E-04   8.1880561E-04
   7.0000000E-01   9.5154648E+05   4.3552068E+05   1.3864715E+06   1.7692296E-03   1.6076898E-03   1.7172110E-03
   7.5000000E-01   7.7278001E+05   3.5270857E+05   1.1250090E+06   2.0503419E-03   2.2088280E-03   2.0905596E-03
   8.0000000E-01   6.2359294E+05   2.8473615E+05   9.0796303E+05   2.7194138E-03   2.3107606E-03   2.5928174E-03
   8.5000000E-01   4.9183746E+05   2.2527727E+05   7.1689378E+05   4.3521891E-03   3.0495881E-03   3.9048816E-03
   9.0000000E-01   3.7307687E+05   1.6913573E+05   5.4211003E+05   5.7716401E-03   4.7408814E-03   5.4315800E-03
   9.5000000E-01   2.5659798E+05   1.1712128E+05   3.7364555E+05   9.4227479E-03   8.1819852E-03   9.0321168E-03
   1.0000000E+00   1.4865150E+05   6.7780357E+04   2.1643186E+05   1.8440363E-02   1.7654672E-02   1.8190170E-02
