   0.0000000E+00   9.5640152E+07   1.1315891E+08   2.0863354E+08   1.9309180E-02   6.9907847E-03   1.2622871E-02
   5.0000000E-02   1.9054284E+07   9.3003146E+06   2.8333336E+07   3.3060193E-02   3.0409088E-02   3.2189375E-02
   1.0000000E-01   1.1398550E+07   5.5110900E+06   1.6895475E+07   2.2679784E-02   2.0041380E-02   2.1816209E-02
   1.5000000E-01   8.2571919E+06   3.9871284E+06   1.2230145E+07   1.7024008E-02   1.6175042E-02   1.6736927E-02
   2.0000000E-01   6.4336158E+06   3.0976167E+06   9.5201712E+06   1.3509510E-02   1.2654806E-02   1.3219168E-02
   2.5000000E-01   5.2482552E+06   2.5206323E+06   7.7595674E+06   1.1914030E-02   1.0844161E-02   1.1571784E-02
   3.0000000E-01   4.4013663E+06   2.1160180E+06   6.5095539E+06   1.0147869E-02   1.0100401E-02   1.0138588E-02
   3.5000000E-01   3.7405504E+06   1.7993057E+06   5.5337992E+06   9.5867216E-03   9.1754666E-03   9.4550995E-03
   4.0000000E-01   3.2136487E+06   1.5471293E+06   4.7551916E+06   9.0616596E-03   8.8607422E-03   9.0037872E-03
   4.5000000E-01   2.8011199E+06   1.3426170E+06   4.1390542E+06   9.2765536E-03   9.0993724E-03   9.2148406E-03
   5.0000000E-01   2.4458231E+06   1.1764797E+06   3.6189224E+06   9.6897230E-03   9.2138030E-03   9.5351307E-03
   5.5000000E-01   2.1483834E+06   1.0315150E+06   3.1765764E+06   1.0804923E-02   9.9089756E-03   1.0515107E-02
   6.0000000E-01   1.8855033E+06   9.0291252E+05   2.7857951E+06   1.1129954E-02   1.0154953E-02   1.0803899E-02
   6.5000000E-01   1.6466268E+06   7.9186195E+05   2.4360941E+06   1.1789112E-02   1.1165054E-02   1.1584368E-02
   7.0000000E-01   1.4401476E+06   6.9378368E+05   2.1319396E+06   1.2947242E-02   1.3613049E-02   1.3160688E-02
   7.5000000E-01   1.2448293E+06   5.9903374E+05   1.8424583E+06   1.4526235E-02   1.4157433E-02   1.4397793E-02
   8.0000000E-01   1.0697878E+06   5.1227599E+05   1.5808423E+06   1.7314599E-02   1.7646096E-02   1.7429878E-02
   8.5000000E-01   8.9319626E+05   4.3113763E+05   1.3234351E+06   2.0356187E-02   2.0228421E-02   2.0324459E-02
   9.0000000E-01   7.2543177E+05   3.5055821E+05   1.0754382E+06   2.5008040E-02   2.3918972E-02   2.4647832E-02
   9.5000000E-01   5.3955871E+05   2.5978107E+05   7.9895111E+05   3.2855708E-02   3.2165787E-02   3.2615001E-02
   1.0000000E+00   3.1970573E+05   1.5425376E+05   4.7387775E+05   4.6393755E-02   4.7016653E-02   4.6593483E-02
