   0.0000000E+00   5.5998960E+08   4.9259805E+08   1.0460972E+09   6.4376097E-03   3.1043588E-03   4.8771698E-03
   5.0000000E-02   1.9516725E+07   9.1191963E+06   2.8601671E+07   7.1425778E-02   6.4513402E-02   6.9211691E-02
   1.0000000E-01   1.0848096E+07   4.9144182E+06   1.5741920E+07   6.1184800E-02   5.4699885E-02   5.9177460E-02
   1.5000000E-01   7.6641169E+06   3.3975124E+06   1.1044695E+07   5.5286024E-02   5.0239483E-02   5.3744893E-02
   2.0000000E-01   5.9044097E+06   2.5773711E+06   8.4687937E+06   5.1494788E-02   4.7255068E-02   5.0211665E-02
   2.5000000E-01   4.7642841E+06   2.0508324E+06   6.8038611E+06   4.9022256E-02   4.4679628E-02   4.7719145E-02
   3.0000000E-01   3.9352545E+06   1.6797743E+06   5.6059888E+06   4.7118888E-02   4.3825060E-02   4.6152614E-02
   3.5000000E-01   3.3159614E+06   1.4068388E+06   4.7157519E+06   4.7126148E-02   4.2402937E-02   4.5730916E-02
   4.0000000E-01   2.8167560E+06   1.1936541E+06   4.0041713E+06   4.6592048E-02   4.2386052E-02   4.5349654E-02
   4.5000000E-01   2.4229041E+06   1.0119142E+06   3.4301498E+06   4.6858445E-02   4.2511366E-02   4.5578893E-02
   5.0000000E-01   2.0882211E+06   8.7107410E+05   2.9556028E+06   4.8002220E-02   4.3561479E-02   4.6708108E-02
   5.5000000E-01   1.7986418E+06   7.5198106E+05   2.5472025E+06   4.8980468E-02   4.4258184E-02   4.7596989E-02
   6.0000000E-01   1.5530870E+06   6.4398334E+05   2.1945610E+06   5.0956651E-02   4.5370008E-02   4.9323930E-02
   6.5000000E-01   1.3382972E+06   5.5457907E+05   1.8907411E+06   5.2498246E-02   4.8216518E-02   5.1236707E-02
   7.0000000E-01   1.1492124E+06   4.7437268E+05   1.6218434E+06   5.5189035E-02   5.0949264E-02   5.3940274E-02
   7.5000000E-01   9.7839122E+05   4.0240311E+05   1.3795126E+06   5.9552375E-02   5.4780527E-02   5.8165207E-02
   8.0000000E-01   8.2349553E+05   3.3855439E+05   1.1608284E+06   6.3772022E-02   5.9323608E-02   6.2496963E-02
   8.5000000E-01   6.7879770E+05   2.7759618E+05   9.5563369E+05   6.9149077E-02   6.3993003E-02   6.7668194E-02
   9.0000000E-01   5.3261379E+05   2.1821911E+05   7.5040848E+05   7.6777499E-02   7.2311640E-02   7.5491934E-02
   9.5000000E-01   3.7809518E+05   1.5330809E+05   5.3116203E+05   8.8883514E-02   8.2962507E-02   8.7164395E-02
   1.0000000E+00   1.9448184E+05   7.9764528E+04   2.7420864E+05   1.0378258E-01   9.6352594E-02   1.0159540E-01
