   0.0000000E+00   5.8126390E+08   6.5654342E+08   1.2288330E+09   5.4706202E-03   1.7746799E-03   3.5108083E-03
   5.0000000E-02   2.4191106E+07   1.1061014E+07   3.5201699E+07   4.9709912E-02   3.8959981E-02   4.6336129E-02
   1.0000000E-01   1.3521295E+07   5.7733137E+06   1.9261472E+07   4.0708530E-02   3.3740258E-02   3.8629576E-02
   1.5000000E-01   9.3399760E+06   3.7863598E+06   1.3101592E+07   3.6266893E-02   2.9671140E-02   3.4375511E-02
   2.0000000E-01   6.9858675E+06   2.7339000E+06   9.7016556E+06   3.2969557E-02   2.7307624E-02   3.1408033E-02
   2.5000000E-01   5.4291698E+06   2.0812501E+06   7.4971782E+06   3.0802346E-02   2.6337468E-02   2.9575485E-02
   3.0000000E-01   4.3424365E+06   1.6143829E+06   5.9465274E+06   2.9781243E-02   2.5023958E-02   2.8503388E-02
   3.5000000E-01   3.5142776E+06   1.2793875E+06   4.7858528E+06   2.8524685E-02   2.3300077E-02   2.7141995E-02
   4.0000000E-01   2.8753409E+06   1.0243849E+06   3.8940520E+06   2.8142748E-02   2.3611249E-02   2.6948218E-02
   4.5000000E-01   2.3636419E+06   8.3170836E+05   3.1908161E+06   2.7699128E-02   2.3374041E-02   2.6568415E-02
   5.0000000E-01   1.9593820E+06   6.7828017E+05   2.6345427E+06   2.7716451E-02   2.3375923E-02   2.6610157E-02
   5.5000000E-01   1.6235020E+06   5.5605265E+05   2.1771065E+06   2.8571833E-02   2.4228541E-02   2.7458543E-02
   6.0000000E-01   1.3457399E+06   4.5574548E+05   1.7995809E+06   2.9805618E-02   2.4149939E-02   2.8373152E-02
   6.5000000E-01   1.1071210E+06   3.7222179E+05   1.4779716E+06   3.1384358E-02   2.6473234E-02   3.0154819E-02
   7.0000000E-01   9.0578716E+05   3.0242168E+05   1.2072494E+06   3.2930089E-02   2.7559337E-02   3.1599501E-02
   7.5000000E-01   7.4166203E+05   2.4127889E+05   9.8218972E+05   3.5220194E-02   2.8697714E-02   3.3621808E-02
   8.0000000E-01   5.9713343E+05   1.9426850E+05   7.9093641E+05   3.9100953E-02   3.2988663E-02   3.7614527E-02
   8.5000000E-01   4.6737628E+05   1.5013367E+05   6.1717666E+05   4.3832803E-02   3.6241981E-02   4.1976010E-02
   9.0000000E-01   3.5114178E+05   1.1384884E+05   4.6483500E+05   4.9021264E-02   4.1453581E-02   4.7170344E-02
   9.5000000E-01   2.4066238E+05   7.6015751E+04   3.1653070E+05   6.0932807E-02   5.0520305E-02   5.8454441E-02
   1.0000000E+00   1.2489065E+05   3.8637319E+04   1.6352797E+05   7.5456622E-02   6.6818631E-02   7.3413280E-02
