   0.0000000E+00   7.7682382E+07   8.4818126E+07   1.6239254E+08   2.5808152E-02   1.0378441E-02   1.7747588E-02
   5.0000000E-02   2.8142796E+07   1.3714063E+07   4.1805738E+07   2.2098382E-02   2.0044565E-02   2.1423165E-02
   1.0000000E-01   1.5758472E+07   7.6354902E+06   2.3367511E+07   1.3733739E-02   1.2542310E-02   1.3349314E-02
   1.5000000E-01   1.0668877E+07   5.1668061E+06   1.5813699E+07   9.8378588E-03   9.0896698E-03   9.5928353E-03
   2.0000000E-01   7.8725356E+06   3.8183181E+06   1.1674349E+07   7.5039202E-03   7.0318487E-03   7.3544624E-03
   2.5000000E-01   6.0879058E+06   2.9536993E+06   9.0288472E+06   6.3222393E-03   6.0459919E-03   6.2352027E-03
   3.0000000E-01   4.8315197E+06   2.3550794E+06   7.1776863E+06   5.9885229E-03   5.4001910E-03   5.7979902E-03
   3.5000000E-01   3.9393668E+06   1.9212639E+06   5.8530731E+06   5.0671964E-03   5.0737522E-03   5.0670137E-03
   4.0000000E-01   3.2395113E+06   1.5861063E+06   4.8198722E+06   4.6624984E-03   4.8610957E-03   4.7206979E-03
   4.5000000E-01   2.6961130E+06   1.3235891E+06   4.0155712E+06   4.6574567E-03   4.8399754E-03   4.7248891E-03
   5.0000000E-01   2.2634952E+06   1.1129832E+06   3.3735118E+06   5.0075487E-03   4.8921214E-03   4.9743709E-03
   5.5000000E-01   1.9129035E+06   9.3664710E+05   2.8467032E+06   5.2340316E-03   5.5663580E-03   5.3237488E-03
   6.0000000E-01   1.6231205E+06   7.9189664E+05   2.4128473E+06   5.7774523E-03   5.8136131E-03   5.7825475E-03
   6.5000000E-01   1.3688990E+06   6.7143308E+05   2.0385300E+06   6.3605269E-03   6.3342213E-03   6.3638207E-03
   7.0000000E-01   1.1569518E+06   5.6420882E+05   1.7196510E+06   7.1754223E-03   7.2357099E-03   7.1909189E-03
   7.5000000E-01   9.6411820E+05   4.7098404E+05   1.4340455E+06   8.5566617E-03   8.0847476E-03   8.4061919E-03
   8.0000000E-01   8.0220855E+05   3.9016436E+05   1.1916448E+06   9.7379074E-03   9.5563808E-03   9.6747948E-03
   8.5000000E-01   6.5020224E+05   3.1926107E+05   9.6896900E+05   1.2002968E-02   1.2781958E-02   1.2258098E-02
   9.0000000E-01   5.0704996E+05   2.4745764E+05   7.5423881E+05   1.5214127E-02   1.6214570E-02   1.5527914E-02
   9.5000000E-01   3.6413646E+05   1.7886335E+05   5.4285573E+05   2.0396000E-02   2.1734640E-02   2.0828332E-02
   1.0000000E+00   2.1743159E+05   1.0481434E+05   3.2222706E+05   3.4404503E-02   3.5283379E-02   3.4682757E-02
