   0.0000000E+00   3.9636456E+08   3.9434470E+08   7.8782002E+08   4.2835905E-03   1.6976033E-03   2.9912042E-03
   5.0000000E-02   1.7216172E+07   8.2831872E+06   2.5476887E+07   3.6880735E-02   3.0913008E-02   3.4945998E-02
   1.0000000E-01   1.0305314E+07   4.7723565E+06   1.5062615E+07   2.7926327E-02   2.4148106E-02   2.6742209E-02
   1.5000000E-01   7.5759451E+06   3.4139796E+06   1.0974900E+07   2.3264790E-02   2.0656707E-02   2.2464138E-02
   2.0000000E-01   5.9313705E+06   2.6588425E+06   8.5783400E+06   2.0524242E-02   1.8048798E-02   1.9761883E-02
   2.5000000E-01   4.8805054E+06   2.1583702E+06   7.0287534E+06   1.8223356E-02   1.6348441E-02   1.7647816E-02
   3.0000000E-01   4.1013380E+06   1.8006048E+06   5.8945367E+06   1.7854270E-02   1.6027368E-02   1.7299162E-02
   3.5000000E-01   3.4814280E+06   1.5169285E+06   4.9920085E+06   1.7783427E-02   1.5377350E-02   1.7055488E-02
   4.0000000E-01   3.0019965E+06   1.2933010E+06   4.2895838E+06   1.7396294E-02   1.5568278E-02   1.6837264E-02
   4.5000000E-01   2.5981655E+06   1.1206842E+06   3.7138488E+06   1.7197446E-02   1.5798568E-02   1.6781329E-02
   5.0000000E-01   2.2576893E+06   9.6712729E+05   3.2216335E+06   1.8160867E-02   1.6187473E-02   1.7576682E-02
   5.5000000E-01   1.9615065E+06   8.3782635E+05   2.7963003E+06   1.9358127E-02   1.7157631E-02   1.8702276E-02
   6.0000000E-01   1.7077272E+06   7.3043631E+05   2.4356701E+06   2.0623638E-02   1.8503258E-02   1.9991702E-02
   6.5000000E-01   1.4884611E+06   6.3323589E+05   2.1193660E+06   2.1713258E-02   1.9183326E-02   2.0956479E-02
   7.0000000E-01   1.2837438E+06   5.4336862E+05   1.8253344E+06   2.4678619E-02   2.2004174E-02   2.3886937E-02
   7.5000000E-01   1.1032366E+06   4.6643433E+05   1.5682704E+06   2.7163392E-02   2.4063936E-02   2.6245687E-02
   8.0000000E-01   9.3513874E+05   3.9583028E+05   1.3297117E+06   3.0453285E-02   2.7634938E-02   2.9629702E-02
   8.5000000E-01   7.7973939E+05   3.2698664E+05   1.1059396E+06   3.5624320E-02   3.1672466E-02   3.4461956E-02
   9.0000000E-01   6.2238425E+05   2.6140315E+05   8.8324627E+05   4.1312142E-02   3.6843319E-02   3.9997987E-02
   9.5000000E-01   4.5352122E+05   1.9154214E+05   6.4476851E+05   5.1520319E-02   4.7298767E-02   5.0267656E-02
   1.0000000E+00   2.5562877E+05   1.0519788E+05   3.6077007E+05   6.7421387E-02   6.0053459E-02   6.5261726E-02
