   0.0000000E+00   9.9153326E+08   7.4128363E+08   1.7142974E+09   4.5562312E-03   2.5414061E-03   3.6877613E-03
   5.0000000E-02   2.0075932E+07   9.1235253E+06   2.9159668E+07   8.8469257E-02   7.9821072E-02   8.5737559E-02
   1.0000000E-01   1.0598828E+07   4.6419767E+06   1.5217886E+07   8.1046022E-02   7.3882779E-02   7.8855504E-02
   1.5000000E-01   7.2028646E+06   3.0834254E+06   1.0269780E+07   7.7236984E-02   7.0800342E-02   7.5304430E-02
   2.0000000E-01   5.4034376E+06   2.2534908E+06   7.6449440E+06   7.3618502E-02   6.7870019E-02   7.1926809E-02
   2.5000000E-01   4.2681154E+06   1.7325225E+06   5.9913178E+06   7.2296297E-02   6.6315733E-02   7.0586071E-02
   3.0000000E-01   3.4443464E+06   1.3912476E+06   4.8291005E+06   7.1227781E-02   6.5153713E-02   6.9499284E-02
   3.5000000E-01   2.8480641E+06   1.1301001E+06   3.9727893E+06   7.0512639E-02   6.3674464E-02   6.8567448E-02
   4.0000000E-01   2.3800746E+06   9.3292649E+05   3.3085130E+06   7.0946230E-02   6.4699596E-02   6.9198240E-02
   4.5000000E-01   2.0117397E+06   7.8235619E+05   2.7906652E+06   7.1088592E-02   6.3915321E-02   6.9093506E-02
   5.0000000E-01   1.6979095E+06   6.5224879E+05   2.3479619E+06   7.1909287E-02   6.4546375E-02   6.9874283E-02
   5.5000000E-01   1.4455957E+06   5.4879518E+05   1.9923595E+06   7.3898397E-02   6.6552550E-02   7.1865887E-02
   6.0000000E-01   1.2357957E+06   4.6273769E+05   1.6967933E+06   7.5099243E-02   6.7758754E-02   7.3107104E-02
   6.5000000E-01   1.0458292E+06   3.8840172E+05   1.4326834E+06   7.7825328E-02   6.9826900E-02   7.5667515E-02
   7.0000000E-01   8.7934470E+05   3.2705886E+05   1.2054304E+06   8.1049024E-02   7.2174138E-02   7.8662874E-02
   7.5000000E-01   7.3621257E+05   2.7406481E+05   1.0094965E+06   8.4433706E-02   7.4915556E-02   8.1867124E-02
   8.0000000E-01   6.0618935E+05   2.2513660E+05   8.3076095E+05   9.0252478E-02   8.0208638E-02   8.7535843E-02
   8.5000000E-01   4.8726128E+05   1.7946311E+05   6.6631247E+05   9.6009931E-02   8.4658950E-02   9.2972230E-02
   9.0000000E-01   3.7652169E+05   1.3723047E+05   5.1355763E+05   1.0359751E-01   9.3002653E-02   1.0077553E-01
   9.5000000E-01   2.5752275E+05   9.3251394E+04   3.5067027E+05   1.1384272E-01   1.0140154E-01   1.1054846E-01
   1.0000000E+00   1.2463915E+05   4.4428201E+04   1.6905477E+05   1.2685705E-01   1.1167675E-01   1.2284513E-01
