   0.0000000E+00   1.2182977E+09   8.9888165E+08   2.0864576E+09   3.1503691E-03   1.6280635E-03   2.5040995E-03
   5.0000000E-02   1.7208915E+07   7.7329567E+06   2.4908258E+07   8.8069993E-02   7.1285512E-02   8.2846421E-02
   1.0000000E-01   9.2310504E+06   3.9012696E+06   1.3115195E+07   8.0011901E-02   6.7266647E-02   7.6229220E-02
   1.5000000E-01   6.3171356E+06   2.5688669E+06   8.8735035E+06   7.6331584E-02   6.3674683E-02   7.2679596E-02
   2.0000000E-01   4.7585418E+06   1.8783785E+06   6.6271800E+06   7.3558263E-02   6.1511089E-02   7.0163574E-02
   2.5000000E-01   3.7895683E+06   1.4430133E+06   5.2254897E+06   7.1984119E-02   6.0574319E-02   6.8841187E-02
   3.0000000E-01   3.0776216E+06   1.1572474E+06   4.2294259E+06   7.1468734E-02   5.8999306E-02   6.8065128E-02
   3.5000000E-01   2.5538457E+06   9.3658591E+05   3.4862026E+06   7.1542484E-02   6.0032611E-02   6.8447053E-02
   4.0000000E-01   2.1641093E+06   7.7997063E+05   2.9403876E+06   7.1958769E-02   5.9113207E-02   6.8558162E-02
   4.5000000E-01   1.8333093E+06   6.5057589E+05   2.4810770E+06   7.3350887E-02   6.0076073E-02   6.9873917E-02
   5.0000000E-01   1.5602850E+06   5.4258467E+05   2.1008834E+06   7.4251616E-02   5.9972275E-02   7.0580512E-02
   5.5000000E-01   1.3331050E+06   4.5918227E+05   1.7904063E+06   7.5560537E-02   6.2052645E-02   7.2092793E-02
   6.0000000E-01   1.1417457E+06   3.8621069E+05   1.5265612E+06   7.8109536E-02   6.3306898E-02   7.4376578E-02
   6.5000000E-01   9.7188333E+05   3.2314330E+05   1.2938122E+06   8.1082254E-02   6.5851955E-02   7.7289909E-02
   7.0000000E-01   8.2150780E+05   2.6987222E+05   1.0904978E+06   8.4134249E-02   6.9300578E-02   8.0468936E-02
   7.5000000E-01   6.9048205E+05   2.2637775E+05   9.1619347E+05   8.8412269E-02   7.1446192E-02   8.4225865E-02
   8.0000000E-01   5.7325223E+05   1.8453220E+05   7.5732288E+05   9.3722808E-02   7.4590867E-02   8.9067190E-02
   8.5000000E-01   4.6124226E+05   1.4703295E+05   6.0794567E+05   1.0064976E-01   8.1360248E-02   9.5997306E-02
   9.0000000E-01   3.5423646E+05   1.1277012E+05   4.6684743E+05   1.0895016E-01   8.6152555E-02   1.0345268E-01
   9.5000000E-01   2.4171448E+05   7.6303906E+04   3.1791116E+05   1.2046362E-01   9.8732123E-02   1.1525962E-01
   1.0000000E+00   1.1659730E+05   3.6197729E+04   1.5278875E+05   1.3678629E-01   1.0786872E-01   1.2995591E-01
