   0.0000000E+00   4.1451383E+08   3.7062322E+08   7.8298783E+08   1.2096290E-03   5.9677715E-04   9.1943865E-04
   5.0000000E-02   1.9893095E+07   9.6289377E+06   2.9497586E+07   8.5760059E-03   7.1039617E-03   8.0933579E-03
   1.0000000E-01   1.2091860E+07   5.6507326E+06   1.7725627E+07   5.5638359E-03   5.1159927E-03   5.4162899E-03
   1.5000000E-01   8.6413282E+06   3.9680298E+06   1.2595395E+07   3.8661652E-03   3.5681450E-03   3.7690610E-03
   2.0000000E-01   6.6015401E+06   3.0146334E+06   9.6053350E+06   3.0631589E-03   2.9148170E-03   3.0154911E-03
   2.5000000E-01   5.2773742E+06   2.3755467E+06   7.6441101E+06   2.8724456E-03   2.6338222E-03   2.7958987E-03
   3.0000000E-01   4.2847588E+06   1.9256687E+06   6.2030427E+06   2.5941570E-03   2.4836971E-03   2.5602525E-03
   3.5000000E-01   3.5570675E+06   1.5872750E+06   5.1389221E+06   2.2687861E-03   2.0067762E-03   2.1795910E-03
   4.0000000E-01   2.9923278E+06   1.3253310E+06   4.3129000E+06   2.4661932E-03   2.9374697E-03   2.6105458E-03
   4.5000000E-01   2.5306909E+06   1.1149900E+06   3.6420734E+06   2.6510523E-03   2.7047271E-03   2.6657473E-03
   5.0000000E-01   2.1544868E+06   9.4285935E+05   3.0949079E+06   3.0702195E-03   2.4489440E-03   2.8898986E-03
   5.5000000E-01   1.8348829E+06   8.0630209E+05   2.6387253E+06   3.6073107E-03   3.1133422E-03   3.4621696E-03
   6.0000000E-01   1.5745888E+06   6.8574029E+05   2.2586474E+06   4.4060766E-03   4.0126458E-03   4.2793714E-03
   6.5000000E-01   1.3463284E+06   5.8187537E+05   1.9267493E+06   4.9327927E-03   3.9544337E-03   4.6326887E-03
   7.0000000E-01   1.1460702E+06   4.9634970E+05   1.6413513E+06   5.7518577E-03   5.2049986E-03   5.5746414E-03
   7.5000000E-01   9.7365901E+05   4.1868785E+05   1.3914641E+06   7.1300371E-03   6.1207109E-03   6.8167243E-03
   8.0000000E-01   8.1047267E+05   3.4857718E+05   1.1583615E+06   8.5659278E-03   7.5551354E-03   8.2542479E-03
   8.5000000E-01   6.6524894E+05   2.8545282E+05   9.5024114E+05   1.0716359E-02   9.8890912E-03   1.0458753E-02
   9.0000000E-01   5.2260824E+05   2.2557561E+05   7.4786908E+05   1.4696715E-02   1.3390231E-02   1.4296508E-02
   9.5000000E-01   3.8040042E+05   1.6339349E+05   5.4359957E+05   2.0878740E-02   1.9083134E-02   2.0321971E-02
   1.0000000E+00   2.2818339E+05   9.8432420E+04   3.2657180E+05   3.2472085E-02   2.7789613E-02   3.1048030E-02
