   0.0000000E+00   1.4215995E+09   8.5615021E+08   2.2450040E+09   3.0141783E-03   2.1782010E-03   2.7018343E-03
   5.0000000E-02   1.6039253E+07   7.4564091E+06   2.3468415E+07   1.0689481E-01   9.8121529E-02   1.0410088E-01
   1.0000000E-01   8.2588683E+06   3.7604175E+06   1.2005630E+07   1.0196180E-01   9.3684209E-02   9.9391041E-02
   1.5000000E-01   5.5487779E+06   2.4962922E+06   8.0356482E+06   9.8996292E-02   9.1783258E-02   9.6766216E-02
   2.0000000E-01   4.1774353E+06   1.8372847E+06   6.0072715E+06   9.8488579E-02   9.1409231E-02   9.6335106E-02
   2.5000000E-01   3.2923683E+06   1.4420838E+06   4.7282896E+06   9.7017362E-02   8.9980848E-02   9.4899475E-02
   3.0000000E-01   2.6849333E+06   1.1606746E+06   3.8415441E+06   9.7987519E-02   9.0748445E-02   9.5791537E-02
   3.5000000E-01   2.2358632E+06   9.5673948E+05   3.1888921E+06   9.8687727E-02   9.0726042E-02   9.6307870E-02
   4.0000000E-01   1.8945168E+06   8.1080690E+05   2.7019973E+06   1.0070818E-01   9.1254313E-02   9.7910677E-02
   4.5000000E-01   1.6174599E+06   6.8793840E+05   2.3031701E+06   1.0197028E-01   9.4390759E-02   9.9710258E-02
   5.0000000E-01   1.3992712E+06   5.8646687E+05   1.9840319E+06   1.0536026E-01   9.6747930E-02   1.0283553E-01
   5.5000000E-01   1.2029451E+06   5.0241454E+05   1.7036813E+06   1.0804086E-01   9.8886126E-02   1.0535069E-01
   6.0000000E-01   1.0400033E+06   4.3189877E+05   1.4705545E+06   1.1182210E-01   1.0240462E-01   1.0905973E-01
   6.5000000E-01   8.9902465E+05   3.7019929E+05   1.2681025E+06   1.1616816E-01   1.0455443E-01   1.1278179E-01
   7.0000000E-01   7.7338389E+05   3.1716397E+05   1.0896611E+06   1.1999697E-01   1.0934368E-01   1.1691614E-01
   7.5000000E-01   6.5709771E+05   2.6934534E+05   9.2568759E+05   1.2599302E-01   1.1350384E-01   1.2236739E-01
   8.0000000E-01   5.4868667E+05   2.2441245E+05   7.7260176E+05   1.3177688E-01   1.1827114E-01   1.2786496E-01
   8.5000000E-01   4.4818032E+05   1.8432389E+05   6.3215594E+05   1.3977190E-01   1.2778962E-01   1.3627447E-01
   9.0000000E-01   3.5110641E+05   1.4237294E+05   4.9326715E+05   1.4882842E-01   1.3379419E-01   1.4451004E-01
   9.5000000E-01   2.4067578E+05   9.7118022E+04   3.3767653E+05   1.5975126E-01   1.4607958E-01   1.5583297E-01
   1.0000000E+00   1.1364213E+05   4.5585120E+04   1.5920839E+05   1.7035816E-01   1.5823167E-01   1.6688808E-01
