   0.0000000E+00   1.9058873E+09   1.0906519E+09   2.9350361E+09   1.6671201E-03   1.2433858E-03   1.5139734E-03
   5.0000000E-02   1.2199417E+07   5.6099571E+06   1.7791358E+07   1.0484173E-01   9.5150684E-02   1.0178059E-01
   1.0000000E-01   6.2717870E+06   2.8075887E+06   9.0702402E+06   1.0037915E-01   9.1996415E-02   9.7782698E-02
   1.5000000E-01   4.2299776E+06   1.8475767E+06   6.0709759E+06   9.9138098E-02   8.9793301E-02   9.6304880E-02
   2.0000000E-01   3.1507427E+06   1.3480265E+06   4.4938831E+06   9.8554891E-02   9.0467413E-02   9.6147300E-02
   2.5000000E-01   2.4927484E+06   1.0566997E+06   3.5457302E+06   9.8455403E-02   9.0977628E-02   9.6242943E-02
   3.0000000E-01   2.0273157E+06   8.4787143E+05   2.8721525E+06   9.9491317E-02   9.0891896E-02   9.6959782E-02
   3.5000000E-01   1.6789937E+06   6.9542525E+05   2.3724545E+06   1.0033954E-01   9.1281712E-02   9.7697946E-02
   4.0000000E-01   1.4221210E+06   5.7876695E+05   1.9989463E+06   1.0265735E-01   9.1724946E-02   9.9498993E-02
   4.5000000E-01   1.2131426E+06   4.8972330E+05   1.7012815E+06   1.0445894E-01   9.4557759E-02   1.0162653E-01
   5.0000000E-01   1.0421720E+06   4.1551536E+05   1.4566433E+06   1.0776560E-01   9.6978286E-02   1.0469515E-01
   5.5000000E-01   8.9833416E+05   3.5229381E+05   1.2494242E+06   1.1242734E-01   9.9941766E-02   1.0891884E-01
   6.0000000E-01   7.7474504E+05   3.0363050E+05   1.0775426E+06   1.1487679E-01   1.0109817E-01   1.1099954E-01
   6.5000000E-01   6.6093865E+05   2.5846273E+05   9.1878435E+05   1.2030976E-01   1.0533152E-01   1.1612180E-01
   7.0000000E-01   5.6768749E+05   2.1798316E+05   7.8517500E+05   1.2529228E-01   1.0925043E-01   1.2087081E-01
   7.5000000E-01   4.7743512E+05   1.8559588E+05   6.6264479E+05   1.2976234E-01   1.1437169E-01   1.2546220E-01
   8.0000000E-01   3.9891789E+05   1.5258582E+05   5.5124110E+05   1.3774663E-01   1.2175680E-01   1.3332908E-01
   8.5000000E-01   3.2691923E+05   1.2290881E+05   4.4967450E+05   1.4539636E-01   1.2819066E-01   1.4069443E-01
   9.0000000E-01   2.5191752E+05   9.3675063E+04   3.4544404E+05   1.5574931E-01   1.3556785E-01   1.5028023E-01
   9.5000000E-01   1.7017517E+05   6.3326914E+04   2.3342167E+05   1.6576526E-01   1.4364665E-01   1.5977532E-01
   1.0000000E+00   7.8859113E+04   2.9759224E+04   1.0861205E+05   1.7957857E-01   1.5745190E-01   1.7352624E-01
