   0.0000000E+00   6.4638756E+08   6.0421379E+08   1.2409925E+09   4.5996090E-03   1.9474962E-03   3.3138658E-03
   5.0000000E-02   2.0445171E+07   9.4473101E+06   2.9849382E+07   5.5395225E-02   4.8355606E-02   5.3169583E-02
   1.0000000E-01   1.1516802E+07   5.0788889E+06   1.6573282E+07   4.7268961E-02   4.1272515E-02   4.5436085E-02
   1.5000000E-01   8.0671609E+06   3.4491210E+06   1.1495740E+07   4.1643231E-02   3.6729882E-02   4.0190139E-02
   2.0000000E-01   6.1793021E+06   2.5807929E+06   8.7447524E+06   3.8812204E-02   3.3915029E-02   3.7373091E-02
   2.5000000E-01   4.8856875E+06   2.0082171E+06   6.8823054E+06   3.6291455E-02   3.2499825E-02   3.5203537E-02
   3.0000000E-01   4.0070971E+06   1.6075180E+06   5.6050233E+06   3.5047427E-02   3.1010333E-02   3.3907711E-02
   3.5000000E-01   3.3254107E+06   1.3176392E+06   4.6358197E+06   3.4193518E-02   3.0205194E-02   3.3062970E-02
   4.0000000E-01   2.7849887E+06   1.0916995E+06   3.8704174E+06   3.3846062E-02   3.0024077E-02   3.2762183E-02
   4.5000000E-01   2.3533852E+06   9.1010455E+05   3.2585666E+06   3.4182293E-02   3.0038024E-02   3.3024018E-02
   5.0000000E-01   1.9924162E+06   7.6596818E+05   2.7547811E+06   3.5282137E-02   3.0736804E-02   3.4032520E-02
   5.5000000E-01   1.6938947E+06   6.4225675E+05   2.3332693E+06   3.6060711E-02   3.0647120E-02   3.4589117E-02
   6.0000000E-01   1.4390047E+06   5.4129127E+05   1.9779935E+06   3.7293161E-02   3.2232537E-02   3.5911073E-02
   6.5000000E-01   1.2139066E+06   4.5833685E+05   1.6704021E+06   3.9052545E-02   3.3921374E-02   3.7648798E-02
   7.0000000E-01   1.0268722E+06   3.8127613E+05   1.4068069E+06   4.1488057E-02   3.6040716E-02   4.0013372E-02
   7.5000000E-01   8.5453472E+05   3.1769449E+05   1.1712785E+06   4.4908971E-02   3.8678040E-02   4.3214439E-02
   8.0000000E-01   7.0581238E+05   2.5760421E+05   9.6276008E+05   4.8789563E-02   4.2737777E-02   4.7185553E-02
   8.5000000E-01   5.6986832E+05   2.0916704E+05   7.7849611E+05   5.3416065E-02   4.7048482E-02   5.1711539E-02
   9.0000000E-01   4.4152057E+05   1.6093748E+05   6.0217511E+05   6.2190408E-02   5.2751568E-02   5.9667284E-02
   9.5000000E-01   3.0596281E+05   1.1039992E+05   4.1620190E+05   7.2652376E-02   6.2257992E-02   6.9898346E-02
   1.0000000E+00   1.6022698E+05   5.7518989E+04   2.1772082E+05   8.8163697E-02   8.0059231E-02   8.6040081E-02
