   0.0000000E+00   6.4910312E+08   5.6023711E+08   1.2011900E+09   2.0710968E-03   1.0095882E-03   1.5761485E-03
   5.0000000E-02   1.8963120E+07   9.0930312E+06   2.8022602E+07   2.6470892E-02   2.2888706E-02   2.5315568E-02
   1.0000000E-01   1.1223352E+07   5.1033351E+06   1.6306061E+07   2.0430338E-02   1.7524894E-02   1.9528479E-02
   1.5000000E-01   8.0564232E+06   3.5573464E+06   1.1594820E+07   1.7223017E-02   1.4887926E-02   1.6508902E-02
   2.0000000E-01   6.1958860E+06   2.6733733E+06   8.8563678E+06   1.4774206E-02   1.3213071E-02   1.4293092E-02
   2.5000000E-01   4.9412390E+06   2.1032771E+06   7.0343938E+06   1.3897923E-02   1.2290065E-02   1.3414513E-02
   3.0000000E-01   4.0439998E+06   1.7040295E+06   5.7387559E+06   1.2954260E-02   1.2238803E-02   1.2744877E-02
   3.5000000E-01   3.3504207E+06   1.3898865E+06   4.7328951E+06   1.2956028E-02   1.1522748E-02   1.2532334E-02
   4.0000000E-01   2.8082810E+06   1.1453824E+06   3.9479179E+06   1.2797457E-02   1.1257337E-02   1.2354070E-02
   4.5000000E-01   2.3706871E+06   9.6294399E+05   3.3291536E+06   1.3386957E-02   1.1417509E-02   1.2823250E-02
   5.0000000E-01   2.0002530E+06   8.0487201E+05   2.8022093E+06   1.3383157E-02   1.1520483E-02   1.2845562E-02
   5.5000000E-01   1.6879742E+06   6.7592815E+05   2.3612054E+06   1.4666383E-02   1.2903591E-02   1.4171184E-02
   6.0000000E-01   1.4384318E+06   5.6988080E+05   2.0060791E+06   1.5458554E-02   1.3740308E-02   1.4963322E-02
   6.5000000E-01   1.2187645E+06   4.7844424E+05   1.6955927E+06   1.7175573E-02   1.5399316E-02   1.6673867E-02
   7.0000000E-01   1.0259946E+06   3.9899235E+05   1.4238410E+06   1.9881598E-02   1.6617469E-02   1.8954390E-02
   7.5000000E-01   8.5850723E+05   3.3133513E+05   1.1888704E+06   2.2788699E-02   1.8872105E-02   2.1676878E-02
   8.0000000E-01   7.0943316E+05   2.7185654E+05   9.8060931E+05   2.5430652E-02   2.2441888E-02   2.4606195E-02
   8.5000000E-01   5.7344837E+05   2.1900469E+05   7.9205611E+05   3.0074045E-02   2.5639875E-02   2.8849818E-02
   9.0000000E-01   4.4726783E+05   1.7004468E+05   6.1704371E+05   3.6773076E-02   3.0187102E-02   3.4966124E-02
   9.5000000E-01   3.2126514E+05   1.2085389E+05   4.4193810E+05   4.6555989E-02   4.0593790E-02   4.4931748E-02
   1.0000000E+00   1.7661876E+05   6.6057554E+04   2.4265745E+05   6.3450566E-02   5.5364939E-02   6.1222989E-02
