   0.0000000E+00   1.1334175E+08   1.7167242E+08   2.8472794E+08   8.0911642E-03   2.1755294E-03   4.5283330E-03
   5.0000000E-02   2.9869881E+07   1.4431343E+07   4.4252586E+07   9.0952186E-03   7.4709302E-03   8.5772908E-03
   1.0000000E-01   1.6905279E+07   7.9845807E+06   2.4858506E+07   5.3082884E-03   4.4450973E-03   5.0385848E-03
   1.5000000E-01   1.1365594E+07   5.3303537E+06   1.6671077E+07   3.6465107E-03   2.9646804E-03   3.4245549E-03
   2.0000000E-01   8.2790492E+06   3.8865955E+06   1.2148933E+07   2.8906357E-03   2.6079113E-03   2.8024664E-03
   2.5000000E-01   6.3182093E+06   2.9538775E+06   9.2596601E+06   2.4883691E-03   2.2764709E-03   2.4258004E-03
   3.0000000E-01   4.9637244E+06   2.3040437E+06   7.2593116E+06   1.9760430E-03   1.9493059E-03   1.9569226E-03
   3.5000000E-01   3.9707794E+06   1.8478071E+06   5.8120202E+06   2.0150709E-03   1.8899084E-03   1.9642875E-03
   4.0000000E-01   3.2192270E+06   1.5014677E+06   4.7152755E+06   1.8216292E-03   2.0194543E-03   1.8826313E-03
   4.5000000E-01   2.6489254E+06   1.2258538E+06   3.8709312E+06   2.0507796E-03   2.0733908E-03   2.0601852E-03
   5.0000000E-01   2.1780863E+06   1.0136578E+06   3.1892486E+06   2.3166283E-03   1.7827655E-03   2.1474235E-03
   5.5000000E-01   1.8122539E+06   8.4131618E+05   2.6513651E+06   1.9866989E-03   2.5728193E-03   2.1653261E-03
   6.0000000E-01   1.5064599E+06   7.0009076E+05   2.2048477E+06   2.5854271E-03   1.8764389E-03   2.3471247E-03
   6.5000000E-01   1.2570694E+06   5.7761981E+05   1.8335286E+06   3.1066628E-03   3.0478183E-03   3.0721231E-03
   7.0000000E-01   1.0466393E+06   4.8154829E+05   1.5271917E+06   3.9851342E-03   3.3644248E-03   3.7858320E-03
   7.5000000E-01   8.5964466E+05   3.9833724E+05   1.2572179E+06   4.6333950E-03   4.3167215E-03   4.5315339E-03
   8.0000000E-01   7.0408555E+05   3.2214552E+05   1.0257536E+06   5.6845725E-03   5.5935885E-03   5.6411405E-03
   8.5000000E-01   5.6004190E+05   2.5960980E+05   8.1935212E+05   7.0789176E-03   6.8897897E-03   7.0133012E-03
   9.0000000E-01   4.3430908E+05   1.9732737E+05   6.3146315E+05   9.3927411E-03   9.8159723E-03   9.5238937E-03
   9.5000000E-01   3.0563780E+05   1.3953030E+05   4.4507429E+05   1.3928656E-02   1.3344456E-02   1.3747972E-02
   1.0000000E+00   1.7912751E+05   8.3562240E+04   2.6267718E+05   2.5617094E-02   2.3936652E-02   2.5064306E-02
