   0.0000000E+00   3.8195709E+08   4.6026082E+08   8.3865844E+08   3.6367081E-03   1.1891758E-03   2.2987169E-03
   5.0000000E-02   2.7929146E+07   1.3199483E+07   4.1058028E+07   1.7558874E-02   1.4285708E-02   1.6501308E-02
   1.0000000E-01   1.6108899E+07   7.1763919E+06   2.3241492E+07   1.2434174E-02   1.0549870E-02   1.1857130E-02
   1.5000000E-01   1.1073110E+07   4.7913490E+06   1.5831248E+07   9.7052769E-03   8.6760021E-03   9.3999406E-03
   2.0000000E-01   8.1109179E+06   3.4385266E+06   1.1526892E+07   8.0855781E-03   7.2421456E-03   7.8279407E-03
   2.5000000E-01   6.1615627E+06   2.5696393E+06   8.7147645E+06   7.2390372E-03   6.1812389E-03   6.9359312E-03
   3.0000000E-01   4.7962403E+06   1.9694469E+06   6.7544933E+06   6.7254633E-03   5.8707186E-03   6.4852693E-03
   3.5000000E-01   3.8011111E+06   1.5377369E+06   5.3307629E+06   6.3568192E-03   5.2873457E-03   6.0577821E-03
   4.0000000E-01   3.0404642E+06   1.2164849E+06   4.2509410E+06   5.8756892E-03   5.2486969E-03   5.6883804E-03
   4.5000000E-01   2.4481143E+06   9.6563194E+05   3.4095516E+06   6.3504074E-03   4.8563959E-03   5.9248973E-03
   5.0000000E-01   1.9841719E+06   7.8072502E+05   2.7621149E+06   5.9463261E-03   4.9864755E-03   5.6620688E-03
   5.5000000E-01   1.6204057E+06   6.2704154E+05   2.2450859E+06   6.7678792E-03   5.7567929E-03   6.4867779E-03
   6.0000000E-01   1.3140469E+06   5.0972023E+05   1.8222021E+06   7.6007961E-03   5.6008988E-03   7.0417701E-03
   6.5000000E-01   1.0718865E+06   4.0998803E+05   1.4806699E+06   7.9730107E-03   7.2635226E-03   7.7826268E-03
   7.0000000E-01   8.6677146E+05   3.2962808E+05   1.1954764E+06   9.0177287E-03   7.9783680E-03   8.7252737E-03
   7.5000000E-01   7.0029873E+05   2.6476592E+05   9.6444925E+05   9.9368848E-03   9.9977164E-03   9.9608309E-03
   8.0000000E-01   5.5544279E+05   2.0847308E+05   7.6358165E+05   1.2798099E-02   1.1080190E-02   1.2332493E-02
   8.5000000E-01   4.3704696E+05   1.6345025E+05   6.0023134E+05   1.5232457E-02   1.3443584E-02   1.4759008E-02
   9.0000000E-01   3.2837202E+05   1.2255638E+05   4.5076924E+05   1.9545768E-02   1.7670559E-02   1.9036288E-02
   9.5000000E-01   2.2710238E+05   8.2904648E+04   3.0995341E+05   2.7282776E-02   2.6373942E-02   2.7027133E-02
   1.0000000E+00   1.2666376E+05   4.7546852E+04   1.7420432E+05   4.0937922E-02   3.9602952E-02   4.0566515E-02
