   0.0000000E+00   8.7870845E+07   8.7056481E+07   1.7481579E+08   1.6597369E-02   7.2135366E-03   1.1934098E-02
   5.0000000E-02   3.3580038E+07   1.6439814E+07   4.9955235E+07   1.1520774E-02   1.0066655E-02   1.1039836E-02
   1.0000000E-01   1.8115939E+07   8.8163244E+06   2.6901292E+07   6.1165943E-03   5.6610875E-03   5.9740531E-03
   1.5000000E-01   1.1889468E+07   5.8004974E+06   1.7664586E+07   4.0342281E-03   3.8669156E-03   3.9859987E-03
   2.0000000E-01   8.5131979E+06   4.1497423E+06   1.2645847E+07   3.3138877E-03   3.2676458E-03   3.3007341E-03
   2.5000000E-01   6.3987672E+06   3.1282604E+06   9.5146899E+06   2.8412576E-03   2.0598307E-03   2.5834534E-03
   3.0000000E-01   4.9761172E+06   2.4381901E+06   7.4051081E+06   2.2730379E-03   2.3955706E-03   2.3071551E-03
   3.5000000E-01   3.9563100E+06   1.9367429E+06   5.8866230E+06   1.7743184E-03   2.0442757E-03   1.8574391E-03
   4.0000000E-01   3.1953856E+06   1.5539172E+06   4.7443372E+06   1.8478665E-03   1.5762554E-03   1.7575083E-03
   4.5000000E-01   2.6040932E+06   1.2728434E+06   3.8729188E+06   2.3563040E-03   2.2839199E-03   2.3308117E-03
   5.0000000E-01   2.1365151E+06   1.0450750E+06   3.1791646E+06   2.2845617E-03   1.9087969E-03   2.1593113E-03
   5.5000000E-01   1.7712903E+06   8.6005016E+05   2.6292628E+06   2.5521531E-03   2.7318958E-03   2.6111974E-03
   6.0000000E-01   1.4640769E+06   7.1757659E+05   2.1802052E+06   2.4263005E-03   1.8946258E-03   2.2533863E-03
   6.5000000E-01   1.2142592E+06   5.9202211E+05   1.8050619E+06   2.9964257E-03   2.6798134E-03   2.8907025E-03
   7.0000000E-01   1.0043996E+06   4.8988801E+05   1.4933508E+06   3.6511029E-03   3.2189795E-03   3.5115164E-03
   7.5000000E-01   8.2398970E+05   4.0093040E+05   1.2243938E+06   4.5018363E-03   3.6860287E-03   4.1511668E-03
   8.0000000E-01   6.7015770E+05   3.2573844E+05   9.9536695E+05   4.7522872E-03   5.0879771E-03   4.8749982E-03
   8.5000000E-01   5.3039040E+05   2.5897318E+05   7.8900408E+05   6.7388399E-03   6.5197619E-03   6.6670044E-03
   9.0000000E-01   4.0767362E+05   1.9904978E+05   6.0658193E+05   8.9552934E-03   9.3303640E-03   9.0680839E-03
   9.5000000E-01   2.8555077E+05   1.4080689E+05   4.2626385E+05   1.3470837E-02   1.2155671E-02   1.3020734E-02
   1.0000000E+00   1.6577893E+05   8.2625387E+04   2.4839803E+05   2.3713449E-02   2.1791508E-02   2.3071936E-02
