   0.0000000E+00   5.0348730E+08   4.3071758E+08   9.3036836E+08   1.3709231E-03   6.9008027E-04   1.0569822E-03
   5.0000000E-02   1.7561156E+07   8.4975371E+06   2.6034056E+07   1.4594147E-02   1.2596361E-02   1.3939075E-02
   1.0000000E-01   1.0784562E+07   5.0473444E+06   1.5814399E+07   9.8119464E-03   8.6836789E-03   9.4467551E-03
   1.5000000E-01   7.8918994E+06   3.5903658E+06   1.1467114E+07   7.5350830E-03   6.6838979E-03   7.2667062E-03
   2.0000000E-01   6.1353912E+06   2.7683411E+06   8.8923527E+06   6.4322362E-03   6.0777186E-03   6.3269151E-03
   2.5000000E-01   4.9539077E+06   2.2087396E+06   7.1527160E+06   5.9016527E-03   4.9052578E-03   5.5907544E-03
   3.0000000E-01   4.0916932E+06   1.8077667E+06   5.8918629E+06   4.9691176E-03   4.8652469E-03   4.9284709E-03
   3.5000000E-01   3.4319626E+06   1.5049510E+06   4.9305474E+06   5.4143689E-03   4.9487088E-03   5.2701554E-03
   4.0000000E-01   2.9102436E+06   1.2694039E+06   4.1747217E+06   5.3517294E-03   4.9957564E-03   5.2517479E-03
   4.5000000E-01   2.4874503E+06   1.0769626E+06   3.5601051E+06   5.7732401E-03   4.6045684E-03   5.4203018E-03
   5.0000000E-01   2.1387114E+06   9.2101056E+05   3.0570609E+06   5.7063339E-03   5.1565165E-03   5.5388614E-03
   5.5000000E-01   1.8367117E+06   7.9070491E+05   2.6247717E+06   6.6422022E-03   6.1998246E-03   6.5177761E-03
   6.0000000E-01   1.5849392E+06   6.7810616E+05   2.2608968E+06   7.8860685E-03   6.7097757E-03   7.5210213E-03
   6.5000000E-01   1.3567298E+06   5.7885877E+05   1.9338011E+06   8.3543578E-03   7.8153956E-03   8.1879607E-03
   7.0000000E-01   1.1698207E+06   4.9733191E+05   1.6659203E+06   9.6804661E-03   9.5910088E-03   9.6501855E-03
   7.5000000E-01   9.9223982E+05   4.2010963E+05   1.4112332E+06   1.1615259E-02   1.0615791E-02   1.1310821E-02
   8.0000000E-01   8.3814574E+05   3.5302556E+05   1.1902124E+06   1.3666505E-02   1.2725376E-02   1.3377971E-02
   8.5000000E-01   6.9158253E+05   2.9035853E+05   9.8133814E+05   1.7949162E-02   1.6365866E-02   1.7481502E-02
   9.0000000E-01   5.4886174E+05   2.3045636E+05   7.7898210E+05   2.0848118E-02   1.9978269E-02   2.0603079E-02
   9.5000000E-01   4.0284964E+05   1.6606394E+05   5.6869244E+05   2.9321190E-02   2.6791850E-02   2.8574223E-02
   1.0000000E+00   2.3509346E+05   9.8558172E+04   3.3362020E+05   4.4226092E-02   3.9874739E-02   4.2942028E-02
