   0.0000000E+00   7.5722612E+07   5.1044683E+07   1.2672400E+08   1.6988836E-02   1.0778445E-02   1.4482718E-02
   5.0000000E-02   3.1577932E+07   1.5590373E+07   4.7125206E+07   8.9637536E-03   7.9305892E-03   8.6260914E-03
   1.0000000E-01   1.6826879E+07   8.3401965E+06   2.5143712E+07   4.2402323E-03   3.8839311E-03   4.1227716E-03
   1.5000000E-01   1.1092654E+07   5.5191963E+06   1.6592561E+07   2.6058348E-03   2.5449682E-03   2.5914889E-03
   2.0000000E-01   8.0212977E+06   3.9913991E+06   1.1999710E+07   2.2307761E-03   2.0539266E-03   2.1717444E-03
   2.5000000E-01   6.1354995E+06   3.0623194E+06   9.1879894E+06   1.9138360E-03   2.3703505E-03   2.0735652E-03
   3.0000000E-01   4.8444643E+06   2.3980830E+06   7.2359477E+06   1.5242692E-03   1.2481200E-03   1.4139880E-03
   3.5000000E-01   3.9040708E+06   1.9452918E+06   5.8441786E+06   1.4590854E-03   1.1665704E-03   1.3605616E-03
   4.0000000E-01   3.1956960E+06   1.5893929E+06   4.7809906E+06   1.4565622E-03   1.9829135E-03   1.6252820E-03
   4.5000000E-01   2.6501562E+06   1.3230515E+06   3.9701519E+06   1.4858740E-03   1.6036624E-03   1.5092839E-03
   5.0000000E-01   2.2174485E+06   1.1019443E+06   3.3170882E+06   1.8300309E-03   1.6637621E-03   1.7629393E-03
   5.5000000E-01   1.8598326E+06   9.2712674E+05   2.7848585E+06   1.9832904E-03   1.9231126E-03   1.9344784E-03
   6.0000000E-01   1.5659520E+06   7.8023058E+05   2.3446812E+06   2.0960217E-03   1.7747332E-03   1.9742186E-03
   6.5000000E-01   1.3212407E+06   6.5818159E+05   1.9781980E+06   1.6669808E-03   1.7674923E-03   1.6738229E-03
   7.0000000E-01   1.1033848E+06   5.5202210E+05   1.6545748E+06   2.6976280E-03   2.9490508E-03   2.7505212E-03
   7.5000000E-01   9.1855745E+05   4.6235572E+05   1.3802765E+06   3.3634950E-03   2.6577638E-03   3.1217894E-03
   8.0000000E-01   7.5862795E+05   3.7781394E+05   1.1358888E+06   4.3872307E-03   4.0566643E-03   4.2756349E-03
   8.5000000E-01   6.1362282E+05   3.0417318E+05   9.1739531E+05   4.8716673E-03   5.8001706E-03   5.1605326E-03
   9.0000000E-01   4.7277153E+05   2.3640522E+05   7.0898222E+05   7.2620830E-03   7.6387771E-03   7.3777603E-03
   9.5000000E-01   3.3336762E+05   1.6662350E+05   4.9985374E+05   9.8717039E-03   1.1750808E-02   1.0497928E-02
   1.0000000E+00   1.9622979E+05   9.7451554E+04   2.9366248E+05   1.8850734E-02   2.1125784E-02   1.9603504E-02
