   0.0000000E+00   2.9529430E+08   3.7116308E+08   6.6446501E+08   2.9874192E-03   9.7978859E-04   1.8684060E-03
   5.0000000E-02   2.9328309E+07   1.3924721E+07   4.3191850E+07   9.7382317E-03   8.1622246E-03   9.2274724E-03
   1.0000000E-01   1.6918712E+07   7.7046590E+06   2.4588388E+07   6.2237910E-03   5.3063671E-03   5.9334135E-03
   1.5000000E-01   1.1471952E+07   5.1213302E+06   1.6562597E+07   4.5800175E-03   3.9401244E-03   4.3855036E-03
   2.0000000E-01   8.3350239E+06   3.6597202E+06   1.1972017E+07   3.5918838E-03   3.3366441E-03   3.5126822E-03
   2.5000000E-01   6.3037453E+06   2.7271263E+06   9.0158474E+06   3.2729928E-03   2.8909225E-03   3.1491656E-03
   3.0000000E-01   4.9027786E+06   2.0966436E+06   6.9887482E+06   2.9311483E-03   3.0058963E-03   2.9492649E-03
   3.5000000E-01   3.8566062E+06   1.6411694E+06   5.4903544E+06   2.8134292E-03   2.1386065E-03   2.6061479E-03
   4.0000000E-01   3.0848843E+06   1.2978131E+06   4.3773259E+06   2.7542635E-03   2.5174825E-03   2.6873012E-03
   4.5000000E-01   2.4865307E+06   1.0425568E+06   3.5253527E+06   2.5475869E-03   2.7848841E-03   2.6114379E-03
   5.0000000E-01   2.0204020E+06   8.4047816E+05   2.8584737E+06   3.1451297E-03   2.6983570E-03   3.0081216E-03
   5.5000000E-01   1.6476241E+06   6.7939483E+05   2.3247097E+06   2.9965752E-03   3.2936130E-03   3.0816210E-03
   6.0000000E-01   1.3457293E+06   5.4950366E+05   1.8935088E+06   3.3992261E-03   2.9290247E-03   3.2626779E-03
   6.5000000E-01   1.0925815E+06   4.4438998E+05   1.5359333E+06   4.0953021E-03   4.0136199E-03   4.0647526E-03
   7.0000000E-01   8.9106760E+05   3.6041774E+05   1.2506759E+06   5.1879568E-03   4.4300532E-03   4.9756558E-03
   7.5000000E-01   7.2237246E+05   2.9014583E+05   1.0118647E+06   6.4399145E-03   5.1713846E-03   6.0789785E-03
   8.0000000E-01   5.8026699E+05   2.3037678E+05   8.1028169E+05   7.1297688E-03   6.2297086E-03   6.8789425E-03
   8.5000000E-01   4.5186148E+05   1.8094606E+05   6.3253043E+05   9.9918335E-03   7.8874325E-03   9.3918273E-03
   9.0000000E-01   3.4002569E+05   1.3626493E+05   4.7618098E+05   1.3441381E-02   1.1683070E-02   1.2941843E-02
   9.5000000E-01   2.3797182E+05   9.4685464E+04   3.3258692E+05   1.9570940E-02   1.7209578E-02   1.8898660E-02
   1.0000000E+00   1.3713261E+05   5.4268299E+04   1.9138205E+05   3.0237195E-02   2.9390297E-02   2.9984697E-02
