   0.0000000E+00   1.8283109E+08   2.9158968E+08   4.7349436E+08   4.6170104E-03   1.0302133E-03   2.4109147E-03
   5.0000000E-02   2.8357146E+07   1.3642825E+07   4.1941784E+07   9.4894537E-03   7.3031529E-03   8.7807727E-03
   1.0000000E-01   1.6465788E+07   7.5672128E+06   2.3995695E+07   6.0572572E-03   4.7196337E-03   5.6382148E-03
   1.5000000E-01   1.1311800E+07   5.0699125E+06   1.6354847E+07   4.2260222E-03   3.7350689E-03   4.0757259E-03
   2.0000000E-01   8.2715689E+06   3.6760336E+06   1.1928122E+07   3.5601521E-03   2.7922177E-03   3.3211580E-03
   2.5000000E-01   6.3407711E+06   2.7942770E+06   9.1212462E+06   2.9884268E-03   2.6773426E-03   2.8887927E-03
   3.0000000E-01   4.9653902E+06   2.1754146E+06   7.1314465E+06   2.7280761E-03   2.5501434E-03   2.6781540E-03
   3.5000000E-01   3.9622487E+06   1.7266674E+06   5.6818769E+06   2.6497198E-03   2.6286322E-03   2.6407886E-03
   4.0000000E-01   3.2056034E+06   1.3792447E+06   4.5794209E+06   2.3758040E-03   2.2249837E-03   2.3349631E-03
   4.5000000E-01   2.6143003E+06   1.1261733E+06   3.7366893E+06   2.6745073E-03   2.2368162E-03   2.5346413E-03
   5.0000000E-01   2.1468856E+06   9.1431332E+05   3.0586970E+06   3.0357327E-03   2.2790379E-03   2.8056867E-03
   5.5000000E-01   1.7694036E+06   7.5871187E+05   2.5256211E+06   3.3469587E-03   2.6276386E-03   3.1284191E-03
   6.0000000E-01   1.4617320E+06   6.2778137E+05   2.0879537E+06   3.5598877E-03   3.1823032E-03   3.4472812E-03
   6.5000000E-01   1.2098469E+06   5.1324286E+05   1.7217920E+06   3.5747265E-03   3.2275266E-03   3.4638147E-03
   7.0000000E-01   9.9950214E+05   4.2265187E+05   1.4211581E+06   5.1605887E-03   4.3868039E-03   4.9320555E-03
   7.5000000E-01   8.2017423E+05   3.4510733E+05   1.1646110E+06   5.8672684E-03   4.7938955E-03   5.5434157E-03
   8.0000000E-01   6.6203284E+05   2.7928112E+05   9.4084047E+05   7.5408527E-03   6.9488092E-03   7.3519443E-03
   8.5000000E-01   5.2442115E+05   2.2090706E+05   7.4505110E+05   9.5719338E-03   7.7053111E-03   9.0090308E-03
   9.0000000E-01   4.0188392E+05   1.7007651E+05   5.7181895E+05   1.2708378E-02   1.1568039E-02   1.2353408E-02
   9.5000000E-01   2.8293058E+05   1.1793214E+05   4.0073204E+05   1.7417570E-02   1.7441879E-02   1.7420572E-02
   1.0000000E+00   1.6516275E+05   6.9735801E+04   2.3487969E+05   3.0748044E-02   2.9063885E-02   3.0251382E-02
