   0.0000000E+00   1.2896032E+08   1.8744938E+08   3.1589226E+08   2.2452389E-02   6.3515486E-03   1.2911666E-02
   5.0000000E-02   2.3759223E+07   1.1388364E+07   3.5098440E+07   4.4209721E-02   3.8118172E-02   4.2218516E-02
   1.0000000E-01   1.3547714E+07   6.3710042E+06   1.9893254E+07   3.3260003E-02   2.9617541E-02   3.2090853E-02
   1.5000000E-01   9.5085529E+06   4.4198177E+06   1.3903267E+07   2.7036843E-02   2.3974120E-02   2.6073019E-02
   2.0000000E-01   7.2255867E+06   3.3396118E+06   1.0544986E+07   2.3077666E-02   2.1583526E-02   2.2600139E-02
   2.5000000E-01   5.7462574E+06   2.6412718E+06   8.3728742E+06   2.0964790E-02   1.8739711E-02   2.0256619E-02
   3.0000000E-01   4.6698607E+06   2.1585973E+06   6.8172853E+06   1.8774964E-02   1.7370367E-02   1.8325883E-02
   3.5000000E-01   3.8716486E+06   1.7917845E+06   5.6546569E+06   1.7550265E-02   1.6416270E-02   1.7192242E-02
   4.0000000E-01   3.2505965E+06   1.5007356E+06   4.7432391E+06   1.7445510E-02   1.5879366E-02   1.6936751E-02
   4.5000000E-01   2.7534017E+06   1.2684366E+06   4.0155146E+06   1.6586118E-02   1.5785394E-02   1.6343394E-02
   5.0000000E-01   2.3412838E+06   1.0788604E+06   3.4162800E+06   1.7088842E-02   1.5763484E-02   1.6665932E-02
   5.5000000E-01   2.0021576E+06   9.2633386E+05   2.9243419E+06   1.7260343E-02   1.6011118E-02   1.6866090E-02
   6.0000000E-01   1.7088519E+06   7.9037406E+05   2.4959421E+06   1.8092077E-02   1.7525326E-02   1.7913309E-02
   6.5000000E-01   1.4623303E+06   6.7738303E+05   2.1372207E+06   1.9096865E-02   1.8575120E-02   1.8932122E-02
   7.0000000E-01   1.2426272E+06   5.7588170E+05   1.8164990E+06   2.0817543E-02   2.0534207E-02   2.0727526E-02
   7.5000000E-01   1.0505330E+06   4.8707354E+05   1.5359810E+06   2.3958090E-02   2.2526839E-02   2.3499508E-02
   8.0000000E-01   8.7717053E+05   4.0568197E+05   1.2818578E+06   2.6472713E-02   2.4675294E-02   2.5900115E-02
   8.5000000E-01   7.2002445E+05   3.3426657E+05   1.0534672E+06   2.9447685E-02   2.8278086E-02   2.9063525E-02
   9.0000000E-01   5.6903197E+05   2.6203270E+05   8.3055184E+05   3.5099267E-02   3.4093879E-02   3.4769452E-02
   9.5000000E-01   4.0991612E+05   1.8990033E+05   5.9955175E+05   4.4795879E-02   4.3206564E-02   4.4282406E-02
   1.0000000E+00   2.3165415E+05   1.0671319E+05   3.3827931E+05   5.8151804E-02   5.8805026E-02   5.8352039E-02
