   0.0000000E+00   9.6686246E+07   1.0924599E+08   2.0581306E+08   1.3041043E-02   4.7632534E-03   8.6526440E-03
   5.0000000E-02   3.0127076E+07   1.4655624E+07   4.4735144E+07   1.0902460E-02   9.9004085E-03   1.0571893E-02
   1.0000000E-01   1.6634588E+07   8.0573463E+06   2.4665037E+07   5.8667504E-03   5.3012538E-03   5.6832499E-03
   1.5000000E-01   1.1122554E+07   5.3810074E+06   1.6483168E+07   4.0842661E-03   3.6814704E-03   3.9488364E-03
   2.0000000E-01   8.0995065E+06   3.9259386E+06   1.2010532E+07   3.3248321E-03   2.7259080E-03   3.1331511E-03
   2.5000000E-01   6.1826220E+06   2.9827801E+06   9.1541722E+06   2.7549002E-03   2.7848697E-03   2.7579302E-03
   3.0000000E-01   4.8879984E+06   2.3585383E+06   7.2385684E+06   2.2524698E-03   1.9842989E-03   2.1602655E-03
   3.5000000E-01   3.9370022E+06   1.8967449E+06   5.8277083E+06   2.0552003E-03   2.1383914E-03   2.0761364E-03
   4.0000000E-01   3.2155187E+06   1.5457128E+06   4.7565524E+06   2.2254853E-03   2.2613713E-03   2.2349047E-03
   4.5000000E-01   2.6539193E+06   1.2823998E+06   3.9327116E+06   2.0602958E-03   2.3120914E-03   2.1506684E-03
   5.0000000E-01   2.2075491E+06   1.0666628E+06   3.2716527E+06   2.3743918E-03   2.2131631E-03   2.3120647E-03
   5.5000000E-01   1.8454276E+06   8.8850128E+05   2.7317470E+06   2.3883273E-03   2.5460060E-03   2.4257879E-03
   6.0000000E-01   1.5477977E+06   7.4711574E+05   2.2933378E+06   2.7326349E-03   2.8349888E-03   2.7692854E-03
   6.5000000E-01   1.3028375E+06   6.2701661E+05   1.9285955E+06   2.7118436E-03   3.3518087E-03   2.8957106E-03
   7.0000000E-01   1.0908298E+06   5.2383803E+05   1.6137311E+06   3.2115057E-03   4.1413229E-03   3.5057920E-03
   7.5000000E-01   9.0334224E+05   4.3639437E+05   1.3390066E+06   4.6973840E-03   5.0417680E-03   4.7942261E-03
   8.0000000E-01   7.4289946E+05   3.5677366E+05   1.0992275E+06   5.1158959E-03   4.8542696E-03   5.0118858E-03
   8.5000000E-01   5.9550162E+05   2.8762856E+05   8.8278191E+05   6.5252386E-03   6.9176917E-03   6.6420088E-03
   9.0000000E-01   4.6259976E+05   2.2223335E+05   6.8465627E+05   9.1634053E-03   7.8917608E-03   8.7431939E-03
   9.5000000E-01   3.2536296E+05   1.5770412E+05   4.8296991E+05   1.3388670E-02   1.3609637E-02   1.3433449E-02
   1.0000000E+00   1.9365188E+05   9.2584950E+04   2.8620539E+05   2.4125299E-02   2.4616653E-02   2.4263248E-02
