   0.0000000E+00   6.5308021E+07   7.9760309E+07   1.4499601E+08   3.0289890E-02   1.0662122E-02   1.9494894E-02
   5.0000000E-02   1.9808743E+07   9.7152634E+06   2.9499305E+07   3.3984381E-02   2.9395653E-02   3.2465196E-02
   1.0000000E-01   1.1682323E+07   5.6680805E+06   1.7335475E+07   2.2983213E-02   2.0511446E-02   2.2177412E-02
   1.5000000E-01   8.4318591E+06   4.0825365E+06   1.2498926E+07   1.7234248E-02   1.5564053E-02   1.6690643E-02
   2.0000000E-01   6.5505946E+06   3.1775284E+06   9.7168231E+06   1.3986842E-02   1.3221647E-02   1.3746883E-02
   2.5000000E-01   5.3135724E+06   2.5760946E+06   7.8801687E+06   1.1540138E-02   1.0167105E-02   1.1087280E-02
   3.0000000E-01   4.4304492E+06   2.1543425E+06   6.5775555E+06   1.0244576E-02   9.7828393E-03   1.0089627E-02
   3.5000000E-01   3.7717266E+06   1.8370573E+06   5.6026996E+06   9.6501293E-03   9.3369829E-03   9.5610803E-03
   4.0000000E-01   3.2473418E+06   1.5848729E+06   4.8267397E+06   9.1436753E-03   8.8020712E-03   9.0359196E-03
   4.5000000E-01   2.8135552E+06   1.3669500E+06   4.1759852E+06   9.6960700E-03   8.8738970E-03   9.4270096E-03
   5.0000000E-01   2.4613694E+06   1.1966733E+06   3.6549169E+06   9.2742237E-03   8.9225801E-03   9.1718208E-03
   5.5000000E-01   2.1601724E+06   1.0484375E+06   3.2052937E+06   9.9966950E-03   9.7830348E-03   9.9330976E-03
   6.0000000E-01   1.8825642E+06   9.1629745E+05   2.7961083E+06   1.1008408E-02   1.1224397E-02   1.1072548E-02
   6.5000000E-01   1.6475475E+06   8.0392835E+05   2.4492183E+06   1.1826655E-02   1.1632820E-02   1.1765480E-02
   7.0000000E-01   1.4380559E+06   7.0500638E+05   2.1411842E+06   1.3055955E-02   1.3059201E-02   1.3063580E-02
   7.5000000E-01   1.2503340E+06   6.1103615E+05   1.8596640E+06   1.4621454E-02   1.4937938E-02   1.4737733E-02
   8.0000000E-01   1.0690159E+06   5.1964885E+05   1.5874034E+06   1.7032221E-02   1.6133900E-02   1.6731182E-02
   8.5000000E-01   8.9644303E+05   4.3958595E+05   1.3350591E+06   2.0219390E-02   2.0977528E-02   2.0465660E-02
   9.0000000E-01   7.2567227E+05   3.5531518E+05   1.0804463E+06   2.4993105E-02   2.4283915E-02   2.4769964E-02
   9.5000000E-01   5.4167296E+05   2.6414024E+05   8.0541448E+05   3.2340362E-02   3.2241274E-02   3.2318987E-02
   1.0000000E+00   3.2281810E+05   1.5719007E+05   4.7990128E+05   4.6404778E-02   4.6465047E-02   4.6429003E-02
