   0.0000000E+00   1.6390616E+08   2.6168841E+08   4.2478938E+08   9.4817055E-03   2.2505867E-03   5.0322652E-03
   5.0000000E-02   3.1434120E+07   1.4926824E+07   4.6297473E+07   1.6291420E-02   1.2974168E-02   1.5225345E-02
   1.0000000E-01   1.7741352E+07   8.1350139E+06   2.5836068E+07   1.0634121E-02   8.7057364E-03   1.0029197E-02
   1.5000000E-01   1.1922467E+07   5.3935064E+06   1.7284036E+07   8.0709121E-03   6.9990097E-03   7.7406786E-03
   2.0000000E-01   8.6684695E+06   3.8778261E+06   1.2522581E+07   6.2980620E-03   5.7027198E-03   6.1255805E-03
   2.5000000E-01   6.5191775E+06   2.8902283E+06   9.3943815E+06   5.5890392E-03   5.0149314E-03   5.4034072E-03
   3.0000000E-01   5.0663156E+06   2.2438937E+06   7.2993125E+06   5.0999707E-03   4.7189096E-03   4.9844810E-03
   3.5000000E-01   3.9923244E+06   1.7590259E+06   5.7430015E+06   4.5869472E-03   3.6703325E-03   4.2992004E-03
   4.0000000E-01   3.1961018E+06   1.4033726E+06   4.5935459E+06   4.1753421E-03   4.3229949E-03   4.2212194E-03
   4.5000000E-01   2.5801704E+06   1.1327800E+06   3.7088973E+06   4.1667402E-03   3.2897196E-03   3.9012866E-03
   5.0000000E-01   2.0902264E+06   9.1752825E+05   3.0050299E+06   4.2136228E-03   3.7435608E-03   4.0635675E-03
   5.5000000E-01   1.7067487E+06   7.4568431E+05   2.4499212E+06   4.2941560E-03   4.3940956E-03   4.3255189E-03
   6.0000000E-01   1.3984520E+06   6.1170141E+05   2.0084081E+06   4.9109256E-03   4.5198059E-03   4.7904623E-03
   6.5000000E-01   1.1417678E+06   4.9779259E+05   1.6383459E+06   5.7603290E-03   5.1526315E-03   5.5658287E-03
   7.0000000E-01   9.3469879E+05   4.0671818E+05   1.3405075E+06   6.5197656E-03   6.0992999E-03   6.3924609E-03
   7.5000000E-01   7.5816746E+05   3.3004067E+05   1.0875418E+06   8.0503958E-03   7.1475688E-03   7.7661830E-03
   8.0000000E-01   6.0754216E+05   2.6483383E+05   8.7195821E+05   9.0047419E-03   8.2216908E-03   8.7748775E-03
   8.5000000E-01   4.7700047E+05   2.0768784E+05   6.8444864E+05   1.1053737E-02   1.0779927E-02   1.0972543E-02
   9.0000000E-01   3.6298291E+05   1.5559695E+05   5.1841009E+05   1.4655067E-02   1.3349809E-02   1.4249831E-02
   9.5000000E-01   2.5086170E+05   1.0900941E+05   3.5977394E+05   1.9999070E-02   2.0406903E-02   2.0125492E-02
   1.0000000E+00   1.4533165E+05   6.2247267E+04   2.0757263E+05   3.4618870E-02   3.2668971E-02   3.4004040E-02
