   0.0000000E+00   5.9953794E+07   5.5354853E+07   1.1527656E+08   1.7795363E-02   8.6622347E-03   1.3414400E-02
   5.0000000E-02   2.4018072E+07   1.1839982E+07   3.5828197E+07   1.1940520E-02   1.0028127E-02   1.1307342E-02
   1.0000000E-01   1.3608830E+07   6.6623851E+06   2.0256191E+07   6.6186596E-03   5.8787726E-03   6.3792663E-03
   1.5000000E-01   9.4050173E+06   4.6436107E+06   1.4034856E+07   4.0633575E-03   3.1013893E-03   3.7373467E-03
   2.0000000E-01   7.0861351E+06   3.4947402E+06   1.0570705E+07   3.2090043E-03   2.8539993E-03   3.0919568E-03
   2.5000000E-01   5.6035145E+06   2.7820666E+06   8.3775979E+06   2.4366639E-03   2.6144040E-03   2.4819748E-03
   3.0000000E-01   4.5836730E+06   2.2644247E+06   6.8411267E+06   2.3738447E-03   2.1026891E-03   2.2859390E-03
   3.5000000E-01   3.8271944E+06   1.8842854E+06   5.7059230E+06   2.0875997E-03   2.2574569E-03   2.1461578E-03
   4.0000000E-01   3.2276861E+06   1.5978679E+06   4.8212170E+06   2.4622982E-03   2.1966208E-03   2.3769382E-03
   4.5000000E-01   2.7658370E+06   1.3668509E+06   4.1291300E+06   1.9091053E-03   2.1789922E-03   1.9814893E-03
   5.0000000E-01   2.3769536E+06   1.1733857E+06   3.5481494E+06   2.4553201E-03   2.1768238E-03   2.3428774E-03
   5.5000000E-01   2.0586084E+06   1.0160915E+06   3.0723733E+06   2.5865812E-03   1.8969249E-03   2.3432670E-03
   6.0000000E-01   1.7874692E+06   8.7479514E+05   2.6603491E+06   2.7999453E-03   2.6584004E-03   2.7501698E-03
   6.5000000E-01   1.5463445E+06   7.6017298E+05   2.3050386E+06   3.0742530E-03   2.9924663E-03   3.0362920E-03
   7.0000000E-01   1.3306308E+06   6.5685064E+05   1.9861355E+06   3.9291122E-03   4.8645091E-03   4.2414604E-03
   7.5000000E-01   1.1413447E+06   5.6298833E+05   1.7032889E+06   4.6196560E-03   5.0183466E-03   4.7473121E-03
   8.0000000E-01   9.6096959E+05   4.7586134E+05   1.4360551E+06   6.4832714E-03   6.3277981E-03   6.4341972E-03
   8.5000000E-01   7.9783811E+05   3.9385044E+05   1.1911306E+06   7.4878853E-03   8.0881870E-03   7.6780394E-03
   9.0000000E-01   6.3530409E+05   3.1450431E+05   9.4954315E+05   9.0398775E-03   8.9023026E-03   9.0008413E-03
   9.5000000E-01   4.5866109E+05   2.2740728E+05   6.8586064E+05   1.3413148E-02   1.3637398E-02   1.3483370E-02
   1.0000000E+00   2.7815726E+05   1.3631523E+05   4.1444733E+05   2.5206505E-02   2.3022550E-02   2.4476178E-02
