   0.0000000E+00   1.9359709E+08   2.5851295E+08   4.5138481E+08   5.5483986E-03   1.6851743E-03   3.3416465E-03
   5.0000000E-02   3.4155351E+07   1.6255067E+07   5.0337844E+07   9.4032647E-03   8.2410486E-03   9.0345654E-03
   1.0000000E-01   1.8927597E+07   8.8064568E+06   2.7696589E+07   5.5815121E-03   5.2424994E-03   5.4723012E-03
   1.5000000E-01   1.2516772E+07   5.7341828E+06   1.8216005E+07   3.8383365E-03   3.3710969E-03   3.6816252E-03
   2.0000000E-01   8.9174515E+06   4.0383179E+06   1.2933424E+07   3.0801888E-03   2.5710892E-03   2.9323188E-03
   2.5000000E-01   6.6147086E+06   2.9899739E+06   9.5900021E+06   2.3417709E-03   2.5530977E-03   2.4102231E-03
   3.0000000E-01   5.0589415E+06   2.2696874E+06   7.3179337E+06   2.2907348E-03   2.3247782E-03   2.2984755E-03
   3.5000000E-01   3.9377207E+06   1.7655649E+06   5.6951186E+06   2.2300740E-03   1.9169251E-03   2.1287294E-03
   4.0000000E-01   3.1103810E+06   1.3896773E+06   4.4947186E+06   2.2556982E-03   1.7656366E-03   2.0889885E-03
   4.5000000E-01   2.4890065E+06   1.0964219E+06   3.5812692E+06   2.1914387E-03   1.4665421E-03   1.9743482E-03
   5.0000000E-01   1.9923143E+06   8.8234864E+05   2.8723838E+06   2.1519230E-03   2.6825192E-03   2.3172803E-03
   5.5000000E-01   1.6086687E+06   7.0908446E+05   2.3158086E+06   2.1593654E-03   2.0849950E-03   2.1310614E-03
   6.0000000E-01   1.2986725E+06   5.7231587E+05   1.8695772E+06   2.7900407E-03   2.5500418E-03   2.7151084E-03
   6.5000000E-01   1.0550699E+06   4.6393911E+05   1.5180443E+06   2.8921644E-03   2.5131699E-03   2.7466803E-03
   7.0000000E-01   8.5191094E+05   3.7277725E+05   1.2239197E+06   3.5053848E-03   2.7918346E-03   3.2933577E-03
   7.5000000E-01   6.8428986E+05   3.0023837E+05   9.8397225E+05   3.8718222E-03   4.2101802E-03   3.9758116E-03
   8.0000000E-01   5.4564681E+05   2.3643660E+05   7.8174521E+05   5.4243367E-03   5.0896210E-03   5.2868884E-03
   8.5000000E-01   4.2276796E+05   1.8384830E+05   6.0641029E+05   6.8323138E-03   6.6478397E-03   6.7716915E-03
   9.0000000E-01   3.1873076E+05   1.3850371E+05   4.5706824E+05   9.1391183E-03   9.3749404E-03   9.2059739E-03
   9.5000000E-01   2.1701363E+05   9.3921520E+04   3.1085138E+05   1.3968281E-02   1.2506673E-02   1.3494055E-02
   1.0000000E+00   1.2525533E+05   5.4708431E+04   1.7993861E+05   2.5862376E-02   2.3649913E-02   2.5215742E-02
