   0.0000000E+00   1.5482934E+09   9.8312988E+08   2.4895704E+09   2.3576424E-03   1.5729529E-03   2.0519353E-03
   5.0000000E-02   1.5785051E+07   7.1658558E+06   2.2919712E+07   9.2730055E-02   8.2750604E-02   8.9581528E-02
   1.0000000E-01   8.2345176E+06   3.5868113E+06   1.1808437E+07   8.6568881E-02   7.9181208E-02   8.4320124E-02
   1.5000000E-01   5.5832615E+06   2.3608832E+06   7.9328341E+06   8.3408418E-02   7.6065232E-02   8.1231656E-02
   2.0000000E-01   4.1459544E+06   1.7223430E+06   5.8615333E+06   8.1577732E-02   7.4947375E-02   7.9644830E-02
   2.5000000E-01   3.2492055E+06   1.3176501E+06   4.5606295E+06   8.1027977E-02   7.3748951E-02   7.8936551E-02
   3.0000000E-01   2.6458130E+06   1.0403640E+06   3.6816464E+06   8.0950642E-02   7.2978544E-02   7.8707811E-02
   3.5000000E-01   2.1776853E+06   8.4494905E+05   3.0193875E+06   8.1319022E-02   7.3547495E-02   7.9160571E-02
   4.0000000E-01   1.8112390E+06   6.9199773E+05   2.5006982E+06   8.1192606E-02   7.3845936E-02   7.9163030E-02
   4.5000000E-01   1.5295497E+06   5.7636017E+05   2.1039222E+06   8.2908249E-02   7.4649966E-02   8.0659047E-02
   5.0000000E-01   1.2963106E+06   4.8285700E+05   1.7777543E+06   8.4371532E-02   7.6249392E-02   8.2181247E-02
   5.5000000E-01   1.0950092E+06   4.0252889E+05   1.4962995E+06   8.7186334E-02   7.7305016E-02   8.4519406E-02
   6.0000000E-01   9.3041980E+05   3.3568430E+05   1.2650802E+06   8.9773319E-02   7.9427112E-02   8.7041411E-02
   6.5000000E-01   7.8966806E+05   2.8141532E+05   1.0702215E+06   9.3054238E-02   8.0787622E-02   8.9823629E-02
   7.0000000E-01   6.6697744E+05   2.3467169E+05   9.0103979E+05   9.6333396E-02   8.5558536E-02   9.3560937E-02
   7.5000000E-01   5.5391013E+05   1.9271329E+05   7.4618204E+05   1.0136917E-01   8.7657748E-02   9.7847244E-02
   8.0000000E-01   4.5564867E+05   1.5711776E+05   6.1244812E+05   1.0683509E-01   9.0483784E-02   1.0263663E-01
   8.5000000E-01   3.6525872E+05   1.2414460E+05   4.8922732E+05   1.1340071E-01   9.7270584E-02   1.0930512E-01
   9.0000000E-01   2.7894910E+05   9.4608772E+04   3.7343408E+05   1.2310530E-01   1.0636750E-01   1.1889322E-01
   9.5000000E-01   1.8881472E+05   6.3889820E+04   2.5264758E+05   1.3310538E-01   1.1631095E-01   1.2884028E-01
   1.0000000E+00   8.9566900E+04   2.9042437E+04   1.1860305E+05   1.4763914E-01   1.2611372E-01   1.4235487E-01
