   0.0000000E+00   1.8288629E+09   1.1103510E+09   2.8784987E+09   1.9954964E-03   1.3306118E-03   1.7431288E-03
   5.0000000E-02   1.3927076E+07   6.2430118E+06   2.0146151E+07   1.0614590E-01   9.4723382E-02   1.0261499E-01
   1.0000000E-01   7.1211014E+06   3.0526555E+06   1.0162648E+07   1.0166392E-01   9.1939185E-02   9.8763239E-02
   1.5000000E-01   4.7146575E+06   1.9496905E+06   6.6573452E+06   1.0059613E-01   9.0343283E-02   9.7589659E-02
   2.0000000E-01   3.4934351E+06   1.4082189E+06   4.8964177E+06   1.0013205E-01   8.9789586E-02   9.7186204E-02
   2.5000000E-01   2.7155398E+06   1.0678533E+06   3.7793060E+06   9.9953056E-02   8.8757016E-02   9.6789449E-02
   3.0000000E-01   2.2033410E+06   8.4642843E+05   3.0465864E+06   1.0019623E-01   8.8814827E-02   9.7044379E-02
   3.5000000E-01   1.8147210E+06   6.8316577E+05   2.4956495E+06   1.0143403E-01   8.8743942E-02   9.7971691E-02
   4.0000000E-01   1.5138420E+06   5.5809272E+05   2.0700806E+06   1.0277935E-01   9.0001612E-02   9.9338062E-02
   4.5000000E-01   1.2708487E+06   4.6238401E+05   1.7314785E+06   1.0482989E-01   9.2241479E-02   1.0148270E-01
   5.0000000E-01   1.0805857E+06   3.8712212E+05   1.4664664E+06   1.0634874E-01   9.2455322E-02   1.0270645E-01
   5.5000000E-01   9.1624054E+05   3.2120940E+05   1.2364661E+06   1.0901127E-01   9.5162920E-02   1.0541459E-01
   6.0000000E-01   7.8014039E+05   2.6975702E+05   1.0491016E+06   1.1169453E-01   9.7535608E-02   1.0806723E-01
   6.5000000E-01   6.5885249E+05   2.2796375E+05   8.8624818E+05   1.1631889E-01   9.9280014E-02   1.1193732E-01
   7.0000000E-01   5.5580544E+05   1.8762549E+05   7.4294892E+05   1.1965677E-01   1.0392635E-01   1.1568652E-01
   7.5000000E-01   4.6450325E+05   1.5621800E+05   6.2034353E+05   1.2409921E-01   1.0743984E-01   1.1992628E-01
   8.0000000E-01   3.8153021E+05   1.2725233E+05   5.0857166E+05   1.3070625E-01   1.0984277E-01   1.2549335E-01
   8.5000000E-01   3.0655863E+05   9.9582312E+04   4.0597617E+05   1.3737879E-01   1.1417000E-01   1.3167978E-01
   9.0000000E-01   2.3524515E+05   7.5881540E+04   3.1107010E+05   1.4380528E-01   1.2247943E-01   1.3860522E-01
   9.5000000E-01   1.5623654E+05   4.9994756E+04   2.0620114E+05   1.5631859E-01   1.3096755E-01   1.5016623E-01
   1.0000000E+00   7.1295127E+04   2.3176104E+04   9.4471230E+04   1.6735567E-01   1.4709176E-01   1.6238391E-01
