   0.0000000E+00   5.2930299E+08   4.3842985E+08   9.6256146E+08   6.3206430E-03   3.2237823E-03   4.9145370E-03
   5.0000000E-02   1.8051163E+07   8.4510002E+06   2.6474215E+07   7.2513530E-02   6.5072565E-02   7.0150738E-02
   1.0000000E-01   1.0155263E+07   4.6735849E+06   1.4810736E+07   6.1313046E-02   5.6021267E-02   5.9634882E-02
   1.5000000E-01   7.2516509E+06   3.2882260E+06   1.0525192E+07   5.5648666E-02   5.0165800E-02   5.3956690E-02
   2.0000000E-01   5.6294377E+06   2.5274282E+06   8.1450407E+06   5.1626945E-02   4.6706029E-02   5.0125931E-02
   2.5000000E-01   4.6116736E+06   2.0479294E+06   6.6489333E+06   4.9213484E-02   4.4413319E-02   4.7741780E-02
   3.0000000E-01   3.8486000E+06   1.7045176E+06   5.5455206E+06   4.7835583E-02   4.3278984E-02   4.6436753E-02
   3.5000000E-01   3.2730350E+06   1.4445630E+06   4.7108863E+06   4.6634485E-02   4.2288137E-02   4.5306733E-02
   4.0000000E-01   2.8309128E+06   1.2305940E+06   4.0558170E+06   4.6064662E-02   4.2414906E-02   4.4971841E-02
   4.5000000E-01   2.4528252E+06   1.0655176E+06   3.5133772E+06   4.7273747E-02   4.2541371E-02   4.5847071E-02
   5.0000000E-01   2.1304353E+06   9.2859906E+05   3.0551192E+06   4.8116413E-02   4.4318058E-02   4.6973876E-02
   5.5000000E-01   1.8637738E+06   8.0870967E+05   2.6692020E+06   4.9654741E-02   4.4737473E-02   4.8187215E-02
   6.0000000E-01   1.6306962E+06   7.0821297E+05   2.3360020E+06   5.1124837E-02   4.7307665E-02   4.9976347E-02
   6.5000000E-01   1.4203918E+06   6.1328521E+05   2.0312872E+06   5.3532561E-02   4.9617952E-02   5.2354906E-02
   7.0000000E-01   1.2287216E+06   5.3189582E+05   1.7588349E+06   5.6985780E-02   5.2577956E-02   5.5642742E-02
   7.5000000E-01   1.0605491E+06   4.5543354E+05   1.5144123E+06   6.1519635E-02   5.5325197E-02   5.9655454E-02
   8.0000000E-01   9.0058222E+05   3.8674651E+05   1.2861072E+06   6.5593430E-02   6.1128702E-02   6.4244306E-02
   8.5000000E-01   7.5003920E+05   3.2175512E+05   1.0708431E+06   7.1789111E-02   6.5559670E-02   6.9929026E-02
   9.0000000E-01   5.9458872E+05   2.5605555E+05   8.5008546E+05   7.9361005E-02   7.3661308E-02   7.7639010E-02
   9.5000000E-01   4.2951061E+05   1.8291091E+05   6.1206970E+05   9.1624462E-02   8.3388261E-02   8.9178638E-02
   1.0000000E+00   2.2348026E+05   9.5037115E+04   3.1845450E+05   1.0526484E-01   9.9828316E-02   1.0364644E-01
