   0.0000000E+00   6.2659632E+08   5.7468227E+08   1.1924194E+09   4.3374809E-03   1.8988973E-03   3.1676558E-03
   5.0000000E-02   1.9208219E+07   8.9602960E+06   2.8130063E+07   5.5610775E-02   4.7143581E-02   5.2934121E-02
   1.0000000E-01   1.0892087E+07   4.8722421E+06   1.5740901E+07   4.5667018E-02   4.0466076E-02   4.4070471E-02
   1.5000000E-01   7.7272696E+06   3.3473043E+06   1.1056494E+07   4.0314718E-02   3.5584641E-02   3.8891033E-02
   2.0000000E-01   5.9551323E+06   2.5146322E+06   8.4553928E+06   3.7455850E-02   3.3798449E-02   3.6382145E-02
   2.5000000E-01   4.7934413E+06   1.9947207E+06   6.7769830E+06   3.5307099E-02   3.1034604E-02   3.4054743E-02
   3.0000000E-01   3.9508093E+06   1.6237093E+06   5.5659348E+06   3.3852464E-02   3.0281531E-02   3.2805434E-02
   3.5000000E-01   3.3011373E+06   1.3400391E+06   4.6341190E+06   3.3360897E-02   3.0367703E-02   3.2491262E-02
   4.0000000E-01   2.7982622E+06   1.1208089E+06   3.9133495E+06   3.3669252E-02   2.9352673E-02   3.2451590E-02
   4.5000000E-01   2.3729365E+06   9.4536621E+05   3.3137757E+06   3.3662770E-02   2.9304521E-02   3.2438561E-02
   5.0000000E-01   2.0313709E+06   8.0120508E+05   2.8294566E+06   3.4583313E-02   3.0195448E-02   3.3342827E-02
   5.5000000E-01   1.7398587E+06   6.8247955E+05   2.4190915E+06   3.5138496E-02   3.1343303E-02   3.4069585E-02
   6.0000000E-01   1.4961467E+06   5.8070334E+05   2.0743672E+06   3.7348913E-02   3.2475745E-02   3.5987136E-02
   6.5000000E-01   1.2758693E+06   4.9431077E+05   1.7682163E+06   3.9249795E-02   3.5067673E-02   3.8090613E-02
   7.0000000E-01   1.0845500E+06   4.1548989E+05   1.4986029E+06   4.2689245E-02   3.6252153E-02   4.0919730E-02
   7.5000000E-01   9.1427088E+05   3.4865967E+05   1.2618695E+06   4.4753811E-02   3.9854049E-02   4.3400477E-02
   8.0000000E-01   7.6456045E+05   2.8952274E+05   1.0532158E+06   4.9377454E-02   4.3509450E-02   4.7755954E-02
   8.5000000E-01   6.2118736E+05   2.3649676E+05   8.5720478E+05   5.4564075E-02   4.8254597E-02   5.2823922E-02
   9.0000000E-01   4.8510427E+05   1.8385933E+05   6.6853211E+05   6.2750483E-02   5.5253905E-02   6.0703333E-02
   9.5000000E-01   3.4263881E+05   1.2864410E+05   4.7102827E+05   7.4406583E-02   6.4789811E-02   7.1785921E-02
   1.0000000E+00   1.7978142E+05   6.8572595E+04   2.4831001E+05   9.0427358E-02   7.6119360E-02   8.6486665E-02
