   0.0000000E+00   5.0257872E+08   5.5221520E+08   1.0488112E+09   4.4598305E-03   1.5176142E-03   2.9174203E-03
   5.0000000E-02   1.9209747E+07   9.0512689E+06   2.8229503E+07   4.4802984E-02   3.4772054E-02   4.1563706E-02
   1.0000000E-01   1.1157366E+07   4.9440846E+06   1.6080188E+07   3.7016589E-02   2.9075654E-02   3.4578827E-02
   1.5000000E-01   7.9947772E+06   3.4035815E+06   1.1380830E+07   3.1584082E-02   2.6400285E-02   3.0040244E-02
   2.0000000E-01   6.1969364E+06   2.5819706E+06   8.7647900E+06   2.9042393E-02   2.4241988E-02   2.7633082E-02
   2.5000000E-01   5.0015141E+06   2.0405064E+06   7.0304213E+06   2.7062882E-02   2.2357677E-02   2.5709084E-02
   3.0000000E-01   4.1344953E+06   1.6552114E+06   5.7802317E+06   2.5710025E-02   2.1188707E-02   2.4424558E-02
   3.5000000E-01   3.4723607E+06   1.3703968E+06   4.8355000E+06   2.5387739E-02   2.1223230E-02   2.4207734E-02
   4.0000000E-01   2.9337349E+06   1.1431861E+06   4.0713187E+06   2.5395287E-02   2.1617367E-02   2.4340287E-02
   4.5000000E-01   2.5014489E+06   9.6285911E+05   3.4592999E+06   2.5876485E-02   2.1713121E-02   2.4719751E-02
   5.0000000E-01   2.1365087E+06   8.1873122E+05   2.9518913E+06   2.5956958E-02   2.2509760E-02   2.5009804E-02
   5.5000000E-01   1.8359130E+06   6.9999238E+05   2.5329075E+06   2.7151179E-02   2.3257771E-02   2.6080824E-02
   6.0000000E-01   1.5689494E+06   5.9059747E+05   2.1570429E+06   2.9666976E-02   2.4580218E-02   2.8285328E-02
   6.5000000E-01   1.3440366E+06   5.0165148E+05   1.8439349E+06   3.1003439E-02   2.5809127E-02   2.9602859E-02
   7.0000000E-01   1.1432782E+06   4.2522108E+05   1.5667940E+06   3.3657291E-02   2.7949159E-02   3.2111807E-02
   7.5000000E-01   9.6588801E+05   3.5500889E+05   1.3196364E+06   3.6791896E-02   3.0217886E-02   3.5020010E-02
   8.0000000E-01   8.0179475E+05   2.9551492E+05   1.0963866E+06   4.1128970E-02   3.4583965E-02   3.9358124E-02
   8.5000000E-01   6.5528397E+05   2.4027903E+05   8.9496008E+05   4.5679635E-02   3.9056933E-02   4.3901441E-02
   9.0000000E-01   5.1701306E+05   1.8685498E+05   7.0352851E+05   5.3295325E-02   4.4561227E-02   5.0982174E-02
   9.5000000E-01   3.6513495E+05   1.3067458E+05   4.9564870E+05   6.6304704E-02   5.4983801E-02   6.3316619E-02
   1.0000000E+00   1.9343810E+05   7.0471451E+04   2.6387811E+05   7.7690652E-02   7.1976051E-02   7.6155063E-02
