   0.0000000E+00   4.3568984E+08   4.5226997E+08   8.8375811E+08   7.7356070E-03   2.9542857E-03   5.2972430E-03
   5.0000000E-02   1.9603560E+07   9.1476532E+06   2.8718682E+07   6.4902787E-02   5.5052156E-02   6.1749817E-02
   1.0000000E-01   1.1081449E+07   4.9999799E+06   1.6061376E+07   5.4420277E-02   4.6983711E-02   5.2120173E-02
   1.5000000E-01   7.8725886E+06   3.4582035E+06   1.1314325E+07   4.9452935E-02   4.2154978E-02   4.7224130E-02
   2.0000000E-01   6.0884405E+06   2.6371019E+06   8.7121257E+06   4.4946992E-02   3.9994060E-02   4.3461661E-02
   2.5000000E-01   4.9386033E+06   2.1103691E+06   7.0377170E+06   4.2763060E-02   3.6983188E-02   4.1033732E-02
   3.0000000E-01   4.0893271E+06   1.7326774E+06   5.8126462E+06   4.1424648E-02   3.5993572E-02   3.9824143E-02
   3.5000000E-01   3.4540351E+06   1.4477188E+06   4.8935598E+06   4.0221033E-02   3.5386333E-02   3.8802702E-02
   4.0000000E-01   2.9481623E+06   1.2296470E+06   4.1717694E+06   3.9498884E-02   3.5384589E-02   3.8305277E-02
   4.5000000E-01   2.5362790E+06   1.0533228E+06   3.5844027E+06   4.0063927E-02   3.5735271E-02   3.8803110E-02
   5.0000000E-01   2.1926395E+06   9.0611365E+05   3.0950734E+06   4.1428388E-02   3.5293291E-02   3.9630326E-02
   5.5000000E-01   1.8943316E+06   7.7529292E+05   2.6660073E+06   4.1218624E-02   3.6842301E-02   3.9976089E-02
   6.0000000E-01   1.6441236E+06   6.7231292E+05   2.3136566E+06   4.3938026E-02   3.8533076E-02   4.2377851E-02
   6.5000000E-01   1.4128894E+06   5.8181171E+05   1.9922477E+06   4.5560647E-02   4.0265000E-02   4.4034139E-02
   7.0000000E-01   1.2197726E+06   4.9526290E+05   1.7128346E+06   4.9079652E-02   4.3195648E-02   4.7371586E-02
   7.5000000E-01   1.0374144E+06   4.2268158E+05   1.4585511E+06   5.1362776E-02   4.7529011E-02   5.0266286E-02
   8.0000000E-01   8.7465191E+05   3.5197911E+05   1.2255488E+06   5.6357234E-02   5.0752888E-02   5.4757058E-02
   8.5000000E-01   7.1945149E+05   2.9315217E+05   1.0117199E+06   6.1760339E-02   5.7221545E-02   6.0453999E-02
   9.0000000E-01   5.6764556E+05   2.2940593E+05   7.9654220E+05   6.8354418E-02   6.3742832E-02   6.7040716E-02
   9.5000000E-01   4.0740650E+05   1.6441208E+05   5.7153378E+05   8.0740134E-02   7.3206185E-02   7.8574550E-02
   1.0000000E+00   2.1255241E+05   8.5096415E+04   2.9762367E+05   9.4124181E-02   8.7870003E-02   9.2332944E-02
