   0.0000000E+00   2.8871929E+08   3.9497215E+08   6.8126821E+08   7.4152092E-03   2.1555365E-03   4.3760288E-03
   5.0000000E-02   2.1529653E+07   1.0207052E+07   3.1694497E+07   3.8083779E-02   3.0118789E-02   3.5514749E-02
   1.0000000E-01   1.2532561E+07   5.6639743E+06   1.8172502E+07   2.9323623E-02   2.3698394E-02   2.7572291E-02
   1.5000000E-01   8.9384175E+06   3.9040071E+06   1.2822817E+07   2.4541189E-02   2.0709766E-02   2.3380491E-02
   2.0000000E-01   6.8646551E+06   2.9613801E+06   9.8110746E+06   2.1278512E-02   1.8408667E-02   2.0416156E-02
   2.5000000E-01   5.4918005E+06   2.3298628E+06   7.8087527E+06   1.9614711E-02   1.7258527E-02   1.8923433E-02
   3.0000000E-01   4.5001591E+06   1.8943152E+06   6.3839382E+06   1.8195709E-02   1.6347802E-02   1.7654010E-02
   3.5000000E-01   3.7415872E+06   1.5523064E+06   5.2856994E+06   1.7420760E-02   1.4927845E-02   1.6694613E-02
   4.0000000E-01   3.1463898E+06   1.2981553E+06   4.4380356E+06   1.7335264E-02   1.4846238E-02   1.6614098E-02
   4.5000000E-01   2.6664961E+06   1.0978437E+06   3.7587941E+06   1.7104159E-02   1.5514437E-02   1.6645829E-02
   5.0000000E-01   2.2591408E+06   9.2409816E+05   3.1797630E+06   1.7606674E-02   1.5820245E-02   1.7079255E-02
   5.5000000E-01   1.9319732E+06   7.9212283E+05   2.7208608E+06   1.8772028E-02   1.6692465E-02   1.8165182E-02
   6.0000000E-01   1.6424313E+06   6.6929959E+05   2.3087494E+06   1.9483155E-02   1.7310244E-02   1.8865982E-02
   6.5000000E-01   1.4069591E+06   5.7012239E+05   1.9749855E+06   2.0476868E-02   1.9531687E-02   2.0189026E-02
   7.0000000E-01   1.1898514E+06   4.8044330E+05   1.6686668E+06   2.2959401E-02   2.0687770E-02   2.2307888E-02
   7.5000000E-01   1.0017467E+06   4.0230550E+05   1.4027620E+06   2.5748960E-02   2.2715865E-02   2.4873967E-02
   8.0000000E-01   8.2860440E+05   3.3426517E+05   1.1619345E+06   2.8838939E-02   2.5450764E-02   2.7867180E-02
   8.5000000E-01   6.7703389E+05   2.7018143E+05   9.4654500E+05   3.2884026E-02   2.9281565E-02   3.1852525E-02
   9.0000000E-01   5.3159519E+05   2.1290334E+05   7.4411656E+05   3.8544369E-02   3.4878119E-02   3.7506281E-02
   9.5000000E-01   3.7906687E+05   1.5177685E+05   5.3068624E+05   4.8730717E-02   4.4348681E-02   4.7475560E-02
   1.0000000E+00   2.0831456E+05   8.2656825E+04   2.9093995E+05   6.2976291E-02   5.8626192E-02   6.1753555E-02
