   0.0000000E+00   8.9726209E+08   6.2749930E+08   1.5104380E+09   4.5419004E-03   2.7354117E-03   3.7965734E-03
   5.0000000E-02   1.7753225E+07   8.2440351E+06   2.5966193E+07   8.9572995E-02   8.0841564E-02   8.6780140E-02
   1.0000000E-01   9.5572225E+06   4.3646015E+06   1.3904699E+07   8.0901951E-02   7.3387482E-02   7.8551086E-02
   1.5000000E-01   6.6568359E+06   2.9909670E+06   9.6343065E+06   7.6070533E-02   6.8862612E-02   7.3838768E-02
   2.0000000E-01   5.1021573E+06   2.2402650E+06   7.3319340E+06   7.3199007E-02   6.6535883E-02   7.1173638E-02
   2.5000000E-01   4.0861313E+06   1.7783846E+06   5.8563926E+06   7.0827332E-02   6.5886309E-02   6.9326632E-02
   3.0000000E-01   3.3874008E+06   1.4602148E+06   4.8408249E+06   6.9616424E-02   6.3136807E-02   6.7670098E-02
   3.5000000E-01   2.8556126E+06   1.2236651E+06   4.0740937E+06   6.9507678E-02   6.3230451E-02   6.7628107E-02
   4.0000000E-01   2.4393201E+06   1.0347936E+06   3.4689650E+06   7.0227462E-02   6.3332550E-02   6.8189322E-02
   4.5000000E-01   2.1094538E+06   8.9370098E+05   2.9987904E+06   7.1183495E-02   6.4808872E-02   6.9300803E-02
   5.0000000E-01   1.8262966E+06   7.7132215E+05   2.5946266E+06   7.2192244E-02   6.5563894E-02   7.0240048E-02
   5.5000000E-01   1.5834123E+06   6.6636728E+05   2.2471520E+06   7.4833673E-02   6.7922521E-02   7.2786434E-02
   6.0000000E-01   1.3800856E+06   5.7931869E+05   1.9572132E+06   7.6875852E-02   6.9533635E-02   7.4730473E-02
   6.5000000E-01   1.1948912E+06   4.9957023E+05   1.6926789E+06   7.9848071E-02   7.2966962E-02   7.7816424E-02
   7.0000000E-01   1.0297097E+06   4.3083698E+05   1.4589961E+06   8.4185497E-02   7.6086995E-02   8.1799106E-02
   7.5000000E-01   8.8299162E+05   3.6555981E+05   1.2473673E+06   8.9038072E-02   7.9917127E-02   8.6369918E-02
   8.0000000E-01   7.4389418E+05   3.1081767E+05   1.0537490E+06   9.4863639E-02   8.5501020E-02   9.2120958E-02
   8.5000000E-01   6.1569745E+05   2.5332973E+05   8.6840554E+05   1.0066154E-01   9.1605791E-02   9.8028880E-02
   9.0000000E-01   4.8310245E+05   1.9879160E+05   6.8156513E+05   1.0893673E-01   9.9410387E-02   1.0616548E-01
   9.5000000E-01   3.3983099E+05   1.4038136E+05   4.7998115E+05   1.2172152E-01   1.0905802E-01   1.1803284E-01
   1.0000000E+00   1.6833170E+05   6.7968985E+04   2.3628811E+05   1.3454984E-01   1.2579595E-01   1.3203354E-01
