   0.0000000E+00   9.9971713E+07   1.5321452E+08   2.5294584E+08   1.4419334E-02   3.7663013E-03   7.9750995E-03
   5.0000000E-02   2.2626231E+07   1.1066489E+07   3.3661780E+07   2.1276357E-02   1.7679246E-02   2.0087220E-02
   1.0000000E-01   1.3312388E+07   6.3524786E+06   1.9643826E+07   1.3443160E-02   1.2001690E-02   1.2971066E-02
   1.5000000E-01   9.4282539E+06   4.4489748E+06   1.3859934E+07   1.0187420E-02   8.9939932E-03   9.8065633E-03
   2.0000000E-01   7.1640892E+06   3.3748169E+06   1.0525378E+07   8.3608392E-03   7.5864854E-03   8.1070932E-03
   2.5000000E-01   5.7039858E+06   2.6711420E+06   8.3643944E+06   7.2536404E-03   5.7322936E-03   6.7734457E-03
   3.0000000E-01   4.6577225E+06   2.1854096E+06   6.8343255E+06   6.2682751E-03   6.0107804E-03   6.1850914E-03
   3.5000000E-01   3.8703936E+06   1.8091006E+06   5.6723822E+06   5.5513689E-03   5.2967177E-03   5.4711489E-03
   4.0000000E-01   3.2557690E+06   1.5304896E+06   4.7805370E+06   5.8170847E-03   5.5630087E-03   5.7384061E-03
   4.5000000E-01   2.7578934E+06   1.2972260E+06   4.0506136E+06   5.9856920E-03   5.0611856E-03   5.6982920E-03
   5.0000000E-01   2.3623496E+06   1.1084951E+06   3.4676297E+06   5.9310395E-03   5.8036903E-03   5.8692762E-03
   5.5000000E-01   2.0334388E+06   9.5328602E+05   2.9838253E+06   6.6665502E-03   6.0430726E-03   6.4643656E-03
   6.0000000E-01   1.7517548E+06   8.2161087E+05   2.5711216E+06   6.6708530E-03   6.3454806E-03   6.5678102E-03
   6.5000000E-01   1.5064872E+06   7.0311716E+05   2.2075819E+06   7.8459227E-03   7.2094240E-03   7.6351051E-03
   7.0000000E-01   1.2896552E+06   6.0103727E+05   1.8891737E+06   8.3216080E-03   8.8532950E-03   8.4769445E-03
   7.5000000E-01   1.0946125E+06   5.1074731E+05   1.6042691E+06   1.0238766E-02   1.0540264E-02   1.0333515E-02
   8.0000000E-01   9.2267691E+05   4.2867190E+05   1.3504098E+06   1.2396501E-02   1.1009494E-02   1.1959756E-02
   8.5000000E-01   7.5555907E+05   3.5561580E+05   1.1105495E+06   1.4364054E-02   1.4328430E-02   1.4351075E-02
   9.0000000E-01   6.0364640E+05   2.8241514E+05   8.8572555E+05   1.8387182E-02   1.8809063E-02   1.8509057E-02
   9.5000000E-01   4.4191464E+05   2.0610063E+05   6.4777067E+05   2.4768231E-02   2.5365640E-02   2.4956795E-02
   1.0000000E+00   2.6478981E+05   1.2162739E+05   3.8636690E+05   3.8415216E-02   3.8533173E-02   3.8453127E-02
