   0.0000000E+00   9.4822427E+08   6.6952079E+08   1.6021540E+09   4.7339453E-03   2.8518944E-03   3.9510487E-03
   5.0000000E-02   1.8979991E+07   8.7621799E+06   2.7707602E+07   9.3329948E-02   8.5984378E-02   9.1013702E-02
   1.0000000E-01   1.0044746E+07   4.5414226E+06   1.4567834E+07   8.5153621E-02   7.9206468E-02   8.3304778E-02
   1.5000000E-01   6.8548671E+06   3.0369310E+06   9.8765404E+06   8.1056383E-02   7.4255644E-02   7.8992313E-02
   2.0000000E-01   5.2060219E+06   2.2597933E+06   7.4544833E+06   7.8417371E-02   7.2099211E-02   7.6505675E-02
   2.5000000E-01   4.1283137E+06   1.7763856E+06   5.8952137E+06   7.6113139E-02   7.1176460E-02   7.4664586E-02
   3.0000000E-01   3.3825094E+06   1.4412117E+06   4.8166015E+06   7.5479836E-02   6.9674975E-02   7.3765565E-02
   3.5000000E-01   2.8291474E+06   1.1920432E+06   4.0153610E+06   7.5738509E-02   6.9525494E-02   7.3906584E-02
   4.0000000E-01   2.3961891E+06   9.9981135E+05   3.3915998E+06   7.5412809E-02   7.0121989E-02   7.3874164E-02
   4.5000000E-01   2.0553269E+06   8.4799168E+05   2.8994777E+06   7.6416869E-02   7.0062126E-02   7.4579643E-02
   5.0000000E-01   1.7605656E+06   7.2403403E+05   2.4818113E+06   7.8473651E-02   7.2409198E-02   7.6703965E-02
   5.5000000E-01   1.5172848E+06   6.1853398E+05   2.1330235E+06   8.0191910E-02   7.3179144E-02   7.8176789E-02
   6.0000000E-01   1.3065295E+06   5.2831483E+05   1.8327328E+06   8.2992989E-02   7.4609961E-02   8.0574197E-02
   6.5000000E-01   1.1181296E+06   4.5565326E+05   1.5722011E+06   8.5584045E-02   7.7350350E-02   8.3217387E-02
   7.0000000E-01   9.5972250E+05   3.8950217E+05   1.3479378E+06   8.8517159E-02   7.9393939E-02   8.5883872E-02
   7.5000000E-01   8.1545475E+05   3.2949742E+05   1.1440312E+06   9.3715800E-02   8.5280090E-02   9.1307727E-02
   8.0000000E-01   6.8672971E+05   2.7313773E+05   9.5917910E+05   9.9613439E-02   9.0346737E-02   9.6986102E-02
   8.5000000E-01   5.5572038E+05   2.2498517E+05   7.8013259E+05   1.0631523E-01   9.5867457E-02   1.0329583E-01
   9.0000000E-01   4.3655847E+05   1.7400587E+05   6.1028140E+05   1.1404177E-01   1.0463477E-01   1.1136746E-01
   9.5000000E-01   3.0307122E+05   1.2069306E+05   4.2360345E+05   1.2568747E-01   1.1516480E-01   1.2270334E-01
   1.0000000E+00   1.4693499E+05   5.9430421E+04   2.0635912E+05   1.3865166E-01   1.3023339E-01   1.3621817E-01
