   0.0000000E+00   1.4387199E+08   1.6416030E+08   3.0766968E+08   1.5706526E-02   5.7926586E-03   1.0422372E-02
   5.0000000E-02   1.8281492E+07   8.8526436E+06   2.7112681E+07   4.4681301E-02   3.9631501E-02   4.3043930E-02
   1.0000000E-01   1.0893042E+07   5.1676655E+06   1.6045365E+07   3.2660356E-02   2.9531079E-02   3.1657479E-02
   1.5000000E-01   7.9198683E+06   3.7539134E+06   1.1660625E+07   2.6582453E-02   2.4150215E-02   2.5812054E-02
   2.0000000E-01   6.2324439E+06   2.9459262E+06   9.1672451E+06   2.2466907E-02   2.0632541E-02   2.1893016E-02
   2.5000000E-01   5.1142085E+06   2.4196644E+06   7.5234833E+06   1.9808411E-02   1.8118633E-02   1.9278486E-02
   3.0000000E-01   4.3132899E+06   2.0383080E+06   6.3437887E+06   1.8055240E-02   1.7680860E-02   1.7933991E-02
   3.5000000E-01   3.6887478E+06   1.7396454E+06   5.4214995E+06   1.7067482E-02   1.6319412E-02   1.6830291E-02
   4.0000000E-01   3.1931893E+06   1.5041177E+06   4.6912352E+06   1.6649177E-02   1.5972235E-02   1.6431308E-02
   4.5000000E-01   2.7832097E+06   1.3040732E+06   4.0818716E+06   1.7051485E-02   1.6442480E-02   1.6872798E-02
   5.0000000E-01   2.4367831E+06   1.1504229E+06   3.5833672E+06   1.7511106E-02   1.6374526E-02   1.7143349E-02
   5.5000000E-01   2.1407150E+06   1.0067042E+06   3.1441030E+06   1.8057942E-02   1.7024768E-02   1.7723179E-02
   6.0000000E-01   1.8769195E+06   8.8592538E+05   2.7601446E+06   1.8842404E-02   1.7874299E-02   1.8535436E-02
   6.5000000E-01   1.6474006E+06   7.7503560E+05   2.4196546E+06   1.9992741E-02   1.9896138E-02   1.9963920E-02
   7.0000000E-01   1.4358595E+06   6.7990082E+05   2.1136459E+06   2.2364888E-02   2.1823608E-02   2.2182799E-02
   7.5000000E-01   1.2502873E+06   5.8588966E+05   1.8344369E+06   2.4599985E-02   2.2841398E-02   2.4045494E-02
   8.0000000E-01   1.0680570E+06   5.0017624E+05   1.5669799E+06   2.7774677E-02   2.6961177E-02   2.7519440E-02
   8.5000000E-01   8.9522970E+05   4.2231109E+05   1.3165222E+06   3.1716244E-02   3.0229317E-02   3.1232165E-02
   9.0000000E-01   7.2724260E+05   3.4209825E+05   1.0687148E+06   3.7675673E-02   3.7002348E-02   3.7469651E-02
   9.5000000E-01   5.3785994E+05   2.5382030E+05   7.9124466E+05   4.6992379E-02   4.4450174E-02   4.6179385E-02
   1.0000000E+00   3.0795420E+05   1.4768950E+05   4.5558712E+05   6.0786960E-02   5.8946707E-02   6.0186653E-02
