   0.0000000E+00   8.7292692E+08   7.4187798E+08   1.5983465E+09   5.2968015E-03   2.5054616E-03   4.0132649E-03
   5.0000000E-02   2.1669264E+07   9.7203563E+06   3.1342829E+07   8.4207415E-02   7.3022573E-02   8.0726716E-02
   1.0000000E-01   1.1528006E+07   4.8891125E+06   1.6391781E+07   7.6083954E-02   6.6681417E-02   7.3272802E-02
   1.5000000E-01   7.8180091E+06   3.1994388E+06   1.0998561E+07   7.1448968E-02   6.2614387E-02   6.8898680E-02
   2.0000000E-01   5.8344770E+06   2.3292326E+06   8.1495448E+06   6.8493214E-02   5.9559871E-02   6.5952487E-02
   2.5000000E-01   4.5703443E+06   1.7830192E+06   6.3431266E+06   6.6251920E-02   5.7987273E-02   6.3955173E-02
   3.0000000E-01   3.6889782E+06   1.4173066E+06   5.0983164E+06   6.5063693E-02   5.6510854E-02   6.2701804E-02
   3.5000000E-01   3.0289096E+06   1.1405043E+06   4.1634660E+06   6.3600295E-02   5.5351656E-02   6.1342797E-02
   4.0000000E-01   2.5135340E+06   9.2778578E+05   3.4363940E+06   6.3711953E-02   5.5245096E-02   6.1424395E-02
   4.5000000E-01   2.1128703E+06   7.6854154E+05   2.8778326E+06   6.3769681E-02   5.5547121E-02   6.1589807E-02
   5.0000000E-01   1.7756853E+06   6.4501679E+05   2.4181302E+06   6.3832853E-02   5.5534317E-02   6.1608669E-02
   5.5000000E-01   1.4971677E+06   5.3286811E+05   2.0276976E+06   6.5452924E-02   5.7547422E-02   6.3382996E-02
   6.0000000E-01   1.2637327E+06   4.4445609E+05   1.7064805E+06   6.6914708E-02   5.8064996E-02   6.4625426E-02
   6.5000000E-01   1.0654664E+06   3.7384272E+05   1.4381045E+06   6.8371670E-02   5.9915777E-02   6.6182077E-02
   7.0000000E-01   8.9040370E+05   3.0979282E+05   1.1992416E+06   7.0969763E-02   6.1319793E-02   6.8479176E-02
   7.5000000E-01   7.3726936E+05   2.5434658E+05   9.9083501E+05   7.4232507E-02   6.5284446E-02   7.1956020E-02
   8.0000000E-01   6.0469329E+05   2.0682583E+05   8.1097003E+05   7.8643780E-02   6.9196907E-02   7.6226267E-02
   8.5000000E-01   4.8265890E+05   1.6615027E+05   6.4838600E+05   8.4116117E-02   7.3269126E-02   8.1343752E-02
   9.0000000E-01   3.7005646E+05   1.2588802E+05   4.9572874E+05   9.1442714E-02   8.0366741E-02   8.8649084E-02
   9.5000000E-01   2.5040266E+05   8.4868117E+04   3.3512000E+05   1.0262481E-01   8.9300727E-02   9.9241761E-02
   1.0000000E+00   1.2181601E+05   4.1089484E+04   1.6289921E+05   1.1417644E-01   1.0099180E-01   1.1085273E-01
