   0.0000000E+00   9.1405510E+08   6.5455717E+08   1.5531658E+09   4.5195632E-03   2.6436156E-03   3.7330629E-03
   5.0000000E-02   1.8260738E+07   8.4360396E+06   2.6663610E+07   8.9166302E-02   8.0291666E-02   8.6361477E-02
   1.0000000E-01   9.7962096E+06   4.4087192E+06   1.4186721E+07   8.0577043E-02   7.2296400E-02   7.8012050E-02
   1.5000000E-01   6.7747166E+06   2.9873171E+06   9.7468185E+06   7.6096682E-02   6.8545222E-02   7.3787602E-02
   2.0000000E-01   5.1736975E+06   2.2462810E+06   7.4073894E+06   7.2431560E-02   6.6550937E-02   7.0642338E-02
   2.5000000E-01   4.1382704E+06   1.7722858E+06   5.9016817E+06   7.0910749E-02   6.4741820E-02   6.9058996E-02
   3.0000000E-01   3.4155606E+06   1.4435353E+06   4.8511275E+06   6.9904586E-02   6.3642445E-02   6.8084325E-02
   3.5000000E-01   2.8780398E+06   1.2083043E+06   4.0798779E+06   6.9840688E-02   6.3489546E-02   6.7973962E-02
   4.0000000E-01   2.4325799E+06   1.0133077E+06   3.4407468E+06   6.9731478E-02   6.3493190E-02   6.7906216E-02
   4.5000000E-01   2.0926541E+06   8.6704784E+05   2.9555285E+06   7.0574579E-02   6.4102791E-02   6.8681294E-02
   5.0000000E-01   1.8016276E+06   7.4334908E+05   2.5419655E+06   7.1826803E-02   6.5398627E-02   6.9971755E-02
   5.5000000E-01   1.5546081E+06   6.3577480E+05   2.1877496E+06   7.4144952E-02   6.7746833E-02   7.2308364E-02
   6.0000000E-01   1.3446630E+06   5.4760972E+05   1.8897740E+06   7.6395051E-02   6.9840650E-02   7.4492867E-02
   6.5000000E-01   1.1641866E+06   4.7017798E+05   1.6327926E+06   7.9679985E-02   7.0997317E-02   7.7207389E-02
   7.0000000E-01   1.0015393E+06   4.0720020E+05   1.4073344E+06   8.3103822E-02   7.5534263E-02   8.0921418E-02
   7.5000000E-01   8.5253149E+05   3.4190301E+05   1.1933607E+06   8.6603515E-02   7.9722779E-02   8.4646740E-02
   8.0000000E-01   7.1517069E+05   2.8809034E+05   1.0024056E+06   9.2930024E-02   8.3661745E-02   9.0268874E-02
   8.5000000E-01   5.8749519E+05   2.3453072E+05   8.2138181E+05   9.9362977E-02   8.9037653E-02   9.6407055E-02
   9.0000000E-01   4.6228852E+05   1.8507244E+05   6.4707095E+05   1.0754694E-01   9.8109986E-02   1.0484335E-01
   9.5000000E-01   3.2273942E+05   1.2899592E+05   4.5153095E+05   1.2027616E-01   1.0975727E-01   1.1727750E-01
   1.0000000E+00   1.5839729E+05   6.3416761E+04   2.2179518E+05   1.3177149E-01   1.2246581E-01   1.2911307E-01
