   0.0000000E+00   6.4799235E+07   6.8596544E+07   1.3331938E+08   2.7116055E-02   1.0694569E-02   1.8683201E-02
   5.0000000E-02   2.4424618E+07   1.1948780E+07   3.6338448E+07   2.1883543E-02   1.9632643E-02   2.1152091E-02
   1.0000000E-01   1.3947543E+07   6.8253916E+06   2.0750112E+07   1.3667981E-02   1.1876805E-02   1.3084282E-02
   1.5000000E-01   9.6516226E+06   4.7207054E+06   1.4355160E+07   9.3539502E-03   8.8358962E-03   9.1821833E-03
   2.0000000E-01   7.2791901E+06   3.5487573E+06   1.0814642E+07   7.1744329E-03   6.6871673E-03   7.0084118E-03
   2.5000000E-01   5.7511339E+06   2.7948499E+06   8.5356833E+06   6.2576228E-03   6.3275958E-03   6.2816717E-03
   3.0000000E-01   4.6660728E+06   2.2789184E+06   6.9368849E+06   5.9073798E-03   5.2943037E-03   5.7154100E-03
   3.5000000E-01   3.8645912E+06   1.8895148E+06   5.7471396E+06   5.0896817E-03   4.8825543E-03   5.0232830E-03
   4.0000000E-01   3.2523551E+06   1.5945654E+06   4.8413183E+06   4.6649316E-03   4.1351216E-03   4.4846450E-03
   4.5000000E-01   2.7679025E+06   1.3539771E+06   4.1172889E+06   4.6470539E-03   4.7776260E-03   4.6864316E-03
   5.0000000E-01   2.3663093E+06   1.1610926E+06   3.5244862E+06   4.6336205E-03   4.7166863E-03   4.6615850E-03
   5.5000000E-01   2.0373280E+06   9.9669770E+05   3.0310509E+06   5.4562875E-03   4.9201236E-03   5.2812086E-03
   6.0000000E-01   1.7471817E+06   8.5609444E+05   2.6009897E+06   5.6662399E-03   5.0385183E-03   5.4390154E-03
   6.5000000E-01   1.5013894E+06   7.3932613E+05   2.2388889E+06   6.2656496E-03   6.4177037E-03   6.3199984E-03
   7.0000000E-01   1.2883729E+06   6.3385502E+05   1.9207864E+06   6.9834155E-03   6.6991199E-03   6.8944037E-03
   7.5000000E-01   1.0982073E+06   5.4198837E+05   1.6390073E+06   8.6642292E-03   9.0929979E-03   8.8165732E-03
   8.0000000E-01   9.2699001E+05   4.5533433E+05   1.3814211E+06   9.2065329E-03   9.9363352E-03   9.4454962E-03
   8.5000000E-01   7.6287271E+05   3.7497279E+05   1.1371565E+06   1.2983385E-02   1.1407228E-02   1.2476917E-02
   9.0000000E-01   6.0420875E+05   2.9648798E+05   9.0031829E+05   1.5361059E-02   1.5109975E-02   1.5279110E-02
   9.5000000E-01   4.4088265E+05   2.1789819E+05   6.5855300E+05   2.2149616E-02   2.1068049E-02   2.1798146E-02
   1.0000000E+00   2.6604733E+05   1.3058093E+05   3.9655910E+05   3.2451741E-02   3.1838865E-02   3.2234450E-02
