   0.0000000E+00   1.2598140E+09   9.0983763E+08   2.1388514E+09   3.4036820E-03   1.8282257E-03   2.7390644E-03
   5.0000000E-02   1.8071471E+07   8.0154886E+06   2.6053091E+07   9.5122371E-02   8.1167539E-02   9.0816231E-02
   1.0000000E-01   9.4539628E+06   4.0080626E+06   1.3445123E+07   8.8219425E-02   7.5923643E-02   8.4556494E-02
   1.5000000E-01   6.4020819E+06   2.5939285E+06   8.9835750E+06   8.4599059E-02   7.2617406E-02   8.1156254E-02
   2.0000000E-01   4.7828607E+06   1.8864158E+06   6.6600932E+06   8.2019308E-02   7.1033000E-02   7.8912757E-02
   2.5000000E-01   3.7477551E+06   1.4427587E+06   5.1836256E+06   8.0775079E-02   7.0081098E-02   7.7813333E-02
   3.0000000E-01   3.0567192E+06   1.1452684E+06   4.1965233E+06   8.0460011E-02   6.9052391E-02   7.7367520E-02
   3.5000000E-01   2.5231970E+06   9.2628177E+05   3.4452134E+06   8.0404681E-02   6.7880649E-02   7.7047254E-02
   4.0000000E-01   2.1009805E+06   7.6091978E+05   2.8589002E+06   8.0341199E-02   6.7632962E-02   7.6971225E-02
   4.5000000E-01   1.7742027E+06   6.3238979E+05   2.4040036E+06   8.1909927E-02   6.8426023E-02   7.8382103E-02
   5.0000000E-01   1.5071655E+06   5.2327599E+05   2.0288117E+06   8.3059498E-02   7.0636980E-02   7.9859448E-02
   5.5000000E-01   1.2806359E+06   4.4346355E+05   1.7223632E+06   8.4738684E-02   7.1012719E-02   8.1222640E-02
   6.0000000E-01   1.0871662E+06   3.6981773E+05   1.4556895E+06   8.6552126E-02   7.2072830E-02   8.2888861E-02
   6.5000000E-01   9.2345616E+05   3.1099855E+05   1.2335341E+06   8.9130578E-02   7.4180461E-02   8.5377913E-02
   7.0000000E-01   7.7811761E+05   2.5930888E+05   1.0367080E+06   9.2539042E-02   7.5874068E-02   8.8376156E-02
   7.5000000E-01   6.5396129E+05   2.1592869E+05   8.6937645E+05   9.6693130E-02   8.1547955E-02   9.2966788E-02
   8.0000000E-01   5.3673413E+05   1.7596171E+05   7.1240140E+05   1.0219300E-01   8.4023308E-02   9.7727644E-02
   8.5000000E-01   4.3055719E+05   1.3914261E+05   5.6936651E+05   1.0783805E-01   8.9462457E-02   1.0336697E-01
   9.0000000E-01   3.3265505E+05   1.0539948E+05   4.3787769E+05   1.1538498E-01   9.6283436E-02   1.1080401E-01
   9.5000000E-01   2.2493787E+05   7.1016611E+04   2.9583386E+05   1.2674219E-01   1.0609448E-01   1.2179598E-01
   1.0000000E+00   1.0579520E+05   3.3506635E+04   1.3928926E+05   1.4238590E-01   1.1721604E-01   1.3632400E-01
