   0.0000000E+00   2.1001984E+08   3.3358927E+08   5.4221976E+08   5.4791117E-03   1.2967290E-03   2.9064047E-03
   5.0000000E-02   3.4256956E+07   1.6193124E+07   5.0358088E+07   1.0825629E-02   8.5393182E-03   1.0089587E-02
   1.0000000E-01   1.9331501E+07   8.7303171E+06   2.8010379E+07   6.8678186E-03   5.6087071E-03   6.4881555E-03
   1.5000000E-01   1.2840196E+07   5.6749348E+06   1.8474769E+07   5.0876741E-03   4.5249879E-03   4.9122673E-03
   2.0000000E-01   9.1523960E+06   3.9708999E+06   1.3096431E+07   3.8946496E-03   3.3916640E-03   3.7441427E-03
   2.5000000E-01   6.7929112E+06   2.9134267E+06   9.6884744E+06   3.4597617E-03   3.0217739E-03   3.3280414E-03
   3.0000000E-01   5.1536599E+06   2.1953302E+06   7.3360243E+06   3.0418629E-03   2.9482171E-03   3.0157516E-03
   3.5000000E-01   3.9912331E+06   1.6866604E+06   5.6693355E+06   2.7519459E-03   2.7104946E-03   2.7326256E-03
   4.0000000E-01   3.1206783E+06   1.3069963E+06   4.4216188E+06   2.9547781E-03   2.0613560E-03   2.6952622E-03
   4.5000000E-01   2.4598351E+06   1.0277236E+06   3.4836895E+06   2.7170731E-03   2.4920601E-03   2.6502880E-03
   5.0000000E-01   1.9521436E+06   8.1094536E+05   2.7606380E+06   3.4528459E-03   2.6321919E-03   3.2069908E-03
   5.5000000E-01   1.5595448E+06   6.4287022E+05   2.2004936E+06   3.3409413E-03   2.6764053E-03   3.1340416E-03
   6.0000000E-01   1.2458171E+06   5.1121098E+05   1.7556276E+06   2.9557793E-03   2.8363639E-03   2.9095331E-03
   6.5000000E-01   1.0011825E+06   4.0857767E+05   1.4088151E+06   4.3604783E-03   3.6894843E-03   4.1682757E-03
   7.0000000E-01   7.9755725E+05   3.2483524E+05   1.1215967E+06   4.5059897E-03   4.0799282E-03   4.3796575E-03
   7.5000000E-01   6.3051671E+05   2.5804746E+05   8.8808458E+05   5.4066827E-03   5.0683996E-03   5.3018535E-03
   8.0000000E-01   4.9659127E+05   2.0110023E+05   6.9743685E+05   6.2794398E-03   6.3220728E-03   6.2755249E-03
   8.5000000E-01   3.8245120E+05   1.5539514E+05   5.3770778E+05   9.0311414E-03   8.0491868E-03   8.7449843E-03
   9.0000000E-01   2.8446647E+05   1.1390542E+05   3.9830116E+05   1.1247086E-02   1.1533023E-02   1.1303542E-02
   9.5000000E-01   1.9320740E+05   7.7309095E+04   2.7046288E+05   1.6736665E-02   1.6450876E-02   1.6654330E-02
   1.0000000E+00   1.1052977E+05   4.4579103E+04   1.5510887E+05   3.0209430E-02   3.0110119E-02   3.0159575E-02
