   0.0000000E+00   7.2606179E+08   6.8557787E+08   1.4004734E+09   3.8093073E-03   1.5873879E-03   2.7250292E-03
   5.0000000E-02   2.2292515E+07   1.0312922E+07   3.2560300E+07   4.8349875E-02   4.0125275E-02   4.5740596E-02
   1.0000000E-01   1.2467211E+07   5.4203081E+06   1.7860304E+07   4.0004121E-02   3.4573364E-02   3.8352645E-02
   1.5000000E-01   8.6586019E+06   3.6060690E+06   1.2242283E+07   3.5601434E-02   3.1119713E-02   3.4281707E-02
   2.0000000E-01   6.5171880E+06   2.6132605E+06   9.1148195E+06   3.2611213E-02   2.8174396E-02   3.1341845E-02
   2.5000000E-01   5.0987514E+06   2.0006540E+06   7.0868640E+06   3.0885844E-02   2.6794573E-02   2.9734555E-02
   3.0000000E-01   4.0758944E+06   1.5634214E+06   5.6304350E+06   2.9351072E-02   2.5768653E-02   2.8368597E-02
   3.5000000E-01   3.3208543E+06   1.2433639E+06   4.5569698E+06   2.8376295E-02   2.5410263E-02   2.7577245E-02
   4.0000000E-01   2.7361042E+06   1.0052147E+06   3.7360350E+06   2.8230353E-02   2.4574061E-02   2.7251487E-02
   4.5000000E-01   2.2535137E+06   8.1857278E+05   3.0678424E+06   2.8738510E-02   2.4452292E-02   2.7606441E-02
   5.0000000E-01   1.8751763E+06   6.6844439E+05   2.5407368E+06   2.8471943E-02   2.4574037E-02   2.7451567E-02
   5.5000000E-01   1.5612000E+06   5.4782289E+05   2.1066096E+06   3.0114317E-02   2.4432528E-02   2.8641124E-02
   6.0000000E-01   1.2984709E+06   4.4961271E+05   1.7463435E+06   3.0504480E-02   2.5631171E-02   2.9259244E-02
   6.5000000E-01   1.0740510E+06   3.6963613E+05   1.4425706E+06   3.2330388E-02   2.6218919E-02   3.0765974E-02
   7.0000000E-01   8.8435581E+05   3.0121665E+05   1.1845721E+06   3.5042520E-02   2.9543300E-02   3.3636019E-02
   7.5000000E-01   7.2282658E+05   2.4433467E+05   9.6655009E+05   3.7580858E-02   3.1396555E-02   3.6032033E-02
   8.0000000E-01   5.8717829E+05   1.9626988E+05   7.8288317E+05   4.1151833E-02   3.3817566E-02   3.9331102E-02
   8.5000000E-01   4.6241064E+05   1.5273632E+05   6.1483614E+05   4.6211199E-02   3.8130464E-02   4.4216262E-02
   9.0000000E-01   3.5052285E+05   1.1366492E+05   4.6409228E+05   5.2569820E-02   4.3210057E-02   5.0277881E-02
   9.5000000E-01   2.4002241E+05   7.7634106E+04   3.1757275E+05   6.4356398E-02   5.4983744E-02   6.2062324E-02
   1.0000000E+00   1.2073455E+05   4.0485874E+04   1.6121413E+05   8.2796730E-02   6.6659315E-02   7.8716183E-02
