   0.0000000E+00   1.7017967E+08   2.1642831E+08   3.8607220E+08   4.9075042E-03   1.5844006E-03   3.0444418E-03
   5.0000000E-02   3.8877415E+07   1.8644747E+07   5.7437300E+07   5.5905944E-03   4.5742267E-03   5.2602353E-03
   1.0000000E-01   2.0860152E+07   9.7798803E+06   3.0591203E+07   2.7954852E-03   2.6517556E-03   2.7455281E-03
   1.5000000E-01   1.3383106E+07   6.2241679E+06   1.9575273E+07   1.8806368E-03   1.6871295E-03   1.8177155E-03
   2.0000000E-01   9.3327185E+06   4.3242716E+06   1.3635966E+07   1.6606844E-03   1.0896952E-03   1.4818532E-03
   2.5000000E-01   6.8130539E+06   3.1458693E+06   9.9446884E+06   1.1554420E-03   1.3476777E-03   1.2091512E-03
   3.0000000E-01   5.1257229E+06   2.3586763E+06   7.4751257E+06   1.0798560E-03   8.5038487E-04   9.9790747E-04
   3.5000000E-01   3.9308906E+06   1.7953678E+06   5.7200377E+06   8.5828210E-04   1.1211356E-03   9.4357317E-04
   4.0000000E-01   3.0494883E+06   1.3891123E+06   4.4341602E+06   1.0574393E-03   7.6110021E-04   9.6578342E-04
   4.5000000E-01   2.4027657E+06   1.0937269E+06   3.4932600E+06   1.1591721E-03   8.5660939E-04   1.0639389E-03
   5.0000000E-01   1.9040024E+06   8.5992689E+05   2.7621659E+06   1.3238361E-03   8.9756681E-04   1.1892462E-03
   5.5000000E-01   1.5168103E+06   6.8323770E+05   2.1985201E+06   1.0914024E-03   1.1218432E-03   1.0924082E-03
   6.0000000E-01   1.2106545E+06   5.4446906E+05   1.7541474E+06   1.1617550E-03   8.2491522E-04   1.0577524E-03
   6.5000000E-01   9.6606071E+05   4.3731371E+05   1.4026937E+06   1.7834068E-03   1.6527638E-03   1.7423953E-03
   7.0000000E-01   7.7079194E+05   3.4692594E+05   1.1172495E+06   2.0396180E-03   2.0109534E-03   2.0254218E-03
   7.5000000E-01   6.1463517E+05   2.7408603E+05   8.8832650E+05   2.9259323E-03   2.5024567E-03   2.7883091E-03
   8.0000000E-01   4.8025402E+05   2.1569872E+05   6.9573788E+05   3.6972246E-03   3.3066634E-03   3.5482625E-03
   8.5000000E-01   3.6817594E+05   1.6581324E+05   5.3389930E+05   5.0314862E-03   4.5978427E-03   4.8645421E-03
   9.0000000E-01   2.7103026E+05   1.2234771E+05   3.9329309E+05   7.3426579E-03   6.4911624E-03   6.9746871E-03
   9.5000000E-01   1.8304829E+05   8.1534240E+04   2.6455572E+05   1.0044534E-02   9.2257903E-03   9.7930183E-03
   1.0000000E+00   1.0475146E+05   4.5968663E+04   1.5072012E+05   1.9948667E-02   2.0954972E-02   2.0233737E-02
