   0.0000000E+00   5.0118477E+08   4.6915414E+08   9.6610870E+08   1.8302531E-03   8.1157055E-04   1.3380390E-03
   5.0000000E-02   2.1603819E+07   1.0375756E+07   3.1941697E+07   1.5080078E-02   1.3328373E-02   1.4508740E-02
   1.0000000E-01   1.2812832E+07   5.8869504E+06   1.8677533E+07   1.0537463E-02   9.3852086E-03   1.0173578E-02
   1.5000000E-01   9.0696885E+06   4.0831943E+06   1.3130983E+07   8.5783394E-03   7.2857210E-03   8.1843089E-03
   2.0000000E-01   6.8954675E+06   3.0498066E+06   9.9290721E+06   6.9942285E-03   6.2030672E-03   6.7500381E-03
   2.5000000E-01   5.4264196E+06   2.3591856E+06   7.7734712E+06   6.1937568E-03   5.4508232E-03   5.9644294E-03
   3.0000000E-01   4.3587870E+06   1.8655718E+06   6.2158494E+06   5.4784514E-03   5.0179052E-03   5.3426967E-03
   3.5000000E-01   3.5590228E+06   1.5175287E+06   5.0700126E+06   5.3277901E-03   5.0160850E-03   5.2360508E-03
   4.0000000E-01   2.9415017E+06   1.2387905E+06   4.1743875E+06   5.2084722E-03   5.0459675E-03   5.1486590E-03
   4.5000000E-01   2.4485175E+06   1.0186765E+06   3.4629711E+06   5.5212076E-03   4.7770402E-03   5.3014090E-03
   5.0000000E-01   2.0445235E+06   8.4825128E+05   2.8896362E+06   5.8967946E-03   5.9191449E-03   5.9061371E-03
   5.5000000E-01   1.7176059E+06   7.0280508E+05   2.4178703E+06   6.5420395E-03   5.2285927E-03   6.1621532E-03
   6.0000000E-01   1.4444107E+06   5.8697935E+05   2.0293794E+06   7.0467624E-03   6.6437697E-03   6.9268685E-03
   6.5000000E-01   1.2135638E+06   4.9179857E+05   1.7039471E+06   8.4989293E-03   7.4978916E-03   8.2067393E-03
   7.0000000E-01   1.0134168E+06   4.0691826E+05   1.4195166E+06   9.5477013E-03   8.6088111E-03   9.2741730E-03
   7.5000000E-01   8.4218854E+05   3.3697558E+05   1.1784426E+06   1.1792582E-02   1.0253623E-02   1.1346952E-02
   8.0000000E-01   6.8957460E+05   2.7336055E+05   9.6235424E+05   1.3748009E-02   1.2046276E-02   1.3252091E-02
   8.5000000E-01   5.5628959E+05   2.1957390E+05   7.7548527E+05   1.7204454E-02   1.5240840E-02   1.6648343E-02
   9.0000000E-01   4.3125331E+05   1.6942574E+05   6.0043501E+05   2.1896384E-02   1.9760650E-02   2.1279672E-02
   9.5000000E-01   3.0653242E+05   1.2108173E+05   4.2748683E+05   2.9944716E-02   2.5302241E-02   2.8636517E-02
   1.0000000E+00   1.7776310E+05   7.0509177E+04   2.4825342E+05   4.4188968E-02   3.8743355E-02   4.2637384E-02
