   0.0000000E+00   8.4336841E+08   6.3532463E+08   1.4658634E+09   5.7272260E-03   3.2163305E-03   4.6427302E-03
   5.0000000E-02   2.0142459E+07   9.2238566E+06   2.9334675E+07   9.4462756E-02   8.5386702E-02   9.1584994E-02
   1.0000000E-01   1.0610414E+07   4.7225410E+06   1.5313411E+07   8.6181754E-02   7.9101208E-02   8.4013067E-02
   1.5000000E-01   7.2419955E+06   3.1662284E+06   1.0390229E+07   8.1948532E-02   7.4851640E-02   7.9806273E-02
   2.0000000E-01   5.4710785E+06   2.3487927E+06   7.8067887E+06   7.9290541E-02   7.1609480E-02   7.6993523E-02
   2.5000000E-01   4.3304787E+06   1.8430142E+06   6.1639691E+06   7.7332957E-02   6.9967017E-02   7.5142114E-02
   3.0000000E-01   3.5478926E+06   1.4932023E+06   5.0328931E+06   7.6431756E-02   6.9189152E-02   7.4306552E-02
   3.5000000E-01   2.9717411E+06   1.2296675E+06   4.1949150E+06   7.5553518E-02   6.8817837E-02   7.3600663E-02
   4.0000000E-01   2.4998785E+06   1.0276396E+06   3.5218045E+06   7.5493559E-02   6.8337962E-02   7.3408420E-02
   4.5000000E-01   2.1294578E+06   8.7538755E+05   3.0005658E+06   7.6683494E-02   6.9882955E-02   7.4718703E-02
   5.0000000E-01   1.8280600E+06   7.4516981E+05   2.5702123E+06   7.8579679E-02   7.0156123E-02   7.6166289E-02
   5.5000000E-01   1.5722251E+06   6.3749368E+05   2.2069003E+06   8.0045054E-02   7.2676772E-02   7.7926220E-02
   6.0000000E-01   1.3525093E+06   5.4556192E+05   1.8958112E+06   8.2132182E-02   7.4128471E-02   7.9852322E-02
   6.5000000E-01   1.1615128E+06   4.6746010E+05   1.6270532E+06   8.4686386E-02   7.7848887E-02   8.2763235E-02
   7.0000000E-01   9.9348608E+05   3.9779641E+05   1.3898456E+06   8.7862641E-02   7.9931440E-02   8.5612179E-02
   7.5000000E-01   8.4329626E+05   3.3611402E+05   1.1782049E+06   9.2907931E-02   8.2151599E-02   8.9852123E-02
   8.0000000E-01   7.0479777E+05   2.8179178E+05   9.8569431E+05   9.6955556E-02   8.8844025E-02   9.4657663E-02
   8.5000000E-01   5.7422355E+05   2.2983472E+05   8.0342539E+05   1.0370915E-01   9.4744711E-02   1.0117217E-01
   9.0000000E-01   4.4868962E+05   1.7849404E+05   6.2687949E+05   1.1214890E-01   1.0287349E-01   1.0951036E-01
   9.5000000E-01   3.1039570E+05   1.2202661E+05   4.3225477E+05   1.2383652E-01   1.1386874E-01   1.2103429E-01
   1.0000000E+00   1.4994675E+05   5.9619049E+04   2.0952178E+05   1.3574481E-01   1.2851458E-01   1.3368339E-01
