   0.0000000E+00   1.2679276E+08   1.6572435E+08   2.9222172E+08   7.3684336E-03   2.1115015E-03   4.3872045E-03
   5.0000000E-02   4.0647472E+07   1.9613810E+07   6.0165088E+07   5.8014052E-03   4.5612538E-03   5.3975140E-03
   1.0000000E-01   2.1556264E+07   1.0211572E+07   3.1715474E+07   2.9975111E-03   2.4976878E-03   2.8323322E-03
   1.5000000E-01   1.3712960E+07   6.4694575E+06   2.0147679E+07   1.9875025E-03   1.5681944E-03   1.8569006E-03
   2.0000000E-01   9.5367074E+06   4.4773628E+06   1.3992712E+07   1.5824045E-03   1.2757546E-03   1.4747652E-03
   2.5000000E-01   6.8922748E+06   3.2327170E+06   1.0111661E+07   1.3795495E-03   1.1578872E-03   1.3083050E-03
   3.0000000E-01   5.1922390E+06   2.4300201E+06   7.6125295E+06   1.2347681E-03   1.2589840E-03   1.2414838E-03
   3.5000000E-01   3.9498983E+06   1.8518360E+06   5.7952134E+06   1.0039076E-03   9.9739864E-04   1.0000736E-03
   4.0000000E-01   3.0614488E+06   1.4324820E+06   4.4891880E+06   1.0832062E-03   9.4683984E-04   1.0394986E-03
   4.5000000E-01   2.4030274E+06   1.1210733E+06   3.5217735E+06   1.0790227E-03   6.7083870E-04   9.5262905E-04
   5.0000000E-01   1.9027292E+06   8.8618746E+05   2.7871150E+06   1.1599146E-03   1.1071567E-03   1.1289250E-03
   5.5000000E-01   1.5085574E+06   7.0268933E+05   2.2100024E+06   1.1080993E-03   9.2784022E-04   1.0385931E-03
   6.0000000E-01   1.2081080E+06   5.6323873E+05   1.7703494E+06   1.6998194E-03   1.4173408E-03   1.6086529E-03
   6.5000000E-01   9.6320082E+05   4.4846925E+05   1.4109943E+06   2.0078386E-03   1.1967526E-03   1.7181999E-03
   7.0000000E-01   7.6709045E+05   3.5712550E+05   1.1236703E+06   1.8587308E-03   2.5897423E-03   2.0841905E-03
   7.5000000E-01   6.0639731E+05   2.8170001E+05   8.8774081E+05   2.1260549E-03   2.8445804E-03   2.3258408E-03
   8.0000000E-01   4.7539979E+05   2.1998396E+05   6.9518083E+05   3.7471215E-03   3.4894221E-03   3.6609158E-03
   8.5000000E-01   3.6512016E+05   1.6863683E+05   5.3359597E+05   4.1032325E-03   4.0227609E-03   4.0752240E-03
   9.0000000E-01   2.6828926E+05   1.2556971E+05   3.9378823E+05   5.2301324E-03   6.1912301E-03   5.5274224E-03
   9.5000000E-01   1.8031752E+05   8.4238198E+04   2.6450546E+05   9.1320407E-03   8.9461952E-03   9.0143057E-03
   1.0000000E+00   1.0256966E+05   4.7854944E+04   1.5039946E+05   1.8375962E-02   1.7063583E-02   1.7953845E-02
