   0.0000000E+00   5.9878419E+07   6.0793623E+07   1.2062111E+08   2.7432146E-02   1.1923651E-02   1.9624199E-02
   5.0000000E-02   2.2720514E+07   1.1202534E+07   3.3891727E+07   2.2471025E-02   1.9610929E-02   2.1533191E-02
   1.0000000E-01   1.3136490E+07   6.4170318E+06   1.9535346E+07   1.3455928E-02   1.2277715E-02   1.3063866E-02
   1.5000000E-01   9.1889910E+06   4.4855593E+06   1.3658338E+07   9.7705474E-03   8.7584531E-03   9.4341873E-03
   2.0000000E-01   6.9961807E+06   3.4332586E+06   1.0416452E+07   7.2195148E-03   6.7545267E-03   7.0687961E-03
   2.5000000E-01   5.5624780E+06   2.7352241E+06   8.2876181E+06   5.9155791E-03   6.0483642E-03   5.9582766E-03
   3.0000000E-01   4.5719804E+06   2.2529549E+06   6.8167866E+06   5.3743001E-03   5.4783748E-03   5.4014139E-03
   3.5000000E-01   3.8275491E+06   1.8787468E+06   5.6993203E+06   5.0430907E-03   4.6182192E-03   4.8995427E-03
   4.0000000E-01   3.2481057E+06   1.5958466E+06   4.8386206E+06   4.7396902E-03   5.3761808E-03   4.9466226E-03
   4.5000000E-01   2.7909835E+06   1.3732101E+06   4.1596241E+06   4.9350294E-03   5.4684299E-03   5.1071520E-03
   5.0000000E-01   2.3977902E+06   1.1858189E+06   3.5808080E+06   5.7426939E-03   4.9213121E-03   5.4651749E-03
   5.5000000E-01   2.0827942E+06   1.0224345E+06   3.1023465E+06   4.9323092E-03   4.9870790E-03   4.9463266E-03
   6.0000000E-01   1.8048330E+06   8.8883261E+05   2.6911562E+06   6.1195876E-03   5.6316018E-03   5.9567329E-03
   6.5000000E-01   1.5685185E+06   7.6701909E+05   2.3335787E+06   6.4973969E-03   7.3893334E-03   6.7861396E-03
   7.0000000E-01   1.3520349E+06   6.6599977E+05   2.0163885E+06   7.7889891E-03   7.7000978E-03   7.7683726E-03
   7.5000000E-01   1.1607403E+06   5.7218112E+05   1.7317161E+06   8.0668875E-03   8.5085309E-03   8.2062669E-03
   8.0000000E-01   9.8353378E+05   4.8566927E+05   1.4682521E+06   1.0065674E-02   1.0941287E-02   1.0340251E-02
   8.5000000E-01   8.1765946E+05   4.0424981E+05   1.2211528E+06   1.2725711E-02   1.2428647E-02   1.2617775E-02
   9.0000000E-01   6.5750444E+05   3.2353371E+05   9.8067032E+05   1.5852065E-02   1.6387645E-02   1.6027183E-02
   9.5000000E-01   4.7921051E+05   2.3702359E+05   7.1597945E+05   2.2179300E-02   2.2344847E-02   2.2222037E-02
   1.0000000E+00   2.8921086E+05   1.4347052E+05   4.3264994E+05   3.5575702E-02   3.5975752E-02   3.5699278E-02
