   0.0000000E+00   1.1899442E+08   1.5218319E+08   2.7087356E+08   1.4858949E-02   4.5897580E-03   9.0988137E-03
   5.0000000E-02   2.9132294E+07   1.4073117E+07   4.3150597E+07   1.7870592E-02   1.5935752E-02   1.7246087E-02
   1.0000000E-01   1.6394678E+07   7.7889156E+06   2.4152049E+07   1.0611016E-02   9.6573202E-03   1.0300509E-02
   1.5000000E-01   1.1108760E+07   5.2433065E+06   1.6325881E+07   7.7069747E-03   7.1278561E-03   7.5298595E-03
   2.0000000E-01   8.1080213E+06   3.8374167E+06   1.1926992E+07   6.1985311E-03   5.6071681E-03   6.0127597E-03
   2.5000000E-01   6.2237477E+06   2.9345498E+06   9.1452595E+06   5.2664692E-03   4.4663317E-03   5.0138416E-03
   3.0000000E-01   4.9133890E+06   2.3216038E+06   7.2249129E+06   4.5747231E-03   4.4360098E-03   4.5273206E-03
   3.5000000E-01   3.9532997E+06   1.8599938E+06   5.8061178E+06   4.4367752E-03   4.0582012E-03   4.3133015E-03
   4.0000000E-01   3.2260548E+06   1.5175663E+06   4.7380029E+06   4.1464232E-03   3.7535643E-03   4.0226934E-03
   4.5000000E-01   2.6557018E+06   1.2496492E+06   3.9010079E+06   3.9370117E-03   3.6903813E-03   3.8418873E-03
   5.0000000E-01   2.1998142E+06   1.0371236E+06   3.2342067E+06   4.3524295E-03   4.0973686E-03   4.2713484E-03
   5.5000000E-01   1.8413012E+06   8.6720924E+05   2.7058077E+06   4.1404736E-03   4.4295434E-03   4.2356772E-03
   6.0000000E-01   1.5381317E+06   7.2702509E+05   2.2634220E+06   4.8696947E-03   4.1568898E-03   4.6490624E-03
   6.5000000E-01   1.2805411E+06   6.0421583E+05   1.8832192E+06   5.2633270E-03   5.1842060E-03   5.2165289E-03
   7.0000000E-01   1.0709400E+06   5.0527147E+05   1.5752110E+06   5.9608776E-03   6.9615066E-03   6.2609822E-03
   7.5000000E-01   8.8860237E+05   4.1653607E+05   1.3044509E+06   6.7761029E-03   6.4758202E-03   6.6824715E-03
   8.0000000E-01   7.3005964E+05   3.4381049E+05   1.0733011E+06   8.1815155E-03   8.0936450E-03   8.1425021E-03
   8.5000000E-01   5.8503859E+05   2.7439810E+05   8.5908093E+05   9.9001559E-03   9.9981207E-03   9.9378706E-03
   9.0000000E-01   4.5398771E+05   2.1158058E+05   6.6535962E+05   1.3165379E-02   1.2196194E-02   1.2850716E-02
   9.5000000E-01   3.1940219E+05   1.5129436E+05   4.7055918E+05   1.9543234E-02   1.8197962E-02   1.9107885E-02
   1.0000000E+00   1.8889845E+05   8.9988170E+04   2.7883632E+05   3.0069961E-02   3.2053890E-02   3.0707210E-02
