   0.0000000E+00   1.7233807E+09   1.0597758E+09   2.7322116E+09   2.3532376E-03   1.5190998E-03   2.0326107E-03
   5.0000000E-02   1.4701015E+07   6.5550828E+06   2.1233625E+07   1.1092384E-01   9.7179207E-02   1.0667176E-01
   1.0000000E-01   7.4726429E+06   3.1984732E+06   1.0659275E+07   1.0756032E-01   9.5748938E-02   1.0403255E-01
   1.5000000E-01   4.9537931E+06   2.0595498E+06   7.0055337E+06   1.0551029E-01   9.3513985E-02   1.0200171E-01
   2.0000000E-01   3.6697628E+06   1.4954835E+06   5.1597396E+06   1.0526259E-01   9.2683182E-02   1.0163814E-01
   2.5000000E-01   2.8686851E+06   1.1388873E+06   4.0034471E+06   1.0553889E-01   9.2391656E-02   1.0182271E-01
   3.0000000E-01   2.3163410E+06   9.0217510E+05   3.2152694E+06   1.0588569E-01   9.3498290E-02   1.0242879E-01
   3.5000000E-01   1.9107233E+06   7.3176714E+05   2.6402896E+06   1.0713947E-01   9.4400901E-02   1.0361934E-01
   4.0000000E-01   1.6094384E+06   6.0486040E+05   2.2123412E+06   1.0932842E-01   9.3950414E-02   1.0512539E-01
   4.5000000E-01   1.3614326E+06   5.0233544E+05   1.8621128E+06   1.1112344E-01   9.6712682E-02   1.0723753E-01
   5.0000000E-01   1.1531158E+06   4.2249271E+05   1.5742588E+06   1.1334002E-01   9.8712955E-02   1.0943578E-01
   5.5000000E-01   9.8919138E+05   3.5968438E+05   1.3476662E+06   1.1589478E-01   1.0046207E-01   1.1178067E-01
   6.0000000E-01   8.4352120E+05   3.0283472E+05   1.1455283E+06   1.1963469E-01   1.0095149E-01   1.1470239E-01
   6.5000000E-01   7.1938034E+05   2.5363421E+05   9.7240242E+05   1.2411755E-01   1.0477029E-01   1.1907219E-01
   7.0000000E-01   6.1045015E+05   2.1459088E+05   8.2452719E+05   1.2787586E-01   1.0799388E-01   1.2269397E-01
   7.5000000E-01   5.1488534E+05   1.7862702E+05   6.9313463E+05   1.3275943E-01   1.1164814E-01   1.2731425E-01
   8.0000000E-01   4.2211074E+05   1.4604853E+05   5.6787677E+05   1.3856732E-01   1.1668067E-01   1.3296078E-01
   8.5000000E-01   3.4461352E+05   1.1704816E+05   4.6145197E+05   1.4560581E-01   1.2407988E-01   1.4017486E-01
   9.0000000E-01   2.6217417E+05   8.8748333E+04   3.5080579E+05   1.5450656E-01   1.2954208E-01   1.4818870E-01
   9.5000000E-01   1.7639394E+05   5.9560806E+04   2.3590448E+05   1.6341685E-01   1.3673252E-01   1.5668363E-01
   1.0000000E+00   8.2920904E+04   2.6967528E+04   1.0988214E+05   1.7473118E-01   1.4681942E-01   1.6785833E-01
