   0.0000000E+00   5.7566216E+07   3.6934133E+07   9.4481504E+07   1.9203843E-02   1.2036637E-02   1.6389968E-02
   5.0000000E-02   2.4762472E+07   1.2303632E+07   3.7041912E+07   9.4616782E-03   8.7738578E-03   9.2324939E-03
   1.0000000E-01   1.3689394E+07   6.8044149E+06   2.0479199E+07   4.2547850E-03   4.1714879E-03   4.2191927E-03
   1.5000000E-01   9.3678600E+06   4.6847151E+06   1.4041477E+07   2.9619764E-03   3.0314221E-03   2.9815191E-03
   2.0000000E-01   7.0485109E+06   3.5104010E+06   1.0550604E+07   2.2854929E-03   2.1066386E-03   2.2186120E-03
   2.5000000E-01   5.5645024E+06   2.7844985E+06   8.3418708E+06   1.8051799E-03   1.1239055E-03   1.5634142E-03
   3.0000000E-01   4.5413802E+06   2.2657085E+06   6.8015502E+06   1.6315205E-03   2.0634112E-03   1.7339526E-03
   3.5000000E-01   3.7973733E+06   1.9007284E+06   5.6931633E+06   1.4413441E-03   1.8420993E-03   1.5099192E-03
   4.0000000E-01   3.2107043E+06   1.6103775E+06   4.8176520E+06   2.0296492E-03   1.6987694E-03   1.9145886E-03
   4.5000000E-01   2.7546962E+06   1.3760395E+06   4.1278780E+06   1.8490363E-03   1.7492845E-03   1.8085675E-03
   5.0000000E-01   2.3785770E+06   1.1890975E+06   3.5654081E+06   2.0240898E-03   1.7869310E-03   1.9463939E-03
   5.5000000E-01   2.0553674E+06   1.0223014E+06   3.0754812E+06   1.9897992E-03   1.9120799E-03   1.9631275E-03
   6.0000000E-01   1.7862118E+06   8.9105017E+05   2.6755750E+06   2.1571196E-03   3.0348157E-03   2.4450956E-03
   6.5000000E-01   1.5485580E+06   7.7444306E+05   2.3215907E+06   2.3441712E-03   2.5180242E-03   2.3933818E-03
   7.0000000E-01   1.3363922E+06   6.6612710E+05   2.0014462E+06   2.6362669E-03   2.7219196E-03   2.6810229E-03
   7.5000000E-01   1.1452450E+06   5.7277105E+05   1.7170145E+06   3.7044981E-03   3.2667792E-03   3.5518252E-03
   8.0000000E-01   9.7392082E+05   4.8400212E+05   1.4572465E+06   4.4781387E-03   3.8293976E-03   4.2549378E-03
   8.5000000E-01   8.0099874E+05   3.9967738E+05   1.2001481E+06   5.8774639E-03   4.8802501E-03   5.5519008E-03
   9.0000000E-01   6.3767727E+05   3.1757777E+05   9.5498978E+05   7.4786645E-03   7.5440609E-03   7.4911165E-03
   9.5000000E-01   4.5836624E+05   2.2834211E+05   6.8652406E+05   1.0973867E-02   1.0351735E-02   1.0759855E-02
   1.0000000E+00   2.7328436E+05   1.3678051E+05   4.1001457E+05   2.1651232E-02   2.1244626E-02   2.1384930E-02
