   0.0000000E+00   1.4242508E+09   9.3472691E+08   2.3210902E+09   3.4258925E-03   2.2112667E-03   2.9404350E-03
   5.0000000E-02   1.8169638E+07   8.1472052E+06   2.6281001E+07   1.0678438E-01   9.7675804E-02   1.0394674E-01
   1.0000000E-01   9.2352839E+06   4.0008688E+06   1.3217945E+07   1.0199342E-01   9.3729994E-02   9.9500368E-02
   1.5000000E-01   6.1322400E+06   2.5637315E+06   8.6831117E+06   1.0001836E-01   9.2958344E-02   9.7932290E-02
   2.0000000E-01   4.5140957E+06   1.8418683E+06   6.3479108E+06   9.8799905E-02   9.0417856E-02   9.6380157E-02
   2.5000000E-01   3.5051648E+06   1.4027025E+06   4.9010300E+06   9.8713386E-02   9.1109749E-02   9.6544288E-02
   3.0000000E-01   2.8084269E+06   1.1077821E+06   3.9110736E+06   9.8242397E-02   9.0568536E-02   9.6102642E-02
   3.5000000E-01   2.2967059E+06   8.8916684E+05   3.1818165E+06   9.8568353E-02   9.0382491E-02   9.6289905E-02
   4.0000000E-01   1.9107426E+06   7.3185809E+05   2.6395847E+06   1.0033530E-01   8.9672030E-02   9.7394423E-02
   4.5000000E-01   1.6014029E+06   6.0264550E+05   2.2020536E+06   1.0143436E-01   9.1719724E-02   9.8801626E-02
   5.0000000E-01   1.3541921E+06   5.0647559E+05   1.8590507E+06   1.0254637E-01   9.2216903E-02   9.9745387E-02
   5.5000000E-01   1.1492492E+06   4.1997806E+05   1.5676241E+06   1.0480946E-01   9.3622990E-02   1.0180409E-01
   6.0000000E-01   9.7129079E+05   3.5007191E+05   1.3202645E+06   1.0680770E-01   9.5370092E-02   1.0378328E-01
   6.5000000E-01   8.2400146E+05   2.9517121E+05   1.1183059E+06   1.0991109E-01   9.7146063E-02   1.0654488E-01
   7.0000000E-01   6.8985483E+05   2.4628545E+05   9.3547638E+05   1.1413795E-01   1.0040112E-01   1.1052364E-01
   7.5000000E-01   5.7830965E+05   2.0390507E+05   7.8170966E+05   1.1794155E-01   1.0393938E-01   1.1428710E-01
   8.0000000E-01   4.7568229E+05   1.6771748E+05   6.4302178E+05   1.2231556E-01   1.0922976E-01   1.1892114E-01
   8.5000000E-01   3.7729458E+05   1.3204618E+05   5.0907862E+05   1.2905478E-01   1.1456340E-01   1.2530572E-01
   9.0000000E-01   2.9111561E+05   1.0005894E+05   3.9102247E+05   1.3761866E-01   1.2105036E-01   1.3339369E-01
   9.5000000E-01   1.9332467E+05   6.7451540E+04   2.6070585E+05   1.4747654E-01   1.2793350E-01   1.4242462E-01
   1.0000000E+00   9.0415727E+04   3.1513465E+04   1.2191033E+05   1.5797099E-01   1.3988843E-01   1.5327713E-01
