   0.0000000E+00   1.8615923E+09   1.1089866E+09   2.9098540E+09   2.2007680E-03   1.5771554E-03   1.9671436E-03
   5.0000000E-02   1.4419438E+07   6.5071453E+06   2.0899718E+07   1.1473449E-01   1.0567102E-01   1.1189605E-01
   1.0000000E-01   7.2171992E+06   3.1119884E+06   1.0317219E+07   1.1213716E-01   1.0441530E-01   1.0983610E-01
   1.5000000E-01   4.7378941E+06   1.9926835E+06   6.7220045E+06   1.1223147E-01   1.0309979E-01   1.0954513E-01
   2.0000000E-01   3.4633707E+06   1.4133596E+06   4.8714782E+06   1.1265145E-01   1.0257491E-01   1.0974175E-01
   2.5000000E-01   2.6840526E+06   1.0680570E+06   3.7482899E+06   1.1307162E-01   1.0427830E-01   1.1056273E-01
   3.0000000E-01   2.1496103E+06   8.4474139E+05   2.9915188E+06   1.1429551E-01   1.0479183E-01   1.1162360E-01
   3.5000000E-01   1.7546787E+06   6.7792730E+05   2.4303960E+06   1.1554916E-01   1.0567053E-01   1.1280609E-01
   4.0000000E-01   1.4546125E+06   5.5007131E+05   2.0030366E+06   1.1818901E-01   1.0658438E-01   1.1502655E-01
   4.5000000E-01   1.2255355E+06   4.5701519E+05   1.6812279E+06   1.2069236E-01   1.0847681E-01   1.1739454E-01
   5.0000000E-01   1.0325591E+06   3.8315598E+05   1.4147983E+06   1.2214173E-01   1.0980262E-01   1.1883036E-01
   5.5000000E-01   8.7667751E+05   3.2011557E+05   1.1959365E+06   1.2576956E-01   1.1077181E-01   1.2175922E-01
   6.0000000E-01   7.4335438E+05   2.6882331E+05   1.0115517E+06   1.2846627E-01   1.1292476E-01   1.2432949E-01
   6.5000000E-01   6.2859836E+05   2.2432522E+05   8.5244367E+05   1.3287989E-01   1.1647994E-01   1.2859137E-01
   7.0000000E-01   5.3178668E+05   1.8830303E+05   7.1964409E+05   1.3624697E-01   1.2145300E-01   1.3239332E-01
   7.5000000E-01   4.4537919E+05   1.5675276E+05   6.0185609E+05   1.4200913E-01   1.2496651E-01   1.3757351E-01
   8.0000000E-01   3.6589324E+05   1.2550561E+05   4.9118796E+05   1.4647880E-01   1.2824497E-01   1.4182299E-01
   8.5000000E-01   2.8966200E+05   1.0046234E+05   3.9000451E+05   1.5365183E-01   1.3480619E-01   1.4880123E-01
   9.0000000E-01   2.2532803E+05   7.5135280E+04   3.0039611E+05   1.6107462E-01   1.4347905E-01   1.5665887E-01
   9.5000000E-01   1.4791023E+05   4.9532369E+04   1.9740909E+05   1.6876285E-01   1.4882091E-01   1.6375526E-01
   1.0000000E+00   6.7629455E+04   2.2170087E+04   8.9799542E+04   1.8843271E-01   1.5296223E-01   1.7968245E-01
