   0.0000000E+00   1.3327660E+08   1.5907600E+08   2.9209236E+08   4.0064215E-03   1.4591264E-03   2.6150510E-03
   5.0000000E-02   2.5993376E+07   1.2610928E+07   3.8570118E+07   5.2842175E-03   4.3209165E-03   4.9638861E-03
   1.0000000E-01   1.4814269E+07   7.0633282E+06   2.1859040E+07   2.8045671E-03   2.1369913E-03   2.5867052E-03
   1.5000000E-01   1.0114297E+07   4.8308194E+06   1.4928967E+07   1.6344284E-03   1.6061773E-03   1.6259781E-03
   2.0000000E-01   7.5248616E+06   3.5848855E+06   1.1097190E+07   1.3318112E-03   1.1346797E-03   1.2706517E-03
   2.5000000E-01   5.8595248E+06   2.7824995E+06   8.6335063E+06   1.1282851E-03   1.1842045E-03   1.1427082E-03
   3.0000000E-01   4.7158352E+06   2.2215908E+06   6.9303596E+06   9.8336072E-04   1.2176961E-03   1.0589117E-03
   3.5000000E-01   3.8565880E+06   1.8136024E+06   5.6646609E+06   9.1810422E-04   9.6779889E-04   9.3217607E-04
   4.0000000E-01   3.2044097E+06   1.5100462E+06   4.7101587E+06   6.8307276E-04   9.2764702E-04   7.5261663E-04
   4.5000000E-01   2.6907018E+06   1.2637610E+06   3.9509472E+06   7.7465760E-04   8.7412415E-04   8.0154350E-04
   5.0000000E-01   2.2711920E+06   1.0678978E+06   3.3369762E+06   1.2003287E-03   1.3791187E-03   1.2577348E-03
   5.5000000E-01   1.9280435E+06   9.0431260E+05   2.8302784E+06   1.3582957E-03   1.3223646E-03   1.3420582E-03
   6.0000000E-01   1.6388980E+06   7.7015607E+05   2.4073458E+06   1.8082017E-03   1.3666615E-03   1.6693656E-03
   6.5000000E-01   1.3970229E+06   6.5092413E+05   2.0467130E+06   1.9918171E-03   1.7460851E-03   1.9098715E-03
   7.0000000E-01   1.1849495E+06   5.5424572E+05   1.7381721E+06   2.8719696E-03   3.2517997E-03   2.9871246E-03
   7.5000000E-01   9.9754923E+05   4.6555155E+05   1.4623071E+06   3.5243877E-03   3.4023506E-03   3.4818113E-03
   8.0000000E-01   8.2707254E+05   3.8718021E+05   1.2136360E+06   4.0492667E-03   3.1604230E-03   3.7482477E-03
   8.5000000E-01   6.7437881E+05   3.1502942E+05   9.8905622E+05   4.9983728E-03   5.0552889E-03   5.0021304E-03
   9.0000000E-01   5.2751375E+05   2.4598988E+05   7.7325606E+05   6.3822611E-03   6.7262728E-03   6.5012842E-03
   9.5000000E-01   3.7505281E+05   1.7537534E+05   5.5027068E+05   1.1090084E-02   1.0832683E-02   1.1002439E-02
   1.0000000E+00   2.2455544E+05   1.0335561E+05   3.2787333E+05   1.9668976E-02   1.8844193E-02   1.9416101E-02
