   0.0000000E+00   1.0840621E+09   7.4652326E+08   1.8098418E+09   2.7641091E-03   1.6977148E-03   2.3307555E-03
   5.0000000E-02   1.6092602E+07   7.5191798E+06   2.3587017E+07   7.3260650E-02   6.5725413E-02   7.0844880E-02
   1.0000000E-01   8.8906179E+06   4.0174527E+06   1.2891932E+07   6.5326772E-02   5.8966800E-02   6.3362432E-02
   1.5000000E-01   6.2368578E+06   2.7453379E+06   8.9694633E+06   6.0091425E-02   5.4673386E-02   5.8447873E-02
   2.0000000E-01   4.7978372E+06   2.0768924E+06   6.8648461E+06   5.7346926E-02   5.2299009E-02   5.5829100E-02
   2.5000000E-01   3.8715522E+06   1.6447708E+06   5.5076268E+06   5.5139923E-02   4.9877660E-02   5.3580979E-02
   3.0000000E-01   3.1979321E+06   1.3386416E+06   4.5299953E+06   5.5226971E-02   4.9839876E-02   5.3669135E-02
   3.5000000E-01   2.6911646E+06   1.1164310E+06   3.8024753E+06   5.3853540E-02   5.0102711E-02   5.2754815E-02
   4.0000000E-01   2.2944493E+06   9.4326360E+05   3.2329064E+06   5.4389921E-02   4.9627900E-02   5.3015712E-02
   4.5000000E-01   1.9694540E+06   7.9771287E+05   2.7636018E+06   5.5537000E-02   4.9601664E-02   5.3838674E-02
   5.0000000E-01   1.6990299E+06   6.8629521E+05   2.3824986E+06   5.6807071E-02   5.0922571E-02   5.5120809E-02
   5.5000000E-01   1.4653193E+06   5.8453270E+05   2.0473287E+06   5.9089270E-02   5.2260173E-02   5.7157548E-02
   6.0000000E-01   1.2668680E+06   5.0243093E+05   1.7671981E+06   6.1286839E-02   5.4709338E-02   5.9415933E-02
   6.5000000E-01   1.0907207E+06   4.2770565E+05   1.5168984E+06   6.3692551E-02   5.7752771E-02   6.2022891E-02
   7.0000000E-01   9.2970133E+05   3.6446937E+05   1.2929338E+06   6.7603216E-02   6.1088750E-02   6.5769318E-02
   7.5000000E-01   7.9217569E+05   3.0865024E+05   1.0998795E+06   7.2432377E-02   6.4526052E-02   7.0230846E-02
   8.0000000E-01   6.6381139E+05   2.5503784E+05   9.1806539E+05   7.7825065E-02   6.8806764E-02   7.5345506E-02
   8.5000000E-01   5.4239630E+05   2.0821960E+05   7.5003171E+05   8.3974950E-02   7.4552309E-02   8.1357000E-02
   9.0000000E-01   4.2578545E+05   1.6298527E+05   5.8850193E+05   9.3254403E-02   8.0833012E-02   8.9827015E-02
   9.5000000E-01   2.9874220E+05   1.1404541E+05   4.1261338E+05   1.0523712E-01   9.4398165E-02   1.0223831E-01
   1.0000000E+00   1.4987759E+05   5.6751902E+04   2.0662320E+05   1.2027977E-01   1.0711624E-01   1.1667634E-01
