lambda(um), Cext(cm^2/H), albedo, <cos>, # of angles
   0.12157  1.60408E-21   0.32579   0.67618   161
cos(theta),     S11,               S12,             S33,             S34
-1.0000  1.0230856336E-01  3.5639280500E-19 -1.0230856336E-01  2.2877683825E-18
-0.9875  1.0142895875E-01 -1.4146357308E-03 -1.0136741875E-01  6.5402585434E-04
-0.9750  1.0070345318E-01 -2.7145477570E-03 -1.0047624539E-01  1.2554053894E-03
-0.9625  1.0009915364E-01 -3.9268163110E-03 -9.9622907627E-02  1.8108914913E-03
-0.9500  9.9594760026E-02 -5.0686988397E-03 -9.8800602601E-02  2.3282435368E-03
-0.9375  9.9174511772E-02 -6.1529431758E-03 -9.8004392696E-02  2.8152221229E-03
-0.9250  9.8825587996E-02 -7.1899755566E-03 -9.7229842762E-02  3.2786838793E-03
-0.9125  9.8537196697E-02 -8.1885983161E-03 -9.6472771139E-02  3.7240883307E-03
-0.9000  9.8300365698E-02 -9.1561019539E-03 -9.5729448676E-02  4.1554604551E-03
-0.8875  9.8107889443E-02 -1.0098280004E-02 -9.4996833426E-02  4.5756743210E-03
-0.8750  9.7954191322E-02 -1.1019550100E-02 -9.4272652386E-02  4.9868665278E-03
-0.8625  9.7835053151E-02 -1.1923209309E-02 -9.3555301003E-02  5.3908172796E-03
-0.8500  9.7747262000E-02 -1.2811765191E-02 -9.2843619540E-02  5.7892019233E-03
-0.8375  9.7688257133E-02 -1.3687258767E-02 -9.2136636846E-02  6.1836843044E-03
-0.8250  9.7655850367E-02 -1.4551509118E-02 -9.1433363822E-02  6.5758786979E-03
-0.8125  9.7648060317E-02 -1.5406243650E-02 -9.0732686338E-02  6.9672403161E-03
-0.8000  9.7663061580E-02 -1.6253117365E-02 -9.0033366239E-02  7.3589520402E-03
-0.7875  9.7699217734E-02 -1.7093655438E-02 -8.9334123709E-02  7.7518603882E-03
-0.7750  9.7755150690E-02 -1.7929167953E-02 -8.8633754236E-02  8.1464859193E-03
-0.7625  9.7829799960E-02 -1.8760682935E-02 -8.7931231586E-02  8.5431034419E-03
-0.7500  9.7922439663E-02 -1.9588928163E-02 -8.7225761161E-02  8.9418646649E-03
-0.7375  9.8032641776E-02 -2.0414370739E-02 -8.6516769167E-02  9.3429252705E-03
-0.7250  9.8160194240E-02 -2.1237303036E-02 -8.5803835017E-02  9.7465405153E-03
-0.7125  9.8304996930E-02 -2.2057949609E-02 -8.5086591150E-02  1.0153105816E-02
-0.7000  9.8466963968E-02 -2.2876564834E-02 -8.4364622313E-02  1.0563136741E-02
-0.6875  9.8645957271E-02 -2.3693495729E-02 -8.3637394054E-02  1.0977200899E-02
-0.6750  9.8841765432E-02 -2.4509196170E-02 -8.2904229333E-02  1.1395827364E-02
-0.6625  9.9054127934E-02 -2.5324193801E-02 -8.2164336611E-02  1.1819424023E-02
-0.6500  9.9282791660E-02 -2.6139024498E-02 -8.1416877228E-02  1.2248228953E-02
-0.6375  9.9527578370E-02 -2.6954157643E-02 -8.0661048998E-02  1.2682310196E-02
-0.6250  9.9788440357E-02 -2.7769936538E-02 -7.9896159338E-02  1.3121613211E-02
-0.6125  1.0006548666E-01 -2.8586552355E-02 -7.9121665646E-02  1.3566041057E-02
-0.6000  1.0035897213E-01 -2.9404059087E-02 -7.8337171179E-02  1.4015543185E-02
-0.5875  1.0066925320E-01 -3.0222424507E-02 -7.7542378219E-02  1.4470186725E-02
-0.5750  1.0099672395E-01 -3.1041601619E-02 -7.6737012853E-02  1.4930189823E-02
-0.5625  1.0134175166E-01 -3.1861599413E-02 -7.5920743784E-02  1.5395907936E-02
-0.5500  1.0170463052E-01 -3.2682532366E-02 -7.5093119040E-02  1.5867777931E-02
-0.5375  1.0208556650E-01 -3.3504634731E-02 -7.4253538927E-02  1.6346237158E-02
-0.5250  1.0248469690E-01 -3.4328236202E-02 -7.3401272723E-02  1.6831642017E-02
-0.5125  1.0290213762E-01 -3.5153707043E-02 -7.2535513578E-02  1.7324210647E-02
-0.5000  1.0333804335E-01 -3.5981389683E-02 -7.1655454703E-02  1.7824007268E-02
-0.4875  1.0379266206E-01 -3.6811537712E-02 -7.0760363527E-02  1.8330973289E-02
-0.4750  1.0426636724E-01 -3.7644280834E-02 -6.9849630971E-02  1.8844996371E-02
-0.4625  1.0475965849E-01 -3.8479626510E-02 -6.8922780326E-02  1.9365997007E-02
-0.4500  1.0527313026E-01 -3.9317497900E-02 -6.7979432258E-02  1.9894006645E-02
-0.4375  1.0580741899E-01 -4.0157796722E-02 -6.7019235796E-02  2.0429213454E-02
-0.4250  1.0636314478E-01 -4.1000471935E-02 -6.6041785686E-02  2.0971961228E-02
-0.4125  1.0694086605E-01 -4.1845573219E-02 -6.5046551137E-02  2.1522701019E-02
-0.4000  1.0754106113E-01 -4.2693272652E-02 -6.4032837996E-02  2.2081909652E-02
-0.3875  1.0816414301E-01 -4.3543847672E-02 -6.2999796482E-02  2.2650000010E-02
-0.3750  1.0881050243E-01 -4.4397630382E-02 -6.1946472684E-02  2.3227251245E-02
-0.3625  1.0948056611E-01 -4.5254938978E-02 -6.0871888049E-02  2.3813781684E-02
-0.3500  1.1017485165E-01 -4.6116013012E-02 -5.9775121750E-02  2.4409574306E-02
-0.3375  1.1089400169E-01 -4.6980973406E-02 -5.8655369015E-02  2.5014548160E-02
-0.3250  1.1163878648E-01 -4.7849820574E-02 -5.7511955410E-02  2.5628653964E-02
-0.3125  1.1241007410E-01 -4.8722471887E-02 -5.6344300720E-02  2.6251963436E-02
-0.3000  1.1320877848E-01 -4.9598826835E-02 -5.5151842416E-02  2.6884722791E-02
-0.2875  1.1403580275E-01 -5.0478838760E-02 -5.3933942534E-02  2.7527351586E-02
-0.2750  1.1489199735E-01 -5.1362569297E-02 -5.2689808217E-02  2.8180385662E-02
-0.2625  1.1577814765E-01 -5.2250206875E-02 -5.1418452807E-02  2.8844381831E-02
-0.2500  1.1669499610E-01 -5.3142042367E-02 -5.0118711509E-02  2.9519815825E-02
-0.2375  1.1764329181E-01 -5.4038409572E-02 -4.8789307400E-02  3.0207008752E-02
-0.2250  1.1862385124E-01 -5.4939610703E-02 -4.7428945668E-02  3.0906108928E-02
-0.2125  1.1963760893E-01 -5.5845852923E-02 -4.6036403002E-02  3.1617137607E-02
-0.2000  1.2068564101E-01 -5.6757218849E-02 -4.4610579218E-02  3.2340084645E-02
-0.1875  1.2176915335E-01 -5.7673682383E-02 -4.3150490340E-02  3.3075021414E-02
-0.1750  1.2288943934E-01 -5.8595165023E-02 -4.1655202777E-02  3.3822190395E-02
-0.1625  1.2404782374E-01 -5.9521612715E-02 -4.0123730014E-02  3.4582037556E-02
-0.1500  1.2524561423E-01 -6.0453064945E-02 -3.8554928306E-02  3.5355173493E-02
-0.1375  1.2648408046E-01 -6.1389689808E-02 -3.6947429938E-02  3.6142275716E-02
-0.1250  1.2776446955E-01 -6.2331770992E-02 -3.5299639953E-02  3.6943967830E-02
-0.1125  1.2908805346E-01 -6.3279650902E-02 -3.3609798676E-02  3.7760722156E-02
-0.1000  1.3045619079E-01 -6.4233651547E-02 -3.1876086347E-02  3.8592825452E-02
-0.0875  1.3187037966E-01 -6.5194004487E-02 -3.0096727978E-02  3.9440424045E-02
-0.0750  1.3333228168E-01 -6.6160818461E-02 -2.8270054313E-02  4.0303633152E-02
-0.0625  1.3484370874E-01 -6.7134098744E-02 -2.6394490556E-02  4.1182667915E-02
-0.0500  1.3640658001E-01 -6.8113811151E-02 -2.4468473304E-02  4.2077942399E-02
-0.0375  1.3802286937E-01 -6.9099964438E-02 -2.2490326565E-02  4.2990093773E-02
-0.0250  1.3969456807E-01 -7.0092676096E-02 -2.0458146795E-02  4.3919919131E-02
-0.0125  1.4142368112E-01 -7.1092192720E-02 -1.8369745271E-02  4.4868250164E-02
-0.0000  1.4321226123E-01 -7.2098855408E-02 -1.6222672731E-02  4.5835819891E-02
 0.0125  1.4506246730E-01 -7.3113025183E-02 -1.4014315019E-02  4.6823181937E-02
 0.0250  1.4697662324E-01 -7.4135002193E-02 -1.1742015034E-02  4.7830721616E-02
 0.0375  1.4895725295E-01 -7.5164976303E-02 -9.4031616208E-03  4.8858756964E-02
 0.0500  1.5100707864E-01 -7.6203032874E-02 -6.9951987735E-03  4.9907685044E-02
 0.0625  1.5312898801E-01 -7.7249211547E-02 -4.5155446018E-03  5.0978104898E-02
 0.0750  1.5532599117E-01 -7.8303589843E-02 -1.9614531706E-03  5.2070857019E-02
 0.0875  1.5760119385E-01 -7.9366350370E-02  6.7011801794E-04  5.3186958505E-02
 0.1000  1.5995780523E-01 -8.0437797852E-02  3.3825727203E-03  5.4327465401E-02
 0.1125  1.6239918096E-01 -8.1518317444E-02  6.1796437208E-03  5.5493332914E-02
 0.1250  1.6492888374E-01 -8.2608296551E-02  9.0652851026E-03  5.6685348111E-02
 0.1375  1.6755073521E-01 -8.3708052265E-02  1.2043552417E-02  5.7904173518E-02
 0.1500  1.7026883851E-01 -8.4817804121E-02  1.5118543667E-02  5.9150480670E-02
 0.1625  1.7308756893E-01 -8.5937707120E-02  1.8294443214E-02  6.0425101733E-02
 0.1750  1.7601154871E-01 -8.7067926005E-02  2.1575654197E-02  6.1729114907E-02
 0.1875  1.7904563226E-01 -8.8208707790E-02  2.4966954097E-02  6.3063815465E-02
 0.2000  1.8219492152E-01 -8.9360410391E-02  2.8473593516E-02  6.4430590909E-02
 0.2125  1.8546481336E-01 -9.0523471561E-02  3.2101291579E-02  6.5830777256E-02
 0.2250  1.8886106211E-01 -9.1698338949E-02  3.5856145259E-02  6.7265586896E-02
 0.2375  1.9238983260E-01 -9.2885406376E-02  3.9744525732E-02  6.8736155273E-02
 0.2500  1.9605772843E-01 -9.4084997106E-02  4.3773045937E-02  7.0243678257E-02
 0.2625  1.9987179935E-01 -9.5297403808E-02  4.7948639755E-02  7.1789552577E-02
 0.2750  2.0383954766E-01 -9.6522957072E-02  5.2278720898E-02  7.3375429298E-02
 0.2875  2.0796895547E-01 -9.7762075498E-02  5.6771337263E-02  7.5003149771E-02
 0.3000  2.1226854076E-01 -9.9015264397E-02  6.1435242122E-02  7.6674616061E-02
 0.3125  2.1674743135E-01 -1.0028306760E-01  6.6279866078E-02  7.8391694880E-02
 0.3250  2.2141543716E-01 -1.0156601083E-01  7.1315249736E-02  8.0156229301E-02
 0.3375  2.2628310830E-01 -1.0286458011E-01  7.6552029707E-02  8.1970151775E-02
 0.3500  2.3136178403E-01 -1.0417925015E-01  8.2001533197E-02  8.3835615584E-02
 0.3625  2.3666365052E-01 -1.0551053868E-01  8.7675956016E-02  8.5755050297E-02
 0.3750  2.4220182255E-01 -1.0685904333E-01  9.3588539405E-02  8.7731111187E-02
 0.3875  2.4799044963E-01 -1.0822543483E-01  9.9753672128E-02  8.9766581253E-02
 0.4000  2.5404483410E-01 -1.0961041860E-01  1.0618691828E-01  9.1864322881E-02
 0.4125  2.6038155013E-01 -1.1101470298E-01  1.1290504488E-01  9.4027330499E-02
 0.4250  2.6701856588E-01 -1.1243900392E-01  1.1992613184E-01  9.6258846008E-02
 0.4375  2.7397538342E-01 -1.1388408117E-01  1.2726978233E-01  9.8562446771E-02
 0.4500  2.8127320932E-01 -1.1535077336E-01  1.3495737509E-01  1.0094204952E-01
 0.4625  2.8893515675E-01 -1.1684000420E-01  1.4301228497E-01  1.0340185931E-01
 0.4750  2.9698647131E-01 -1.1835276347E-01  1.5146005829E-01  1.0594634570E-01
 0.4875  3.0545477822E-01 -1.1989009119E-01  1.6032860358E-01  1.0858029660E-01
 0.5000  3.1437036195E-01 -1.2145308716E-01  1.6964847050E-01  1.1130891978E-01
 0.5125  3.2376649514E-01 -1.2304293918E-01  1.7945323069E-01  1.1413791968E-01
 0.5250  3.3367982639E-01 -1.2466094518E-01  1.8977991233E-01  1.1707351630E-01
 0.5375  3.4415082731E-01 -1.2630851500E-01  2.0066944556E-01  1.2012244554E-01
 0.5500  3.5522430229E-01 -1.2798716296E-01  2.1216713875E-01  1.2329200116E-01
 0.5625  3.6694997782E-01 -1.2969851035E-01  2.2432325099E-01  1.2659012989E-01
 0.5750  3.7938319697E-01 -1.3144430192E-01  2.3719370375E-01  1.3002553757E-01
 0.5875  3.9258574061E-01 -1.3322642307E-01  2.5084092436E-01  1.3360777431E-01
 0.6000  4.0662679268E-01 -1.3504690839E-01  2.6533480673E-01  1.3734732017E-01
 0.6125  4.2158407657E-01 -1.3690794847E-01  2.8075382452E-01  1.4125571705E-01
 0.6250  4.3754520916E-01 -1.3881190905E-01  2.9718637488E-01  1.4534576063E-01
 0.6375  4.5460933317E-01 -1.4076136605E-01  3.1473242684E-01  1.4963172988E-01
 0.6500  4.7288909597E-01 -1.4275915089E-01  3.3350552995E-01  1.5412964014E-01
 0.6625  4.9251305915E-01 -1.4480840293E-01  3.5363525993E-01  1.5885753389E-01
 0.6750  5.1362865452E-01 -1.4691263094E-01  3.7527022777E-01  1.6383581982E-01
 0.6875  5.3640583784E-01 -1.4907577896E-01  3.9858180882E-01  1.6908764354E-01
 0.7000  5.6104162394E-01 -1.5130228156E-01  4.2376875357E-01  1.7463927127E-01
 0.7125  5.8776573051E-01 -1.5359709128E-01  4.5106286873E-01  1.8052050472E-01
 0.7250  6.1684762956E-01 -1.5596567139E-01  4.8073602986E-01  1.8676519520E-01
 0.7375  6.4860541929E-01 -1.5841396557E-01  5.1310890622E-01  1.9341198818E-01
 0.7500  6.8341711477E-01 -1.6094839155E-01  5.4856198632E-01  2.0050552837E-01
 0.7625  7.2173528449E-01 -1.6357596267E-01  5.8754989101E-01  2.0809847478E-01
 0.7750  7.6410652726E-01 -1.6630470881E-01  6.3062065524E-01  2.1625473897E-01
 0.7875  8.1119820217E-01 -1.6914460808E-01  6.7844274145E-01  2.2505426790E-01
 0.8000  8.6383620833E-01 -1.7210919290E-01  7.3184408468E-01  2.3459930941E-01
 0.8125  9.2305952559E-01 -1.7521776148E-01  7.9186941270E-01  2.4502127072E-01
 0.8250  9.9019958817E-01 -1.7849760475E-01  8.5986414281E-01  2.5648597203E-01
 0.8375  1.0669950819E+00 -1.8198481387E-01  9.3759477197E-01  2.6919367122E-01
 0.8500  1.1557551291E+00 -1.8572127555E-01  1.0274163246E+00  2.8336990101E-01
 0.8625  1.2595867186E+00 -1.8974513652E-01  1.1324978876E+00  2.9924662654E-01
 0.8750  1.3827105516E+00 -1.9407399158E-01  1.2571234838E+00  3.1704530339E-01
 0.8875  1.5309211212E+00 -1.9868714549E-01  1.4071183209E+00  3.3700060280E-01
 0.9000  1.7123543156E+00 -2.0352876689E-01  1.5905680929E+00  3.5951034876E-01
 0.9125  1.9390460254E+00 -2.0857751770E-01  1.8193474169E+00  3.8555329327E-01
 0.9250  2.2306319668E+00 -2.1404525413E-01  2.1128954107E+00  4.1752277466E-01
 0.9375  2.6237405794E+00 -2.2071749861E-01  2.5079554606E+00  4.6039324039E-01
 0.9500  3.1960545997E+00 -2.3015556473E-01  3.0834620090E+00  5.2217560085E-01
 0.9625  4.1276772732E+00 -2.4349541209E-01  4.0232201842E+00  6.0976145590E-01
 0.9750  5.8624540232E+00 -2.5483094416E-01  5.7780671373E+00  7.0886942931E-01
 0.9875  9.6273233524E+00 -2.2794906926E-01  9.5820285273E+00  7.1666213960E-01
 1.0000  2.1473234540E+01 -3.5535481422E-43  2.1473234540E+01  1.3270311779E-18
